taxid,date,name
932870,12/5/2023,SRG - RAPID MOBILIZATION (PATROL) LEVEL 4
932870,11/20/2023,FTS - ANNUAL CEW RECERTIFICATION
932870,11/17/2023,SRG - RAPID MOBILIZATION (PATROL) LEVEL 4
932870,11/12/2023,SRG - RAPID MOBILIZATION (PATROL) LEVEL 4
932870,11/11/2023,SRG - RAPID MOBILIZATION (PATROL) LEVEL 4
932870,11/2/2023,SRG - RAPID MOBILIZATION (PATROL) LEVEL 4
932870,10/31/2023,SRG - RAPID MOBILIZATION (PATROL) LEVEL 4
932870,8/30/2023,NYPD JOUVERT AND WEST INDIAN DAY-2023
932870,6/9/2023,2023 EQUAL EMPLOYMENT OPPORTUNITY TRAINING-SEXUAL HARASSMENT AWARENESS AND PREVENTION
932870,6/9/2023,2023 LANGUAGE MATTERS - FOSTERING A POSITIVE WORK ENVIRONMENT
932870,6/9/2023,ESPER POLICY LIBRARY
932870,6/9/2023,"INVESTIGATIVE ENCOUNTERS 2023: MODULE 4 SQF LEVELS 2, 3 AND 4"
932870,4/19/2023,INVESTIGATIVE ENCOUNTERS FOR NYPD EXECUTIVES
932870,4/5/2023,INVESTIGATIVE ENCOUNTERS 2023: MODULE 3 SQF LEVEL 2
932870,3/8/2023,BELT-WORN TRAUMA KIT REFRESHER TRAINING VIDEO-2022
932870,3/8/2023,INVESTIGATIVE ENCOUNTERS 2023 - MODULE 1 INTRODUCTION TO SQF
932870,3/8/2023,INVESTIGATIVE ENCOUNTERS 2023: MODULE 2 SQF LEVEL 1
932870,3/8/2023,LGBTQIA PLUS AWARENESS
932870,3/8/2023,NYPD JOUVERT  WEST INDIAN DAY
932870,3/8/2023,PROCESSING CIVILIAN COMPLAINTS
932870,3/8/2023,RAISING THE LOWER AGE OF JUVENILE DELINQUENCY
932870,2/22/2023,INFORMATION SECURITY CRIMINAL JUSTICE TRAINING 2023
932870,2/13/2023,NYPD-U VOLUNTARY - INVOLUNTARY TRANSPORTS
932870,12/13/2022,VIDEO 1 - PATROLLING THE NYC SUBWAY SYSTEM 2022
932870,12/13/2022,VIDEO 2 -TACTICAL CONSIDERATIONS FOR TRANSIT PATROL 2022 (PART 1)
932870,12/13/2022,VIDEO 3 - TACTICAL CONSIDERATIONS FOR TRANSIT PATROL 2022 (PART 2)
932870,12/13/2022,VIDEO 4 - PLATFORM SAFETY 2022
932870,11/22/2022,THE EMPLOYEE ASSISTANCE UNIT (EAU) IS HERE FOR YOU
932870,8/18/2022,BEST PRACTICES IN STRUCTURED INTERVIEWING
932870,8/18/2022,VEHICLE SEIZURE FORM
932870,7/20/2022,2022 EQUAL EMPLOYMENT OPPORTUNITY TRAINING-SEXUAL HARASSMENT AWARENESS AND PREVENTION
932870,7/20/2022,CAR STOP TACTICS FOR PATROL OFFICERS - MODULE 4: THE HIGH-RISK STOP
932870,7/18/2022,"INTEGRATING COMMUNICATION, ASSESSMENT AND TACTICS (ICAT) MODULE 6"
932870,7/18/2022,"INTEGRATING COMMUNICATION, ASSESSMENT, AND TACTICS (ICAT) MODULE 7"
932870,7/5/2022,CAR STOP TACTICS FOR PATROL OFFICERS - MODULE 1: CONTROLLING THE STOP
932870,7/5/2022,CAR STOP TACTICS FOR PATROL OFFICERS - MODULE 2: PROHIBITED MANEUVERS
932870,7/5/2022,CAR STOP TACTICS FOR PATROL OFFICERS - MODULE 3: THE UNKNOWN RISK STOP
932870,7/5/2022,FTS - ANNUAL CEW RECERTIFICATION
932870,7/5/2022,NATIONAL INCIDENT-BASED REPORTING SYSTEM (NIBRS) UPDATES TO THE OMNIFORM COMPLAINT SYSTEMV
932870,7/1/2022,FTS - ANNUAL CEW RECERTIFICATION
932870,5/24/2022,PROHIBITED METHODS OF RESTRAINT
932870,4/20/2022,"INTEGRATING COMMUNICATION, ASSESSMENT AND TACTICS (ICAT) MODULE 5"
932870,4/15/2022,CLT-SEARCHING PRISONERS MODULE 1
932870,3/15/2022,"INTEGRATING COMMUNICATION, ASSESSMENT AND TACTICS (ICAT) MODULE 4"
932870,2/1/2022,ILLEGAL EVICTIONS
932870,1/24/2022,"INTEGRATING COMMUNICATION, ASSESSMENT AND TACTICS (ICAT) MODULE 3"
932870,12/30/2021,LOCAL LAW 45 OF 2021-TRAFFIC ENCOUNTERS
932870,12/8/2021,IDENTIFYING THE IMPAIRED DRIVER
932870,11/17/2021,NEIGHBORHOOD POLICING APPLICATION TRAINING VIDEO
932870,11/9/2021,OPIOID OVERDOSE RECOGNITION AND NARCAN ADMINISTRATION -2021
932870,11/8/2021,"INTEGRATING COMMUNICATION, ASSESSMENT AND TACTICS (ICAT) MODULE 2"
932870,10/26/2021,ARRESTS - RELIGIOUS HEAD COVERING GUIDELINES (PG 208-83)
932870,10/26/2021,BODY-WORN CAMERA REVIEW PART TWO
932870,10/26/2021,"INTEGRATING COMMUNICATION, ASSESSMENT AND TACTICS (ICAT) MODULE 1"
932870,9/19/2021,INFORMATION SECURITY AWARENESS TRAINING 2021
932870,9/17/2021,BODY-WORN CAMERA REVIEW PART ONE
932870,9/15/2021,CHEST SEAL DISTRIBUTION AND FAMILIARIZATION
932870,9/10/2021,MAYOR EXECUTIVE ORDER 78 VACCINATION - TESTING COMPLIANCE POLICY
932870,9/2/2021,FTS - ANNUAL CEW RECERTIFICATION
932870,8/16/2021,ACTIVE BYSTANDERSHIP FOR LAW ENFORCEMENT (ABLE): ONE DAY COURSE
932870,7/20/2021,PATROL GUIDE 215-17 POLICE ACTIONS RELATED QUESTIONING ARRESTS AND INVESTIGATIONS AT A NYC DEPARTMEN
932870,7/7/2021,"AXON BODY-WORN CAMERA TRAINING - CAMERA OPERATION, AXON VIEW AND EVIDENCE.COM (REQUIRED FOR LE4 COMM"
932870,7/7/2021,EQUAL EMPLOYMENT OPPORTUNITY TRAINING - SEXUAL HARASSMENT AWARENESS AND PREVENTION 2021
932870,7/7/2021,OVERVIEW OF THE NEW DISCOVERY LAWS 2021 REFRESHER
932870,6/18/2021,SRG - RAPID MOBILIZATION (PATROL) LEVEL 3
932870,4/19/2021,EMPLOYEE ASSISTANCE UNIT-2021
932870,4/19/2021,EQUAL EMPLOYMENT OPPORTUNITY TRAINING - LGBTQIA+ DIVERSITY AND INCLUSION / EXECUTIVE ORDER 16 OF 201
932870,4/5/2021,CAPTAINS DEVELOPMENT COURSE
932870,3/22/2021,SRG - FIELD FORCE OPERATIONS (FFO) - EXECUTIVE AWARENESS
932870,3/16/2021,CUSTOMER SERVICE PROGRAM: HOW DID WE DO
932870,3/10/2021,"CUSTOMER SERVICE PROGRAM:  ROLL CALL MODULE 1, INTRODUCTION TO PRECINCT GREETER PROGRAM"
932870,3/10/2021,"CUSTOMER SERVICE PROGRAM:  ROLL CALL MODULE 2, COMMUNICATION SKILLS"
932870,3/3/2021,DESK APPEARANCE TICKETS: THE NEW LAW AND THE NEW GUIDELINES FOR PROCESSING DAT'S - 2021 REFRESHER
932870,1/21/2021,COVID VACCINE DISTRIBUTION AND EDUCATION
932870,12/3/2020,FTS - ANNUAL CEW RECERTIFICATION
932870,12/1/2020,EQUAL EMPLOYMENT OPPORTUNITY TRAINING - LEAVE TO EXPRESS BREAST MILK
932870,11/27/2020,HEALTH AND WELLNESS SECTION - MODULE 16 - GRIEF AND COPING
932870,11/27/2020,HEALTH AND WELLNESS SECTION - MODULE 18 - YOGA MYTH BUSTING
932870,11/27/2020,HEALTH AND WELLNESS SECTION - MODULE 19 - STOP SMOKING - NYC ESCAPE PROGRAM
932870,11/27/2020,HEALTH AND WELLNESS SECTION - MODULE 20 - POPPA TESTIMONIAL VIDEO
932870,11/27/2020,HEALTH AND WELLNESS SECTION - MYPLATE APP TUTORIAL
932870,6/30/2020,NEW LAWS AFFECTING POLICE OFFICERS’ CRIMINAL AND CIVIL LIABILITY
932870,6/29/2020,"EQUAL EMPLOYMENT OPPORTUNITY TRAINING - SEXUAL HARASSMENT, AWARENESS AND PREVENTION"
932870,6/29/2020,VICTIM BLAMING AND RELEASE OF INFORMATION TO THE MEDIA
932870,6/18/2020,HEALTH AND WELLNESS SECTION - MODULE 12 - IN THAT DARK PLACE - AN OFFICER'S JOURNEY
932870,6/18/2020,HEALTH AND WELLNESS SECTION - MODULE 13 - MINDFULNESS
932870,5/25/2020,COVID-19: PREPAREDNESS YOUR FAMILY AND HOME
932870,5/25/2020,HEALTH AND WELLNESS SECTION - MODULE 1 - PSYCHOLOGICAL HEALTH AND WELLNESS
932870,5/25/2020,HEALTH AND WELLNESS SECTION - MODULE 10 - SEEKING AND RECEIVING MENTAL HEALTH SUPPORT
932870,5/25/2020,HEALTH AND WELLNESS SECTION - MODULE 11 - HEALTH AND RESILIENCY
932870,5/25/2020,HEALTH AND WELLNESS SECTION - MODULE 2 - JOB COUNSELING AND STRESS
932870,5/25/2020,HEALTH AND WELLNESS SECTION - MODULE 3 - WARNING SIGNS
932870,5/25/2020,HEALTH AND WELLNESS SECTION - MODULE 4 - CUMULATIVE TRAUMA
932870,5/25/2020,HEALTH AND WELLNESS SECTION - MODULE 5 - GAINING PERSPECTIVE
932870,5/25/2020,HEALTH AND WELLNESS SECTION - MODULE 6 - COPING WITH SIGNS OF ANXIETY DEPRESSION
932870,5/25/2020,HEALTH AND WELLNESS SECTION - MODULE 7 - LEADING WITH COMPASSION
932870,5/25/2020,"HEALTH AND WELLNESS SECTION - MODULE 8 - WARNING SIGNS, SUPPORT AND OUTREACH"
932870,5/25/2020,HEALTH AND WELLNESS SECTION - MODULE 9 - MANAGING STRESS ON THE JOB
932870,5/11/2020,COVID-19: PREPAREDENESS
932870,5/11/2020,COVID-19: PROTECTIVE MASKS
932870,4/29/2020,SAFETY CONSIDERATIONS FOR PATROLLING THE NYC SUBWAY SYSTEM -DANGERS OF THE PLATFORM EDGE
932870,3/9/2020,SRG - RAPID MOBILIZATION (CIRC)
932870,2/25/2020,UTILIZING BALLISTIC PROTECTION IN DEPARTMENT VEHICLES (4:09)
932870,2/17/2020,CRIMINAL JUSTICE BUREAU - GIGLIO MATERIAL DISCLOSURES UNDER THE NEW DISCOVERY LAWS
932870,2/10/2020,EQUAL EMPLOYMENT OPPORTUNITY IN-SERVICE TRAINING
932870,2/3/2020,EXECUTIVE HEALTH AND WELLNESS TRAINING - MODULE 10
932870,2/3/2020,EXECUTIVE HEALTH AND WELLNESS TRAINING - MODULE 7
932870,2/3/2020,EXECUTIVE HEALTH AND WELLNESS TRAINING - MODULE 8
932870,2/3/2020,EXECUTIVE HEALTH AND WELLNESS TRAINING - MODULE 9
932870,1/30/2020,EXECUTIVE HEALTH AND WELLNESS TRAINING - MODULE 6
932870,1/23/2020,EXECUTIVE HEALTH AND WELLNESS TRAINING - MODULE 4
932870,1/23/2020,EXECUTIVE HEALTH AND WELLNESS TRAINING - MODULE 5
932870,1/13/2020,EXECUTIVE HEALTH AND WELLNESS CONFERENCE - MODULE 1
932870,1/13/2020,EXECUTIVE HEALTH AND WELLNESS TRAINING - MODULE 2
932870,1/13/2020,EXECUTIVE HEALTH AND WELLNESS TRAINING - MODULE 3
932870,1/8/2020,PROCESSING DISCOVERY MATERIAL IN THE FORMS ARREST FOLDER
932870,1/6/2020,CROSSFIRE MITIGATION DURING CLOSE COMBAT INCIDENTS - PART 2
932870,12/23/2019,INCREASE OFFICER SAFETY DURING VEHICLE STOPS
932870,12/23/2019,SAFEGUARDING HOSPITALIZED PRISONERS
932870,12/23/2019,SUCCESSFULLY DISARMING AN EMOTIONALLY DISTURBED PERSON
932870,12/10/2019,ACTIVITY LOG FOR IPHONE
932870,12/6/2019,CROSSFIRE MITIGATION DURING CLOSE COMBAT INCIDENTS
932870,11/27/2019,RESPONDING TO COMMERCIAL ROBBERIES PART LL - MODULE 1 AND MODULE 2
932870,11/25/2019,CJB - DESK APPEARANCE TICKETS: THE NEW LAWS AND GUIDELINES FOR PROCESSING DATS
932870,11/25/2019,CJB - OVERVIEW OF THE NEW DISCOVERY LAWS
932870,11/12/2019,DISCHARGING YOUR FIREARM AT A MOVING THREAT
932870,10/23/2019,CRITICAL INCIDENT TACTICS - RESPONDING TO COMMERCIAL ROBBERIES (EXTENDED VERSION)
932870,10/22/2019,PRISONER ESCAPE WARNING SIGNS
932870,10/11/2019,CRIMINAL JUSTICE BUREAU - DNA TRAINING VIDEO
932870,10/8/2019,CLT-DOCUMENTATION AND FORMS
932870,10/8/2019,CLT-PROFESSIONAL DEVELOPMENT
932870,10/8/2019,FORCE POLICY UPDATE VIDEO
932870,10/1/2019,FTS - ANNUAL CEW RECERTIFICATION
932870,9/26/2019,CRITICAL DECISION MAKING MODEL
932870,9/17/2019,MARIJUANA POLICY UPDATE
932870,9/10/2019,CLT-MEMBER-EMPLOYEE WELLNESS
932870,9/4/2019,DOMESTIC VIOLENCE EDUCATION AND COUNSELING
932870,9/4/2019,SHIELD OF RESILIENCE TRAINING COURSE
932870,8/5/2019,RESPONDING TO COMMERCIAL ROBBERIES
932870,7/15/2019,CLT-PROCEDURAL OPERATIONS
932870,7/11/2019,TRANSIT BUREAU - SAFETY CONSIDERATIONS FOR PATROLLING THE NYC SUBWAY SYSTEM
932870,7/11/2019,TRANSIT BUREAU - SAFETY CONSIDERATIONS FOR PATROLLING THE NYC SUBWAY SYSTEM - PART 2
932870,7/11/2019,TRANSIT BUREAU - TIMELY RESUMPTION OF SERVICE IN NYC TRANSIT
932870,7/10/2019,BICYCLE TRAINING (3-DAY)
932870,6/24/2019,RESPONDING TO PEOPLE IN CRISIS – MODULE 4: USING DEPARTMENT MOBILE DIGITAL DEVICES
932870,6/21/2019,CLT-TACTICAL AWARENESS AND OFFICER SAFETY
932870,6/6/2019,CLT-PROCEDURAL OPERATIONS
932870,6/6/2019,WORLDPRIDE NYC 2019
932870,6/5/2019,DISCUSSION - BASED LEARNING MODULE # 1-3
932870,5/24/2019,CLT-OCCUPATIONAL-WORKPLACE SAFETY AND HEALTH
932870,5/24/2019,COLLABORATIVE POLICING - MEDIATION REFERRAL PROGRAM FOR NON-CRIMINAL COMPLAINTS
932870,5/17/2019,"CLT-UNIFORMS, PERSONAL APPEARANCE AND EQUIPMENT"
932870,5/15/2019,COUNTERTERRORISM BUREAU ACTIVE SHOOTER SCHOOL INCIDENTS AWARENESS
932870,5/15/2019,COUNTERTERRORISM BUREAU NH15 TRAINING
932870,5/15/2019,FACILITIES MANAGEMENT DIVISION - MUNICIPAL SEPERATE STORM SEWER SYSTEM (MS4)
932870,5/9/2019,FTS - SMITH AND WESSON MODEL 5946 BARREL REMEDIATION
932870,5/6/2019,CLT-ENFORCEMENT ACTIONS
932870,4/19/2019,RESPONDING TO PEOPLE IN CRISIS - MODULES 2 AND 3: ACTIVE LISTENING PARTS 1 AND 2
932870,4/17/2019,COLLABORATIVE POLICING - THE DEAF AND HARD OF HEARING COMMUNITY
932870,4/17/2019,LEGAL BUREAU - PERJURY TRAINING MODULE
932870,3/27/2019,SAFEGUARDING PRISONERS - OFFICER SAFETY GUIDELINES
932870,2/19/2019,COLLABORATIVE POLICING - ELDER ABUSE
932870,2/4/2019,"SUPPORT SERVICES DIVISION - CLASS ""C"" OPERATOR"
932870,1/15/2019,"EXECUTIVE CONFERENCE VIDEO 10-17-18: INTELLIGENT LEADERSHIP: GEORGE TENET, FORMER (DIRECTOR OF CENTR"
932870,1/15/2019,EXECUTIVE CONFERENCE VIDEO 10-17-18: LEADERSHIP ON AND OFF THE BATTLEFIELD: GENERAL JOHN R. ALLEN (P
932870,1/15/2019,EXECUTIVE CONFERENCE VIDEO 10-17-18: MAKING IT REAL-GETTING FROM HERE TO THERE TOGETHER - DR SCOTT L
932870,1/15/2019,VERTEX 949 RADIO OPERATIONAL INSTRUCTIONS
932870,1/14/2019,RESPONDING TO PEOPLE IN CRISIS - MODULE 1: SENDING THE RIGHT SIGNALS
932870,12/24/2018,EQUAL EMPLOYMENT OPPORTUNITYTRAINING - SEXUAL HARASSMENT AWARENESS AND PREVENTION
932870,12/3/2018,MARIJUANA BURNING ENFORCEMENT POLICY
932870,10/31/2018,AMERICANS WITH DISABILITIES ACT (ADA)
932870,10/17/2018,FTS - ANNUAL CEW RECERTIFICATION
932870,10/16/2018,RESPONDING TO PEOPLE IN CRISIS-INTRODUCTION TO CIT VIDEO SERIES
932870,10/4/2018,AIM COMPONENTS 2.0
932870,10/4/2018,AIM REGISTRATION AND SYNCHRONIZATION 2.0
932870,10/4/2018,COBALT
932870,10/4/2018,DAS PATTERN MODE
932870,10/4/2018,DETECTIVE BUREAU RETRIEVING BODY WORN CAMERA DATA
932870,10/4/2018,IPHONE AND DAS MOBILE OPERATION
932870,10/4/2018,MOBILE IDENTIFICATION DEVICE (MORPHO)
932870,10/4/2018,STOP REPORT
932870,9/26/2018,NYC RIGHT TO KNOW ACT LEGISLATION - PART 2
932870,9/26/2018,NYC RIGHT TO KNOW ACT LEGISLATION – PART 1
932870,9/7/2018,CLT-ENFORCEMENT ACTIONS
932870,9/7/2018,CLT-LEGAL ISSUES
932870,9/7/2018,RAISE THE AGE
932870,9/5/2018,CLT-PROCEDURAL OPERATIONS
932870,8/30/2018,CLT-LEGAL ISSUES
932870,8/23/2018,CLT-INFORMATION TECHNOLOGY
932870,8/8/2018,CPS BODY-WORN CAMERA TRAINING WITH SCENARIOS
932870,7/25/2018,"CLT-UNIFORMS, PERSONAL APPEARANCE AND EQUIPMENT"
932870,7/11/2018,CLT-SPECIAL POPULATIONS
932870,6/27/2018,BTK (BELT TRAUMA KIT DISTRIBUTION AND FAMILIARIZATION)
932870,6/27/2018,CLT-PROCEDURAL OPERATIONS
932870,6/13/2018,FTS - CEW X26P HOLSTER TRAINING AND DISTRIBUTION
932870,5/20/2018,COLLABORATIVE POLICING- ACCESSING TELEPHONIC INTERPRETERS VIA LANGUAGE LINE
932870,5/20/2018,COLLABORATIVE POLICING- HUMAN TRAFFICKING
932870,5/20/2018,COLLABORATIVE POLICING- POLICING IN TODAY’S MULTI-FAITH NY
932870,5/20/2018,COUNTERTERRORISM BUREAU FACILITY AWARENESS VIDEO- NAVY OPERATIONAL SUPPORT CENTER
932870,5/20/2018,"COUNTERTERRORISM BUREAU FACILITY AWARENESS- THE INTREPID SEA, AIR AND SPACE MUSEUM"
932870,5/20/2018,CRIMINAL JUSTICE REFORM ACT ROLL CALL TRAINING PART 1
932870,5/20/2018,DOMAIN AWARNESS SYSTEM (DAS)
932870,5/20/2018,NEW NYPD PORTAL
932870,5/20/2018,NEW YEAR'S EVE TACTICAL AWARENESS
932870,5/20/2018,POLICE COMMISSIONER MESSAGE- NYC GIVES
932870,5/20/2018,TACTICAL AWARENESS-SMARTPHONE SAFETY
932870,5/18/2018,COMMUNICATIONS- THE PROPER USAGE OF THE IDA RADIO CODES
932870,5/18/2018,NARCAN NASAL SPRAY TRAINING
932870,5/18/2018,NEW PERFORMANCE EVALUATION PROCESS
932870,4/12/2018,LEGAL BUREAU PERFORMANCE METRICS - PROHIBITED CONDUCT
932870,3/9/2018,CLT-PROCEDURAL OPERATIONS
932870,3/1/2018,CLT-PROCEDURAL OPERATIONS
932870,2/28/2018,CPS FAIR AND IMPARTIAL POLICING - ALL POS AND DETS
932870,2/2/2018,COLLABORATIVE POLICING- FOREIGN LANGUAGE CERTIFICATION VIDEO
932870,1/24/2018,COUNTER TERRORISM INITIAL PATROL RESPONSE TO AN ACTIVE SHOOTER
932870,1/18/2018,CLT-EQUAL EMPLOYMENT OPPORTUNITY
932870,11/30/2017,NARCAN NASAL SPRAY TRAINING
932870,11/16/2017,COUNTERTERRORISM BUREAU FACILITY AWARENESS VIDEO-EMPIRE STATE BUILDING
932870,11/16/2017,PATROL- POLYCARBONATE SHIELD
932870,11/1/2017,FTS - ANNUAL CEW RECERTIFICATION
932870,10/11/2017,2017-2019 IN-SERVICE CYCLE-INVESTIGATIVE ENCOUNTERS-SUPERVISOR TRAINING WITHOUT SCENARIOS
932870,10/10/2017,COLLABORATIVE POLICING- ACCESSING TELEPHONIC INTERPRETERS VIA LANGUAGE LINE
932870,10/5/2017,COUNTERTERRORISM BUREAU FACILITY AWARENESS VIDEO- TIME WARNER BUILDING
932870,10/5/2017,CRIMINAL JUSTICE REFORM ACT ROLL CALL TRAINING PART 2
932870,10/5/2017,POLICE COMMISSIONERS MESSAGE - VICTIMS OF SEXUAL ASSAULT VIDEO
932870,9/21/2017,CRISIS INTERVENTION TEAM TRAINING
932870,9/15/2017,PATROL- POLYCARBONATE SHIELD
932870,8/5/2017,PERSONNEL BUREAU NYPD EMPLOYEE ASSISTANCE UNIT (EAU)
932870,8/3/2017,"CPS INTERIOR PATROL OF HOUSING AUTHORITY BUILDINGS, PG 212-60 ROLL CALL VIDEO 1"
932870,8/3/2017,"CPS INTERIOR PATROL OF HOUSING AUTHORITY BUILDINGS, PG 212-60 ROLL CALL VIDEO 2"
932870,6/21/2017,CPS INTERIOR PATROL TRESPASS AFFIDAVIT PROGRAM (TAP) VIDEO 1
932870,6/21/2017,CPS INTERIOR PATROL TRESPASS AFFIDAVIT PROGRAM (TAP) VIDEO 2
932870,6/19/2017,"CPS INTERIOR PATROL OF HOUSING AUTHORITY BUILDINGS, PG 212-60 ROLL CALL VIDEO 1"
932870,6/19/2017,"CPS INTERIOR PATROL OF HOUSING AUTHORITY BUILDINGS, PG 212-60 ROLL CALL VIDEO 2"
932870,6/19/2017,CPS INTERIOR PATROL TRESPASS AFFIDAVIT PROGRAM (TAP) VIDEO 1
932870,6/19/2017,CPS INTERIOR PATROL TRESPASS AFFIDAVIT PROGRAM (TAP) VIDEO 2
932870,6/19/2017,HATE CRIMES AND BIAS-RELATED INCIDENTS
932870,6/1/2017,CRIME CONTROL STRATEGIES- COMMUNITY SUPERVISION
932870,6/1/2017,DEATH BY POWERPOINT
932870,6/1/2017,LOCATING APPLE DEVICES USING YOUR DEPARTMENT SMARTPHONE
932870,6/1/2017,TACTICAL AWARENESS OF EXCITED DELIRIUM SYNDROME
932870,6/1/2017,TACTICAL AWARENESS- BALLISTIC VEST
932870,5/24/2017,CRIMINAL JUSTICE REFORM ACT ROLL CALL TRAINING PART 1
932870,5/24/2017,CRIMINAL JUSTICE REFORM ACT ROLL CALL TRAINING PART 2
932870,4/5/2017,NEIGHBORHOOD COORDINATION OFFICER TRAINING - LIEUTENANTS
932870,2/28/2017,EQUAL EMPLOYMENT OPPORTUNITY TRANSGENDER DIVERSITY AND INCLUSION:EXECUTIVE ORDER 16
932870,2/28/2017,INFORMATION SECURITY AWARENESS TRAINING
932870,12/16/2016,LIEUTENANTS DEVELOPMENT COURSE
932870,12/13/2016,LIEUTENANT ADVANCED LEADERSHIP COMPUTER COURSE
932870,12/2/2016,FUNCTIONAL EXERCISE
932870,11/29/2016,FTS - CEW END USER CERT
932870,11/28/2016,FTS - CEW END USER CERT
932870,11/23/2016,EQUAL EMPLOYMENT OPPORTUNITY TRAINING FOR UNIFORM SUPERVISORS
932870,11/1/2016,BELT TRAUMA KIT VIDEO
932870,11/1/2016,DAS OVERLAPPING LAYERS TUTORIAL
932870,11/1/2016,PUBLIC CONTACT AND CONSENT TO SEARCH (RIGHT TO KNOW) - UNIT TRAINING AUGUST 2016
932870,11/1/2016,X26P TRANSITION COURSE FOR CURRENT X26 END-USER TRAINING
932870,8/9/2016,COUNTERTERRORISM ACTIVE SHOOTER TRAINING
932870,8/9/2016,DAS MESSAGING
932870,8/9/2016,DOMAIN AWARENESS SYSTEM - SEARCH ACCURINT RESULTS
932870,8/9/2016,FAQ: HOW TO SYNC YOUR DEPARTMENT SMARTPHONE
932870,8/9/2016,FAQ: PINTOOL FOR ICO'S
932870,8/9/2016,FORMS - AIDED AND MV104 (POLICE ACCIDENT REPORT)
932870,8/9/2016,"FORMS - THREAT,RESISTANCE,INJURY (TRI)"
932870,8/9/2016,HOW TO ENTER DOMESTIC INCIDENT REPORTS IN TO FORMS
932870,8/9/2016,NYPD MOBILITY INITIATIVE - DEPARTMENT SMARTPHONE TRAINING
932870,8/9/2016,SEND TO DESKTOP
932870,8/9/2016,WARRANT CHECK IN DOMAIN AWARENESS SYSTEM (DAS LITE)
932870,8/3/2016,COUNTERTERRORISM U.A.S. (UNMANNED AIRCRAFT SYSTEMS) DRONE AWARENESS
932870,8/3/2016,FORCE POLICY REVISION-VIDEO-PG 221-UNIT TRAINING MAY 2016
932870,8/3/2016,INVESTIGATIVE ENCOUNTERS-VIDEO #1 REQUEST FOR INFO-UNIT TRAINING FEB 2016
932870,8/3/2016,INVESTIGATIVE ENCOUNTERS-VIDEO #2 COMMON LAW RIGHT OF INQUIRY-UNIT TRAINING MAY 2016
932870,8/3/2016,INVESTIGATIVE ENCOUNTERS-VIDEO #3 TERRY STOPS AND REASONABLE SUSPICION-UNIT TRAINING JUNE 2016
932870,8/3/2016,INVESTIGATIVE ENCOUNTERS-VIDEO #4 DOCUMENTATION AND SUPERVISION-UNIT TRAINING JULY 2016
932870,8/3/2016,TRAINING MATERIALS- CLOSING THE GAP ON VEHICLE INTELLIGENCE
932870,8/3/2016,TRAINING MATERIALS- PAWNSHOP AND 2ND HAND DEALER DATABASE
932870,8/3/2016,TRAINING MATERIALS- THE RECIDIVIST TRACKING AND REPORTING DATABASE (RTRD)
932870,8/3/2016,TRAINING MATERIALS- VIRTUAL CRIME INFORMATION CENTER
932870,7/26/2016,FTS - ANNUAL CEW RECERTIFICATION
932870,7/20/2016,SHAREPOINT PORTAL 2.0
932870,3/25/2016,2016-17 INSERVICE CYCLE-PHYSICAL TACTICS
932870,3/25/2016,BASIC LEADERSHIP COURSE
932870,3/9/2016,WINDOWS PHONE TRAINING AND DISTRIBUTION
932870,3/8/2016,INVESTIGATIVE ENCOUNTERS-VIDEO #1 REQUEST FOR INFO-UNIT TRAINING FEB 2016
932870,12/9/2015,FORCE POLICY REVISION-PAMPHLET - PG 221 - UNIT TRAINING DECEMBER 2015
932870,11/20/2015,COMMAND LEVEL TRAINING
932870,11/9/2015,EMERGENCY VEHICLE OPERATION JULY 03 - JUNE 07
932870,11/9/2015,FIELD TRAINING PROGRAM JULY 03 - JUNE 07
932870,11/9/2015,PHYSICAL EDUCATION PART 1: FOUNDATIONS OF PHYSICAL FITNESS
932870,11/9/2015,PHYSICAL EDUCATION PART 2: DEFENSIVE TACTICS
932870,11/9/2015,PHYSICAL EDUCATION PART 3: AMERICAN HEART ASSOCIATION BASIC LIFE SUPPORT
932870,11/9/2015,POLICE CRISIS INTERVENTION JULY 03 - JUNE 07
932870,11/9/2015,POLICE FIELD PROBLEMS JULY 03 - JUNE 07
932870,11/9/2015,POLICE INVESTIGATION AND REPORTING JULY 03 - JUNE 07
932870,11/9/2015,POLICING A DEMOCRACY JULY 03 - JUNE 07
932870,11/9/2015,POLICING SPECIAL POPULATIONS JULY 03 - JUNE 07
932870,11/9/2015,PROCEDURAL LAW JULY 03 - JUNE 07
932870,11/9/2015,SUBSTANTIVE LAW JULY 03 - JUNE 07
932870,11/9/2015,TERRORISM AWARENESS AND RESPONSE JULY 03 - JUNE 07
932870,4/21/2015,20K TRAINING INITIATIVE - PHYSICAL TACTICS
932870,4/9/2015,20K TRAINING INITIATIVE - SMART POLICING
932870,3/31/2015,20K TRAINING INITIATIVE - FOUNDATIONS OF POLICING
932870,1/23/2014,DISORDER CONTROL TRAINING
932870,4/16/2013,HIGHWAY PRELIMINARY BREATH TEST INSTRUMENT TRAINING - PBT
932870,4/2/2013,I/NETDISPATCHER
932870,3/7/2013,CABARET/CLUB ENFORCEMENT TRAINING
932870,6/15/2012,ARREST INTEGRITY WORKSHOP
932870,6/7/2012,LESS LETHAL TRAINING (X26 TASER)
932870,4/19/2012,PSB MARIJUANA FIELD TESTING
932870,11/14/2011,DISORDER CONTROL TRAINING
932870,10/27/2011,PROPERTY EVIDENCE TRACKING SYSTEM
932870,7/23/2009,CABARET/CLUB ENFORCEMENT TRAINING
932870,9/12/2008,LESS LETHAL TRAINING (M26 AIR TASER)
932870,8/2/2005,COBRA - COHORT TRAINING
932870,,COLLISION REFRESHER (2 DAY)
932870,,COLLISION RETRAINING
932870,,RECRUIT RMP QUALIFICATION / RMP OPERATOR QUALIFIED
956031,5/7/2024,2024 EQUAL EMPLOYMENT OPPORTUNITY TRAINING - SEXUAL HARASSMENT AWARENESS AND PREVENTION
956031,5/7/2024,DRIVE SMART 2024
956031,5/7/2024,POLICING THE SUBWAY 2024
956031,5/2/2024,ASSISTING SURVIVORS OF SEXUAL BASED VIOLENCE WITH ACCESS TO RESOURCES
956031,5/2/2024,HOUSING BUREAU INTERIOR PATROL TACTICS
956031,3/14/2024,2024 VEHICLE SEIZURE FORM REFRESHER
956031,3/13/2024,NYCHA INTERIOR PATROL: SQF MODULE 7
956031,3/10/2024,EMPLOYEE ASSISTANCE UNIT (E.A.U.) IS HERE FOR YOU- 2024
956031,1/24/2024,AUTISM SPECTRUM DISORDER
956031,1/11/2024,AIM COMPONENTS
956031,1/11/2024,AIM COMPONENTS 2.0
956031,1/11/2024,AIM REGISTRATION AND SYNCHRONIZATION 2.0
956031,1/11/2024,CITYTIME USER TRAINING FOR MANAGERIAL CIVIL SERVICE TITLES
956031,1/11/2024,REGISTRATION OF AIM
956031,1/10/2024,SRG - RAPID MOBILIZATION (PATROL) LEVEL 4
956031,1/7/2024,SRG - RAPID MOBILIZATION (PATROL) LEVEL 4
956031,12/28/2023,AXON CASES 2.0
956031,12/28/2023,COUNTERTERRORISM BUREAU ACTIVE SHOOTER SCHOOL INCIDENTS AWARENESS
956031,12/28/2023,COVID-19 SELF-COLLECTION KIT INSTRUCTIONS
956031,12/28/2023,"EXECUTIVE CONFERENCE VIDEO 10-17-18: DISCUSSION WITH INDRA NOOYI, CHAIRMAN OF PEPSI CO"
956031,12/28/2023,INCREASE OFFICER SAFETY DURING VEHICLE STOPS
956031,12/28/2023,PRISONER ESCAPE WARNING SIGNS
956031,12/28/2023,SAFEGUARDING HOSPITALIZED PRISONERS
956031,12/28/2023,SUCCESSFULLY DISARMING AN EMOTIONALLY DISTURBED PERSON
956031,12/28/2023,VIPER CCTV TRAINING COURSE
956031,12/27/2023,LGBTQIA PLUS - DIVERSITY AND INCLUSION
956031,12/27/2023,OPIOID DANGERS- FENTANYL AND CARFENTANIL
956031,12/27/2023,"POSSESSION OR INGESTION OF ANABOLIC STEROIDS, HUMAN GROWTH HORMONE, AND NUTRITIONAL SUPPLEMENTS"
956031,12/25/2023,SRG - RAPID MOBILIZATION (PATROL) LEVEL 4
956031,12/20/2023,CITYTIME TRAINING FOR SUPERVISORS
956031,12/19/2023,INVESTIGATIVE ENCOUNTERS SUMMARY: SQF MODULE 6
956031,12/5/2023,AUGMENTED REALITY FEATURE
956031,11/15/2023,INVESTIGATIVE ENCOUNTERS 2023: MODULE 5 SQF LEVELS 3 AND 4
956031,11/14/2023,ELDER ABUSE -2023 REFRESHER
956031,11/2/2023,SRG - RAPID MOBILIZATION (PATROL) LEVEL 4
956031,10/25/2023,SRG - RAPID MOBILIZATION
956031,10/17/2023,NYPD RECRUITMENT TRAINING VIDEO
956031,10/17/2023,VEHICLE MOUNTED VIDEO SYSTEM
956031,10/4/2023,INFORMATION SECURITY AWARENESS TRAINING - 2023
956031,9/26/2023,EFFECTIVE COMMUNICATION SKILLS - DEAF OR HARD OF HEARING
956031,9/26/2023,NYPD JOUVERT AND WEST INDIAN DAY-2023
956031,9/26/2023,TRAFFIC COURT TESTIMONY VIDEO
956031,9/26/2023,UNMANNED AIRCRAFT PERMIT: DRONES FOR PUBLIC USE
956031,8/15/2023,2023 SUMMER ALL-OUT BODY WORN CAMERA TRAINING
956031,6/12/2023,"INVESTIGATIVE ENCOUNTERS 2023: MODULE 4 SQF LEVELS 2, 3 AND 4"
956031,5/1/2023,2023 EQUAL EMPLOYMENT OPPORTUNITY TRAINING-SEXUAL HARASSMENT AWARENESS AND PREVENTION
956031,5/1/2023,2023 LANGUAGE MATTERS - FOSTERING A POSITIVE WORK ENVIRONMENT
956031,3/27/2023,ESPER POLICY LIBRARY
956031,3/27/2023,INVESTIGATIVE ENCOUNTERS 2023: MODULE 3 SQF LEVEL 2
956031,2/28/2023,NYPD-U VOLUNTARY - INVOLUNTARY TRANSPORTS
956031,2/28/2023,RAISING THE LOWER AGE OF JUVENILE DELINQUENCY
956031,2/22/2023,INFORMATION SECURITY CRIMINAL JUSTICE TRAINING 2023
956031,1/17/2023,INVESTIGATIVE ENCOUNTERS 2023: MODULE 2 SQF LEVEL 1
956031,1/3/2023,INVESTIGATIVE ENCOUNTERS 2023 - MODULE 1 INTRODUCTION TO SQF
956031,12/6/2022,VIDEO 1 - PATROLLING THE NYC SUBWAY SYSTEM 2022
956031,12/6/2022,VIDEO 2 -TACTICAL CONSIDERATIONS FOR TRANSIT PATROL 2022 (PART 1)
956031,12/6/2022,VIDEO 3 - TACTICAL CONSIDERATIONS FOR TRANSIT PATROL 2022 (PART 2)
956031,12/6/2022,VIDEO 4 - PLATFORM SAFETY 2022
956031,11/3/2022,LGBTQIA PLUS AWARENESS
956031,10/12/2022,PROCESSING CIVILIAN COMPLAINTS
956031,10/5/2022,BELT-WORN TRAUMA KIT REFRESHER TRAINING VIDEO-2022
956031,10/5/2022,THE EMPLOYEE ASSISTANCE UNIT (EAU) IS HERE FOR YOU
956031,8/30/2022,NYPD JOUVERT  WEST INDIAN DAY
956031,7/26/2022,"INTEGRATING COMMUNICATION, ASSESSMENT, AND TACTICS (ICAT) MODULE 7"
956031,7/25/2022,BEST PRACTICES IN STRUCTURED INTERVIEWING
956031,7/25/2022,CAR STOP TACTICS FOR PATROL OFFICERS - MODULE 3: THE UNKNOWN RISK STOP
956031,7/25/2022,CAR STOP TACTICS FOR PATROL OFFICERS - MODULE 4: THE HIGH-RISK STOP
956031,7/25/2022,CONVICTED OFFENDER DNA DATABANK SPECIMEN COLLECTION KIT
956031,7/25/2022,NATIONAL INCIDENT-BASED REPORTING SYSTEM (NIBRS) UPDATES TO THE OMNIFORM COMPLAINT SYSTEMV
956031,7/25/2022,PROHIBITED METHODS OF RESTRAINT
956031,7/25/2022,VEHICLE SEIZURE FORM
956031,7/6/2022,2022 EQUAL EMPLOYMENT OPPORTUNITY TRAINING-SEXUAL HARASSMENT AWARENESS AND PREVENTION
956031,7/6/2022,CAR STOP TACTICS FOR PATROL OFFICERS - MODULE 1: CONTROLLING THE STOP
956031,7/6/2022,CAR STOP TACTICS FOR PATROL OFFICERS - MODULE 2: PROHIBITED MANEUVERS
956031,7/6/2022,"INTEGRATING COMMUNICATION, ASSESSMENT AND TACTICS (ICAT) MODULE 6"
956031,5/10/2022,"INTEGRATING COMMUNICATION, ASSESSMENT AND TACTICS (ICAT) MODULE 5"
956031,3/15/2022,"INTEGRATING COMMUNICATION, ASSESSMENT AND TACTICS (ICAT) MODULE 4"
956031,2/15/2022,ARRESTS - RELIGIOUS HEAD COVERING GUIDELINES (PG 208-83)
956031,2/15/2022,BODY-WORN CAMERA REVIEW PART ONE
956031,2/15/2022,BODY-WORN CAMERA REVIEW PART TWO
956031,2/15/2022,IDENTIFYING THE IMPAIRED DRIVER
956031,1/26/2022,ILLEGAL EVICTIONS
956031,1/26/2022,LOCAL LAW 45 OF 2021-TRAFFIC ENCOUNTERS
956031,1/14/2022,"INTEGRATING COMMUNICATION, ASSESSMENT AND TACTICS (ICAT) MODULE 2"
956031,1/14/2022,"INTEGRATING COMMUNICATION, ASSESSMENT AND TACTICS (ICAT) MODULE 3"
956031,10/14/2021,"INTEGRATING COMMUNICATION, ASSESSMENT AND TACTICS (ICAT) MODULE 1"
956031,10/5/2021,ACTIVE BYSTANDERSHIP FOR LAW ENFORCEMENT (ABLE): ONE DAY COURSE
956031,9/15/2021,COVID VACCINE DISTRIBUTION AND EDUCATION
956031,9/15/2021,INFORMATION SECURITY AWARENESS TRAINING 2021
956031,9/15/2021,MAYOR EXECUTIVE ORDER 78 VACCINATION - TESTING COMPLIANCE POLICY
956031,9/15/2021,OPIOID OVERDOSE RECOGNITION AND NARCAN ADMINISTRATION -2021
956031,7/8/2021,EQUAL EMPLOYMENT OPPORTUNITY TRAINING - SEXUAL HARASSMENT AWARENESS AND PREVENTION 2021
956031,6/2/2021,OVERVIEW OF THE NEW DISCOVERY LAWS 2021 REFRESHER
956031,5/14/2021,PATROL GUIDE 215-17 POLICE ACTIONS RELATED QUESTIONING ARRESTS AND INVESTIGATIONS AT A NYC DEPARTMEN
956031,4/20/2021,EMPLOYEE ASSISTANCE UNIT-2021
956031,4/20/2021,EQUAL EMPLOYMENT OPPORTUNITY TRAINING - LGBTQIA+ DIVERSITY AND INCLUSION / EXECUTIVE ORDER 16 OF 201
956031,4/12/2021,FTS - ANNUAL CEW RECERTIFICATION
956031,3/14/2021,DESK APPEARANCE TICKETS: THE NEW LAW AND THE NEW GUIDELINES FOR PROCESSING DAT'S - 2021 REFRESHER
956031,3/14/2021,DETECTIVE BUREAU RETRIEVING BODY WORN CAMERA DATA
956031,3/1/2021,DIGNITARY PROTECTION COURSE
956031,12/1/2020,EQUAL EMPLOYMENT OPPORTUNITY TRAINING - LEAVE TO EXPRESS BREAST MILK
956031,9/9/2020,"EQUAL EMPLOYMENT OPPORTUNITY TRAINING - SEXUAL HARASSMENT, AWARENESS AND PREVENTION"
956031,9/9/2020,VICTIM BLAMING AND RELEASE OF INFORMATION TO THE MEDIA
956031,6/30/2020,HEALTH AND WELLNESS SECTION - MODULE 12 - IN THAT DARK PLACE - AN OFFICER'S JOURNEY
956031,6/30/2020,NEW LAWS AFFECTING POLICE OFFICERS’ CRIMINAL AND CIVIL LIABILITY
956031,5/26/2020,COVID-19: PREPAREDNESS YOUR FAMILY AND HOME
956031,5/26/2020,HEALTH AND WELLNESS SECTION - MODULE 1 - PSYCHOLOGICAL HEALTH AND WELLNESS
956031,5/26/2020,HEALTH AND WELLNESS SECTION - MODULE 10 - SEEKING AND RECEIVING MENTAL HEALTH SUPPORT
956031,5/26/2020,HEALTH AND WELLNESS SECTION - MODULE 11 - HEALTH AND RESILIENCY
956031,5/26/2020,HEALTH AND WELLNESS SECTION - MODULE 2 - JOB COUNSELING AND STRESS
956031,5/26/2020,HEALTH AND WELLNESS SECTION - MODULE 3 - WARNING SIGNS
956031,5/26/2020,HEALTH AND WELLNESS SECTION - MODULE 4 - CUMULATIVE TRAUMA
956031,5/26/2020,HEALTH AND WELLNESS SECTION - MODULE 5 - GAINING PERSPECTIVE
956031,5/26/2020,HEALTH AND WELLNESS SECTION - MODULE 6 - COPING WITH SIGNS OF ANXIETY DEPRESSION
956031,5/26/2020,HEALTH AND WELLNESS SECTION - MODULE 7 - LEADING WITH COMPASSION
956031,5/26/2020,"HEALTH AND WELLNESS SECTION - MODULE 8 - WARNING SIGNS, SUPPORT AND OUTREACH"
956031,5/26/2020,HEALTH AND WELLNESS SECTION - MODULE 9 - MANAGING STRESS ON THE JOB
956031,5/13/2020,COVID-19: PREPAREDENESS
956031,5/13/2020,COVID-19: PROTECTIVE MASKS
956031,5/13/2020,CRIMINAL JUSTICE BUREAU - GIGLIO MATERIAL DISCLOSURES UNDER THE NEW DISCOVERY LAWS
956031,5/13/2020,SAFETY CONSIDERATIONS FOR PATROLLING THE NYC SUBWAY SYSTEM -DANGERS OF THE PLATFORM EDGE
956031,5/13/2020,UTILIZING BALLISTIC PROTECTION IN DEPARTMENT VEHICLES (4:09)
956031,2/6/2020,2017-2019 IN-SERVICE CYCLE-INVESTIGATIVE ENCOUNTERS- BASIC TRAINING WITH SCENARIOS
956031,1/12/2020,PROCESSING DISCOVERY MATERIAL IN THE FORMS ARREST FOLDER
956031,1/7/2020,CJB - OVERVIEW OF THE NEW DISCOVERY LAWS
956031,1/7/2020,CROSSFIRE MITIGATION DURING CLOSE COMBAT INCIDENTS - PART 2
956031,1/6/2020,CJB - DESK APPEARANCE TICKETS: THE NEW LAWS AND GUIDELINES FOR PROCESSING DATS
956031,12/19/2019,ACTIVITY LOG FOR IPHONE
956031,12/19/2019,CROSSFIRE MITIGATION DURING CLOSE COMBAT INCIDENTS
956031,12/19/2019,RESPONDING TO COMMERCIAL ROBBERIES PART LL - MODULE 1 AND MODULE 2
956031,11/21/2019,DISCHARGING YOUR FIREARM AT A MOVING THREAT
956031,10/15/2019,CPS FAIR AND IMPARTIAL POLICING - ALL POS AND DETS
956031,10/14/2019,CRIMINAL JUSTICE BUREAU - DNA TRAINING VIDEO
956031,10/14/2019,FORCE POLICY UPDATE VIDEO
956031,10/11/2019,SHIELD OF RESILIENCE TRAINING COURSE
956031,10/4/2019,EXECUTIVE HEALTH AND WELLNESS CONFERENCE - MODULE 1
956031,10/3/2019,CRITICAL DECISION MAKING MODEL
956031,10/3/2019,MARIJUANA POLICY UPDATE
956031,9/15/2019,DOMESTIC VIOLENCE EDUCATION AND COUNSELING
956031,9/15/2019,SHIELD OF RESILIENCE TRAINING COURSE
956031,8/27/2019,FTS - ANNUAL CEW RECERTIFICATION
956031,8/9/2019,RESPONDING TO COMMERCIAL ROBBERIES
956031,8/9/2019,TRANSIT BUREAU - SAFETY CONSIDERATIONS FOR PATROLLING THE NYC SUBWAY SYSTEM
956031,8/9/2019,TRANSIT BUREAU - SAFETY CONSIDERATIONS FOR PATROLLING THE NYC SUBWAY SYSTEM - PART 2
956031,8/9/2019,TRANSIT BUREAU - TIMELY RESUMPTION OF SERVICE IN NYC TRANSIT
956031,7/18/2019,FTS - BALLISTIC VEST REPLACEMENT - DISTRIBUTION - PRE AUGUST 2020
956031,6/28/2019,RESPONDING TO PEOPLE IN CRISIS – MODULE 4: USING DEPARTMENT MOBILE DIGITAL DEVICES
956031,6/28/2019,WORLDPRIDE NYC 2019
956031,6/4/2019,COLLABORATIVE POLICING - MEDIATION REFERRAL PROGRAM FOR NON-CRIMINAL COMPLAINTS
956031,6/4/2019,COLLABORATIVE POLICING - THE DEAF AND HARD OF HEARING COMMUNITY
956031,5/17/2019,FTS - BALLISTIC VEST REPLACEMENT - MEASUREMENT - PRE AUG 2020
956031,5/13/2019,RESPONDING TO PEOPLE IN CRISIS - MODULES 2 AND 3: ACTIVE LISTENING PARTS 1 AND 2
956031,4/19/2019,CLT-EQUAL EMPLOYMENT OPPORTUNITY
956031,4/11/2019,CLT-INFORMATION TECHNOLOGY
956031,4/6/2019,COLLABORATIVE POLICING - ELDER ABUSE
956031,4/6/2019,LEGAL BUREAU - PERJURY TRAINING MODULE
956031,4/6/2019,SAFEGUARDING PRISONERS - OFFICER SAFETY GUIDELINES
956031,2/12/2019,CLT-TACTICAL AWARENESS AND OFFICER SAFETY
956031,2/12/2019,EQUAL EMPLOYMENT OPPORTUNITYTRAINING - SEXUAL HARASSMENT AWARENESS AND PREVENTION
956031,2/12/2019,RESPONDING TO PEOPLE IN CRISIS - MODULE 1: SENDING THE RIGHT SIGNALS
956031,2/12/2019,"SUPPORT SERVICES DIVISION - CLASS ""C"" OPERATOR"
956031,1/31/2019,INTERNAL INVESTIGATORS COURSE
956031,1/17/2019,CLT-PROCEDURAL OPERATIONS
956031,1/8/2019,CLT-PROCEDURAL OPERATIONS
956031,12/18/2018,MARIJUANA BURNING ENFORCEMENT POLICY
956031,11/2/2018,AMERICANS WITH DISABILITIES ACT (ADA)
956031,11/2/2018,NYC RIGHT TO KNOW ACT LEGISLATION - PART 2
956031,11/2/2018,NYC RIGHT TO KNOW ACT LEGISLATION – PART 1
956031,11/2/2018,RESPONDING TO PEOPLE IN CRISIS-INTRODUCTION TO CIT VIDEO SERIES
956031,9/27/2018,BTK (BELT TRAUMA KIT DISTRIBUTION AND FAMILIARIZATION)
956031,9/7/2018,RAISE THE AGE
956031,7/26/2018,COMMAND CENTER TRAINING COURSE
956031,5/14/2018,COMMUNICATIONS- THE PROPER USAGE OF THE IDA RADIO CODES
956031,5/2/2018,COBALT
956031,5/2/2018,COLLABORATIVE POLICING- HUMAN TRAFFICKING
956031,5/2/2018,FAQ: HOW TO SYNC YOUR DEPARTMENT SMARTPHONE
956031,5/2/2018,FORCE POLICY REVISION-VIDEO-PG 221-UNIT TRAINING MAY 2016
956031,5/2/2018,FORMS - AIDED AND MV104 (POLICE ACCIDENT REPORT)
956031,5/2/2018,"FORMS - THREAT,RESISTANCE,INJURY (TRI)"
956031,5/2/2018,FORMS MEDICAL TREATMENT OF PRISONER TRAINING
956031,5/2/2018,HOW TO ENTER DOMESTIC INCIDENT REPORTS IN TO FORMS
956031,5/2/2018,INFORMATION SECURITY AWARENESS TRAINING
956031,5/2/2018,INVESTIGATIVE ENCOUNTERS-VIDEO #1 REQUEST FOR INFO-UNIT TRAINING FEB 2016
956031,5/2/2018,INVESTIGATIVE ENCOUNTERS-VIDEO #2 COMMON LAW RIGHT OF INQUIRY-UNIT TRAINING MAY 2016
956031,5/2/2018,INVESTIGATIVE ENCOUNTERS-VIDEO #3 TERRY STOPS AND REASONABLE SUSPICION-UNIT TRAINING JUNE 2016
956031,5/2/2018,INVESTIGATIVE ENCOUNTERS-VIDEO #4 DOCUMENTATION AND SUPERVISION-UNIT TRAINING JULY 2016
956031,5/2/2018,PUBLIC CONTACT AND CONSENT TO SEARCH (RIGHT TO KNOW) - UNIT TRAINING AUGUST 2016
956031,5/2/2018,STOP REPORT
956031,5/2/2018,WARRANT CHECK IN DOMAIN AWARENESS SYSTEM (DAS LITE)
956031,5/2/2018,X26P TRANSITION COURSE FOR CURRENT X26 END-USER TRAINING
956031,2/19/2018,"COUNTERTERRORISM BUREAU FACILITY AWARENESS- THE INTREPID SEA, AIR AND SPACE MUSEUM"
956031,2/19/2018,FORMS SUMMONS
956031,2/19/2018,IPHONE AND DAS MOBILE OPERATION
956031,2/19/2018,LEGAL BUREAU PERFORMANCE METRICS - PROHIBITED CONDUCT
956031,2/19/2018,MOBILE IDENTIFICATION DEVICE (MORPHO)
956031,2/19/2018,NEW NYPD PORTAL
956031,2/19/2018,NEW PERFORMANCE EVALUATION PROCESS
956031,2/19/2018,TACTICAL AWARENESS-SMARTPHONE SAFETY
956031,1/4/2018,COLLABORATIVE POLICING- POLICING IN TODAY’S MULTI-FAITH NY
956031,1/4/2018,DAS MESSAGING
956031,1/4/2018,DAS OVERLAPPING LAYERS TUTORIAL
956031,1/4/2018,DAS PATTERN MODE
956031,1/4/2018,DEATH BY POWERPOINT
956031,1/4/2018,DOMAIN AWARENESS SYSTEM - SEARCH ACCURINT RESULTS
956031,1/4/2018,DOMAIN AWARNESS SYSTEM (DAS)
956031,1/4/2018,NYPD MOBILITY INITIATIVE - DEPARTMENT SMARTPHONE TRAINING
956031,1/4/2018,SEND TO DESKTOP
956031,1/4/2018,TRAINING MATERIALS- CLOSING THE GAP ON VEHICLE INTELLIGENCE
956031,1/4/2018,TRAINING MATERIALS- PAWNSHOP AND 2ND HAND DEALER DATABASE
956031,1/4/2018,TRAINING MATERIALS- THE RECIDIVIST TRACKING AND REPORTING DATABASE (RTRD)
956031,1/4/2018,TRAINING MATERIALS- VIRTUAL CRIME INFORMATION CENTER
956031,1/3/2018,NEW YEAR'S EVE TACTICAL AWARENESS
956031,1/3/2018,POLICE COMMISSIONER MESSAGE- NYC GIVES
956031,12/22/2017,COLLABORATIVE POLICING- FOREIGN LANGUAGE CERTIFICATION VIDEO
956031,12/22/2017,COUNTERTERRORISM BUREAU INITIAL PATROL RESPONSE FOR ACTIVE SHOOTER
956031,12/22/2017,"CPS INTERIOR PATROL OF HOUSING AUTHORITY BUILDINGS, PG 212-60 ROLL CALL VIDEO 1"
956031,12/22/2017,"CPS INTERIOR PATROL OF HOUSING AUTHORITY BUILDINGS, PG 212-60 ROLL CALL VIDEO 2"
956031,12/22/2017,CPS INTERIOR PATROL TRESPASS AFFIDAVIT PROGRAM (TAP) VIDEO 1
956031,12/22/2017,CPS INTERIOR PATROL TRESPASS AFFIDAVIT PROGRAM (TAP) VIDEO 2
956031,11/9/2017,LOCATING APPLE DEVICES USING YOUR DEPARTMENT SMARTPHONE
956031,11/9/2017,TACTICAL AWARENESS OF EXCITED DELIRIUM SYNDROME
956031,11/9/2017,TACTICAL AWARENESS- BALLISTIC VEST
956031,10/17/2017,NARCAN NASAL SPRAY TRAINING
956031,10/10/2017,COLLABORATIVE POLICING- ACCESSING TELEPHONIC INTERPRETERS VIA LANGUAGE LINE
956031,9/27/2017,BELT TRAUMA KIT VIDEO
956031,9/27/2017,COUNTERTERRORISM ACTIVE SHOOTER TRAINING
956031,9/27/2017,COUNTERTERRORISM BUREAU FACILITY AWARENESS VIDEO- TIME WARNER BUILDING
956031,9/27/2017,COUNTERTERRORISM BUREAU FACILITY AWARENESS VIDEO-EMPIRE STATE BUILDING
956031,9/27/2017,COUNTERTERRORISM U.A.S. (UNMANNED AIRCRAFT SYSTEMS) DRONE AWARENESS
956031,9/27/2017,CRIME CONTROL STRATEGIES- COMMUNITY SUPERVISION
956031,9/27/2017,EQUAL EMPLOYMENT OPPORTUNITY TRANSGENDER DIVERSITY AND INCLUSION:EXECUTIVE ORDER 16
956031,9/27/2017,PATROL- POLYCARBONATE SHIELD
956031,9/27/2017,PERSONNEL BUREAU NYPD EMPLOYEE ASSISTANCE UNIT (EAU)
956031,9/27/2017,POLICE COMMISSIONERS MESSAGE - VICTIMS OF SEXUAL ASSAULT VIDEO
956031,6/12/2017,CRIMINAL JUSTICE REFORM ACT ROLL CALL TRAINING PART 1
956031,6/12/2017,CRIMINAL JUSTICE REFORM ACT ROLL CALL TRAINING PART 2
956031,1/31/2017,FORCE POLICY REVISION-VIDEO-PG 221-UNIT TRAINING MAY 2016
956031,1/26/2017,FORCE POLICY REVISION-VIDEO-PG 221-UNIT TRAINING MAY 2016
956031,5/6/2016,INVESTIGATIVE ENCOUNTERS-VIDEO #2 COMMON LAW RIGHT OF INQUIRY-UNIT TRAINING MAY 2016
956031,4/6/2016,BATON
956031,3/14/2016,2016-17 INSERVICE CYCLE-PHYSICAL TACTICS
956031,2/1/2016,WINDOWS PHONE TRAINING AND DISTRIBUTION
956031,12/10/2015,FORCE POLICY REVISION-PAMPHLET - PG 221 - UNIT TRAINING DECEMBER 2015
956031,11/23/2015,FORCE POLICY REVISION-PAMPHLET - PG 221 - UNIT TRAINING DECEMBER 2015
956031,11/9/2015,EMERGENCY VEHICLE OPERATION JULY 07 - PRESENT
956031,11/9/2015,FIELD TRAINING PROGRAM JULY 07 - PRESENT
956031,11/9/2015,PHYSICAL EDUCATION PART 1: FOUNDATIONS OF PHYSICAL FITNESS
956031,11/9/2015,PHYSICAL EDUCATION PART 2: DEFENSIVE TACTICS JULY 07 - PRESENT
956031,11/9/2015,PHYSICAL EDUCATION PART 3: AMERICAN HEART ASSOCIATION BASIC LIFE SUPPORT
956031,11/9/2015,POLICE CRISIS INTERVENTION JULY 07 - PRESENT
956031,11/9/2015,POLICE FIELD PROBLEMS JULY 07 - PRESENT
956031,11/9/2015,POLICE INVESTIGATION AND REPORTING JULY 07 - PRESENT
956031,11/9/2015,POLICING A DEMOCRACY JULY 07 - PRESENT
956031,11/9/2015,POLICING SPECIAL POPULATIONS JULY 07 - PRESENT
956031,11/9/2015,PROCEDURAL LAW JULY 07 - PRESENT
956031,11/9/2015,SUBSTANTIVE LAW JULY 07 - PRESENT
956031,11/9/2015,TERRORISM AWARENESS AND RESPONSE JULY 07 - PRESENT
956031,6/15/2015,20K TRAINING INITIATIVE - PHYSICAL TACTICS
956031,6/5/2015,20K TRAINING INITIATIVE - SMART POLICING
956031,5/20/2015,20K TRAINING INITIATIVE - FOUNDATIONS OF POLICING
956031,7/1/2014,POLICE ACADEMY RECRUIT CIMS WRITTEN EXAM
956031,6/30/2014,RECRUIT RAPID DEPLOYMENT-ACTIVE SHOOTER
956031,6/20/2014,POLICE ACADEMY RECRUIT JUSTIFICATION WRITTEN EXAM
956031,6/20/2014,POLICE ACADEMY RECRUIT NCIC WRITTEN EXAM
956031,6/18/2014,POLICE ACADEMY RECRUIT NIMS 700 WRITTEN EXAM
956031,6/16/2014,POLICE ACADEMY RECRUIT 3RD TRIMESTER EXAM
956031,6/4/2014,FIREARMS 5 DAY TACTICAL APPLICATION V1
956031,6/3/2014,PTTD DEFENSIVE TACTICS PRACTICAL EXAM
956031,5/21/2014,PTTD WATER SAFETY
956031,5/17/2014,PORT AWARENESS COURSE
956031,5/16/2014,FIREARMS 5 DAY TACTICAL SKILLS V1
956031,5/14/2014,OFF DUTY PISTOL CERTIFIED
956031,5/14/2014,RECRUIT TACTICAL FIREARMS QUALIFICATION AND TRAINING OFF DUTY PISTOL CERTIFIED
956031,5/9/2014,PTTD WEAPONS DEFENSE
956031,5/6/2014,FIRST AID WRITEN EXAM
956031,4/30/2014,COBRA - COHORT TRAINING
956031,4/29/2014,RECRUIT TRAINING COMPUTER COURSE
956031,4/25/2014,RECRUIT BASIC FIREARMS QUALIFICATION AND TRAINING
956031,4/16/2014,RECRUIT RMP QUALIFICATION / RMP OPERATOR QUALIFIED
956031,4/7/2014,POLICE ACADEMY RECRUIT 2ND TRIMESTER EXAM
956031,3/26/2014,GROUND TACTICS
956031,3/13/2014,PTTD EXPANDABLE BATON
956031,3/11/2014,PTTD C.P.R. / A.E.D. WRITTEN EXAM
956031,3/10/2014,BATON
956031,3/5/2014,"PTTD CARDIO ENDURANCE TEST, 1ST ATTEMPT"
956031,3/3/2014,PTTD DEFENSIVE TACTICS PRACTICAL EXAM
956031,2/27/2014,PTTD CPR PRACTICAL EXAM
956031,2/24/2014,POLICE ACADEMY RECRUIT 1ST TRIMESTER EXAM
956031,2/19/2014,JOB STANDARDS TEST ATTEMPT #1
956031,2/18/2014,POLICE ACADEMY RECRUIT STOP QUESTION & FRISK WRITTEN EXAM
956031,2/17/2014,POLICE ACADEMY RECRUIT 1ST TRIMESTER PRACTICE WRITTEN EXAM
956031,2/7/2014,FRISKING AND HANDCUFFING
956031,1/13/2014,POLICE ACADEMY RECRUIT PREREADING EXAM
935143,1/27/2025,VEHICLE PURSUITS
935143,1/23/2025,CELL BLOCK FIRESHIELD EV BLANKETS
935143,1/23/2025,OPIOID OVERDOSE RECOGNITION AND NARCAN ADMINISTRATION -2021
935143,1/23/2025,VICTIM BLAMING AND RELEASE OF INFORMATION TO THE MEDIA
935143,12/19/2024,IDENTIFYING THE IMPAIRED DRIVER
935143,12/18/2024,CONVICTED OFFENDER DNA DATABANK SPECIMEN COLLECTION KIT
935143,12/18/2024,COVID VACCINE DISTRIBUTION AND EDUCATION
935143,12/18/2024,CRIMINAL JUSTICE BUREAU - GIGLIO MATERIAL DISCLOSURES UNDER THE NEW DISCOVERY LAWS
935143,12/18/2024,CROSSFIRE MITIGATION DURING CLOSE COMBAT INCIDENTS - PART 2
935143,12/18/2024,MULTI-FACTOR AUTHENTICATION MFA TRAINING
935143,12/6/2024,BEHAVIORAL HEALTH EMERGENCY ASSISTANCE RESPONSE DIVISION B-HEARD
935143,12/6/2024,HEALTH AND WELLNESS SECTION - MODULE 10 - SEEKING AND RECEIVING MENTAL HEALTH SUPPORT
935143,12/6/2024,HEALTH AND WELLNESS SECTION - MODULE 7 - LEADING WITH COMPASSION
935143,12/6/2024,"HEALTH AND WELLNESS SECTION - MODULE 8 - WARNING SIGNS, SUPPORT AND OUTREACH"
935143,12/6/2024,HEALTH AND WELLNESS SECTION - MODULE 9 - MANAGING STRESS ON THE JOB
935143,12/6/2024,NOTIFICATION OF ALLEGATIONS AND EMPLOYEE RIGHTS
935143,12/2/2024,DRIVING WHILE INTOXICATED AWARENESS VIDEO MODULE 1
935143,12/2/2024,UNMANNED AIRCRAFT SYSTEMS VISUAL OBSERVER
935143,11/12/2024,FAMILY BUILDING
935143,11/12/2024,RACIAL PROFILING AND BIASED BASED POLICING: SQF MODULE 8
935143,11/12/2024,VIDEO 4 - PLATFORM SAFETY 2022
935143,10/24/2024,FTS - ANNUAL CEW RECERTIFICATION
935143,10/22/2024,NORTHWELL DIRECT FINEST CARE PROGRAM FOR UMOS
935143,9/4/2024,RAPE IS RAPE
935143,7/15/2024,CJB - OVERVIEW OF THE NEW DISCOVERY LAWS
935143,7/15/2024,MENTAL HEALTH INVOLUNTARY REMOVALS MHL 9.41 AND MHL 9.58
935143,6/28/2024,CROSSFIRE MITIGATION DURING CLOSE COMBAT INCIDENTS
935143,6/28/2024,EMPLOYEE ASSISTANCE UNIT-2021
935143,6/28/2024,PROHIBITED METHODS OF RESTRAINT
935143,6/28/2024,TRANSIT BUREAU - SAFETY CONSIDERATIONS FOR PATROLLING THE NYC SUBWAY SYSTEM - PART 2
935143,6/28/2024,UTILIZING BALLISTIC PROTECTION IN DEPARTMENT VEHICLES (4:09)
935143,6/27/2024,DETECTIVE BUREAU BODY WORN CAMERAS
935143,6/27/2024,TRANSIT BUREAU - SAFETY CONSIDERATIONS FOR PATROLLING THE NYC SUBWAY SYSTEM
935143,6/20/2024,LEVEL 1 AND LEVEL 2 INVESTIGATIVE ENCOUNTERS
935143,6/12/2024,2024 EQUAL EMPLOYMENT OPPORTUNITY TRAINING - SEXUAL HARASSMENT AWARENESS AND PREVENTION
935143,6/12/2024,CRITICAL DECISION MAKING MODEL
935143,6/12/2024,RESPONDING TO COMMERCIAL ROBBERIES PART LL - MODULE 1 AND MODULE 2
935143,6/12/2024,TACTICS WHEN ENGAGING INDIVIDUALS IN A MENTAL HEALTH CRISIS
935143,5/10/2024,DRIVE SMART 2024
935143,5/10/2024,HOUSING BUREAU INTERIOR PATROL TACTICS
935143,5/10/2024,POLICING THE SUBWAY 2024
935143,5/10/2024,VIDEO 1 - PATROLLING THE NYC SUBWAY SYSTEM 2022
935143,5/7/2024,ASSISTING SURVIVORS OF SEXUAL BASED VIOLENCE WITH ACCESS TO RESOURCES
935143,3/13/2024,ILLEGAL EVICTIONS
935143,3/13/2024,"SUPPORT SERVICES DIVISION - CLASS ""C"" OPERATOR"
935143,3/11/2024,EMPLOYEE ASSISTANCE UNIT (E.A.U.) IS HERE FOR YOU- 2024
935143,3/7/2024,FORCE POLICY UPDATE VIDEO
935143,2/26/2024,AUGMENTED REALITY FEATURE
935143,2/26/2024,AUTISM SPECTRUM DISORDER
935143,2/26/2024,BELT-WORN TRAUMA KIT REFRESHER TRAINING VIDEO-2022
935143,2/26/2024,BODY-WORN CAMERA REVIEW PART ONE
935143,2/26/2024,BODY-WORN CAMERA REVIEW PART TWO
935143,2/26/2024,COLLABORATIVE POLICING - MEDIATION REFERRAL PROGRAM FOR NON-CRIMINAL COMPLAINTS
935143,2/26/2024,COVID-19: PREPAREDENESS
935143,2/26/2024,COVID-19: PREPAREDNESS YOUR FAMILY AND HOME
935143,2/26/2024,"CPS INTERIOR PATROL OF HOUSING AUTHORITY BUILDINGS, PG 212-60 ROLL CALL VIDEO 1"
935143,2/26/2024,"CPS INTERIOR PATROL OF HOUSING AUTHORITY BUILDINGS, PG 212-60 ROLL CALL VIDEO 2"
935143,2/26/2024,DOMESTIC VIOLENCE EDUCATION AND COUNSELING
935143,2/26/2024,EFFECTIVE COMMUNICATION SKILLS - DEAF OR HARD OF HEARING
935143,2/26/2024,ELDER ABUSE -2023 REFRESHER
935143,2/26/2024,HEALTH AND WELLNESS SECTION - MODULE 1 - PSYCHOLOGICAL HEALTH AND WELLNESS
935143,2/26/2024,HEALTH AND WELLNESS SECTION - MODULE 2 - JOB COUNSELING AND STRESS
935143,2/26/2024,HEALTH AND WELLNESS SECTION - MODULE 3 - WARNING SIGNS
935143,2/26/2024,HEALTH AND WELLNESS SECTION - MODULE 4 - CUMULATIVE TRAUMA
935143,2/26/2024,HEALTH AND WELLNESS SECTION - MODULE 5 - GAINING PERSPECTIVE
935143,2/26/2024,HEALTH AND WELLNESS SECTION - MODULE 6 - COPING WITH SIGNS OF ANXIETY DEPRESSION
935143,2/26/2024,LGBTQIA PLUS - DIVERSITY AND INCLUSION
935143,2/26/2024,NYPD JOUVERT AND WEST INDIAN DAY-2023
935143,2/26/2024,NYPD RECRUITMENT TRAINING VIDEO
935143,2/26/2024,OPIOID DANGERS- FENTANYL AND CARFENTANIL
935143,2/26/2024,"POSSESSION OR INGESTION OF ANABOLIC STEROIDS, HUMAN GROWTH HORMONE, AND NUTRITIONAL SUPPLEMENTS"
935143,2/26/2024,PROCESSING CIVILIAN COMPLAINTS
935143,2/26/2024,RESPONDING TO PEOPLE IN CRISIS - MODULE 1: SENDING THE RIGHT SIGNALS
935143,2/26/2024,RESPONDING TO PEOPLE IN CRISIS – MODULE 4: USING DEPARTMENT MOBILE DIGITAL DEVICES
935143,2/26/2024,SAFEGUARDING PRISONERS - OFFICER SAFETY GUIDELINES
935143,2/26/2024,TRAFFIC COURT TESTIMONY VIDEO
935143,2/26/2024,TRANSIT BUREAU - TIMELY RESUMPTION OF SERVICE IN NYC TRANSIT
935143,2/26/2024,VEHICLE MOUNTED VIDEO SYSTEM
935143,2/26/2024,WORLDPRIDE NYC 2019
935143,11/20/2023,COVID-19: PROTECTIVE MASKS
935143,11/20/2023,CPS INTERIOR PATROL TRESPASS AFFIDAVIT PROGRAM (TAP) VIDEO 2
935143,10/30/2023,2023 SUMMER ALL-OUT BODY WORN CAMERA TRAINING
935143,10/30/2023,INVESTIGATIVE ENCOUNTERS 2023: MODULE 5 SQF LEVELS 3 AND 4
935143,8/4/2023,UNMANNED AIRCRAFT PERMIT: DRONES FOR PUBLIC USE
935143,6/19/2023,ESPER POLICY LIBRARY
935143,6/19/2023,INVESTIGATIVE ENCOUNTERS 2023 - MODULE 1 INTRODUCTION TO SQF
935143,6/19/2023,INVESTIGATIVE ENCOUNTERS 2023: MODULE 2 SQF LEVEL 1
935143,6/19/2023,"INVESTIGATIVE ENCOUNTERS 2023: MODULE 4 SQF LEVELS 2, 3 AND 4"
935143,5/11/2023,2023 EQUAL EMPLOYMENT OPPORTUNITY TRAINING-SEXUAL HARASSMENT AWARENESS AND PREVENTION
935143,5/11/2023,INVESTIGATIVE ENCOUNTERS 2023: MODULE 3 SQF LEVEL 2
935143,4/19/2023,2023 LANGUAGE MATTERS - FOSTERING A POSITIVE WORK ENVIRONMENT
935143,3/30/2023,INFORMATION SECURITY CRIMINAL JUSTICE TRAINING 2023
935143,2/6/2023,NYPD-U VOLUNTARY - INVOLUNTARY TRANSPORTS
935143,8/23/2022,CAR STOP TACTICS FOR PATROL OFFICERS - MODULE 1: CONTROLLING THE STOP
935143,8/23/2022,CAR STOP TACTICS FOR PATROL OFFICERS - MODULE 2: PROHIBITED MANEUVERS
935143,8/23/2022,CAR STOP TACTICS FOR PATROL OFFICERS - MODULE 3: THE UNKNOWN RISK STOP
935143,8/23/2022,CAR STOP TACTICS FOR PATROL OFFICERS - MODULE 4: THE HIGH-RISK STOP
935143,8/8/2022,2022 EQUAL EMPLOYMENT OPPORTUNITY TRAINING-SEXUAL HARASSMENT AWARENESS AND PREVENTION
935143,4/14/2022,CLT-EPERMIT SYSTEM
935143,3/21/2022,FTS - ANNUAL CEW RECERTIFICATION
935143,2/27/2022,ARRESTS - RELIGIOUS HEAD COVERING GUIDELINES (PG 208-83)
935143,9/15/2021,ACTIVE BYSTANDERSHIP FOR LAW ENFORCEMENT (ABLE): ONE DAY COURSE
935143,9/13/2021,MAYOR EXECUTIVE ORDER 78 VACCINATION - TESTING COMPLIANCE POLICY
935143,8/4/2021,EQUAL EMPLOYMENT OPPORTUNITY TRAINING - SEXUAL HARASSMENT AWARENESS AND PREVENTION 2021
935143,5/13/2021,FTS - ANNUAL CEW RECERTIFICATION
935143,4/29/2021,EQUAL EMPLOYMENT OPPORTUNITY TRAINING - LGBTQIA+ DIVERSITY AND INCLUSION / EXECUTIVE ORDER 16 OF 201
935143,3/17/2021,FACILITIES MANAGEMENT DIVISION - MUNICIPAL SEPERATE STORM SEWER SYSTEM (MS4)
935143,2/23/2021,CUSTOMER SERVICE PROGRAM: HOW DID WE DO
935143,12/17/2020,EQUAL EMPLOYMENT OPPORTUNITY TRAINING - LEAVE TO EXPRESS BREAST MILK
935143,12/15/2020,CLT-INVESTIGATIONS
935143,12/15/2020,FTS - ANNUAL CEW RECERTIFICATION
935143,11/16/2020,CLT-DOCUMENTATION AND FORMS
935143,9/8/2020,"EQUAL EMPLOYMENT OPPORTUNITY TRAINING - SEXUAL HARASSMENT, AWARENESS AND PREVENTION"
935143,7/1/2020,NEW LAWS AFFECTING POLICE OFFICERS’ CRIMINAL AND CIVIL LIABILITY
935143,6/10/2020,FTS - BALLISTIC VEST REPLACEMENT - DISTRIBUTION - PRE AUGUST 2020
935143,2/17/2020,FTS - BALLISTIC VEST REPLACEMENT - MEASUREMENT - PRE AUG 2020
935143,2/14/2020,EQUITY AND INCLUSION - MEDIATION AND CONFLICT RESOLUTION PILOT PROGRAM
935143,1/9/2020,ACTIVITY LOG FOR IPHONE
935143,1/9/2020,CJB - DESK APPEARANCE TICKETS: THE NEW LAWS AND GUIDELINES FOR PROCESSING DATS
935143,1/9/2020,CRIMINAL JUSTICE BUREAU - DNA TRAINING VIDEO
935143,12/10/2019,2017-2019 IN-SERVICE CYCLE-INVESTIGATIVE ENCOUNTERS- BASIC TRAINING WITH SCENARIOS
935143,12/5/2019,DISCHARGING YOUR FIREARM AT A MOVING THREAT
935143,10/30/2019,DETECTIVE BUREAU PROFESSIONAL DEVELOPMENT SEMINAR
935143,10/1/2019,COLLABORATIVE POLICING- FOREIGN LANGUAGE CERTIFICATION VIDEO
935143,10/1/2019,CRIMINAL JUSTICE REFORM ACT ROLL CALL TRAINING PART 1
935143,10/1/2019,CRIMINAL JUSTICE REFORM ACT ROLL CALL TRAINING PART 2
935143,9/29/2019,SHIELD OF RESILIENCE TRAINING COURSE
935143,9/2/2019,PATROL- POLYCARBONATE SHIELD
935143,8/15/2019,FTS - ANNUAL CEW RECERTIFICATION
935143,8/14/2019,RESPONDING TO COMMERCIAL ROBBERIES
935143,6/10/2019,CPS FAIR AND IMPARTIAL POLICING - ALL POS AND DETS
935143,5/28/2019,COLLABORATIVE POLICING - THE DEAF AND HARD OF HEARING COMMUNITY
935143,5/17/2019,2019 DETECTIVE BUREAU INTAC
935143,5/9/2019,CRIME CONTROL STRATEGIES- COMMUNITY SUPERVISION
935143,5/9/2019,LEGAL BUREAU - PERJURY TRAINING MODULE
935143,5/9/2019,RESPONDING TO PEOPLE IN CRISIS - MODULES 2 AND 3: ACTIVE LISTENING PARTS 1 AND 2
935143,5/9/2019,RESPONDING TO PEOPLE IN CRISIS-INTRODUCTION TO CIT VIDEO SERIES
935143,3/22/2019,EQUAL EMPLOYMENT OPPORTUNITYTRAINING - SEXUAL HARASSMENT AWARENESS AND PREVENTION
935143,3/8/2019,FTS - SMITH AND WESSON MODEL 5946 BARREL REMEDIATION
935143,12/12/2018,AMERICANS WITH DISABILITIES ACT (ADA)
935143,12/12/2018,MARIJUANA BURNING ENFORCEMENT POLICY
935143,12/3/2018,DETECTIVE BUREAU 2018 INTAC BROOKLYN ARMY TERMINAL
935143,10/5/2018,NEW PERFORMANCE EVALUATION PROCESS
935143,10/5/2018,NYC RIGHT TO KNOW ACT LEGISLATION - PART 2
935143,10/5/2018,NYC RIGHT TO KNOW ACT LEGISLATION – PART 1
935143,10/5/2018,TACTICAL AWARENESS-SMARTPHONE SAFETY
935143,9/13/2018,RAISE THE AGE
935143,8/6/2018,DETECTIVE BUREAU RETRIEVING BODY WORN CAMERA DATA
935143,7/20/2018,FTS - ANNUAL CEW RECERTIFICATION
935143,6/6/2018,COMMUNICATIONS- THE PROPER USAGE OF THE IDA RADIO CODES
935143,5/23/2018,BTK (BELT TRAUMA KIT DISTRIBUTION AND FAMILIARIZATION)
935143,5/16/2018,EQUAL EMPLOYMENT OPPORTUNITY TRANSGENDER DIVERSITY AND INCLUSION:EXECUTIVE ORDER 16
935143,3/29/2018,LEGAL BUREAU PERFORMANCE METRICS - PROHIBITED CONDUCT
935143,3/16/2018,ALERRT-ACTIVE SHOOTER LEVEL I (CTD)
935143,12/15/2017,COLLABORATIVE POLICING- ACCESSING TELEPHONIC INTERPRETERS VIA LANGUAGE LINE
935143,12/15/2017,POLICE COMMISSIONERS MESSAGE - VICTIMS OF SEXUAL ASSAULT VIDEO
935143,11/9/2017,COLLISION REFRESHER (2 DAY)
935143,10/15/2017,NARCAN NASAL SPRAY TRAINING
935143,9/27/2017,PERSONNEL BUREAU NYPD EMPLOYEE ASSISTANCE UNIT (EAU)
935143,9/5/2017,DETECTIVE BUREAU HOMICIDE INVESTIGATORS COURSE
935143,6/29/2017,DETECTIVE BUREAU 2017-01 INVESTIGATIVE INTAC
935143,2/15/2017,FUNDAMENTALS OF AUTO THEFT INVESTIGATION
935143,1/23/2017,FTS - CEW END USER CERT
935143,12/15/2016,DETECTIVE BUREAU BALLISTIC SHIELD OPERATIONS
935143,12/14/2016,DETECTIVE BUREAU METHODICAL STRUCTURE CLEARING
935143,11/14/2016,DETECTIVE BUREAU PROFESSIONAL DEVELOPMENT SEMINAR
935143,11/14/2016,FLYING WHILE ARMED
935143,9/15/2016,FORCE POLICY REVISION-VIDEO-PG 221-UNIT TRAINING MAY 2016
935143,9/15/2016,INVESTIGATIVE ENCOUNTERS-VIDEO #1 REQUEST FOR INFO-UNIT TRAINING FEB 2016
935143,9/15/2016,INVESTIGATIVE ENCOUNTERS-VIDEO #2 COMMON LAW RIGHT OF INQUIRY-UNIT TRAINING MAY 2016
935143,9/15/2016,PUBLIC CONTACT AND CONSENT TO SEARCH (RIGHT TO KNOW) - UNIT TRAINING AUGUST 2016
935143,9/12/2016,INVESTIGATIVE ENCOUNTERS-VIDEO #3 TERRY STOPS AND REASONABLE SUSPICION-UNIT TRAINING JUNE 2016
935143,9/12/2016,INVESTIGATIVE ENCOUNTERS-VIDEO #4 DOCUMENTATION AND SUPERVISION-UNIT TRAINING JULY 2016
935143,5/9/2016,20K TRAINING INITIATIVE - PHYSICAL TACTICS
935143,3/10/2016,DETECTIVE BUREAU PROFESSIONAL DEVELOPMENT SEMINAR
935143,3/10/2016,FORCE POLICY REVISION-PAMPHLET - PG 221 - UNIT TRAINING DECEMBER 2015
935143,1/27/2016,WINDOWS PHONE TRAINING AND DISTRIBUTION
935143,11/9/2015,EMERGENCY VEHICLE OPERATION JULY 03 - JUNE 07
935143,11/9/2015,FIELD TRAINING PROGRAM JULY 03 - JUNE 07
935143,11/9/2015,PHYSICAL EDUCATION PART 1: FOUNDATIONS OF PHYSICAL FITNESS
935143,11/9/2015,PHYSICAL EDUCATION PART 2: DEFENSIVE TACTICS
935143,11/9/2015,PHYSICAL EDUCATION PART 3: AMERICAN HEART ASSOCIATION BASIC LIFE SUPPORT
935143,11/9/2015,POLICE CRISIS INTERVENTION JULY 03 - JUNE 07
935143,11/9/2015,POLICE FIELD PROBLEMS JULY 03 - JUNE 07
935143,11/9/2015,POLICE INVESTIGATION AND REPORTING JULY 03 - JUNE 07
935143,11/9/2015,POLICING A DEMOCRACY JULY 03 - JUNE 07
935143,11/9/2015,POLICING SPECIAL POPULATIONS JULY 03 - JUNE 07
935143,11/9/2015,PROCEDURAL LAW JULY 03 - JUNE 07
935143,11/9/2015,SUBSTANTIVE LAW JULY 03 - JUNE 07
935143,11/9/2015,TERRORISM AWARENESS AND RESPONSE JULY 03 - JUNE 07
935143,4/26/2013,DIGNITARY PROTECTION COURSE
935143,4/9/2013,CRIMINAL INVESTIGATORS COURSE
935143,12/4/2012,FUNDAMENTALS OF AUTO THEFT INVESTIGATION
935143,7/23/2012,UF 250 - OPERATION IMPACT REFRESHER CERTIFIED
935143,9/23/2010,PROPERTY EVIDENCE TRACKING SYSTEM
935143,9/27/2007,STREET NARCOTICS ENFORCEMENT UNIT SNEU
935143,8/9/2005,EXPANDABLE BATON COURSE
935143,8/9/2005,PLAIN CLOTHES TRAINING CERTIFIED BASIC PLAIN-CLOTHES COURSE
935143,2/17/2005,COBRA - COHORT TRAINING
935143,7/1/2004,12 PASSENGER VAN / UTILITY VEHICLE QUALIFICATION
935143,,BICYCLE TRAINING (3-DAY)
935143,,RECRUIT 12 PASSENGER VAN / UTILITY VEHICLE QUALIFICATION
935143,,RECRUIT RMP QUALIFICATION / RMP OPERATOR QUALIFIED
957755,6/21/2025,CLT-DOMESTIC VIOLENCE TRAINING
957755,6/20/2025,CLT-DOMESTIC VIOLENCE TRAINING
957755,6/20/2025,CLT-PROCEDURAL OPERATIONS
957755,6/18/2025,2025 BWC PROFICIENCY TRAINING
957755,6/14/2025,CLT-DOMESTIC VIOLENCE TRAINING
957755,6/14/2025,CLT-PROCEDURAL OPERATIONS
957755,6/11/2025,EAU 2025 POLICE COMMISSIONER JESSICA S. TISCH
957755,6/11/2025,SQF REVIEW AND DOCUMENTATION: SQF MODULE 10
957755,6/10/2025,2025 EQUAL EMPLOYMENT OPPORTUNITY TRAINING - SEXUAL HARASSMENT AWARENESS AND PREVENTION
957755,5/21/2025,CLT-DOMESTIC VIOLENCE TRAINING
957755,5/21/2025,CLT-PROCEDURAL OPERATIONS
957755,5/15/2025,CRISIS INTERVENTION TEAM TRAINING
957755,5/8/2025,CLT-DOMESTIC VIOLENCE TRAINING
957755,5/8/2025,CLT-ENFORCEMENT ACTIONS
957755,4/29/2025,FTS - TASER 7 ANNUAL RECERTIFICATION
957755,4/26/2025,CLT-DOMESTIC VIOLENCE TRAINING
957755,4/26/2025,CLT-ENFORCEMENT ACTIONS
957755,4/25/2025,CLT-DOMESTIC VIOLENCE TRAINING
957755,4/25/2025,CLT-ENFORCEMENT ACTIONS
957755,4/15/2025,CLT-DOMESTIC VIOLENCE TRAINING
957755,4/15/2025,CLT-PROPERTY
957755,4/4/2025,CLT-PROCEDURAL OPERATIONS
957755,4/3/2025,CLT-DOMESTIC VIOLENCE TRAINING
957755,3/26/2025,SELF-DEFENSE AND GRAPPLING TACTICS TRAINING COURSE
957755,3/19/2025,CLT-DOMESTIC VIOLENCE TRAINING
957755,3/12/2025,"CLT - VEHICLE STOP, OPTIMAL OFFICER POSITIONING"
957755,3/12/2025,CLT-DOMESTIC VIOLENCE TRAINING
957755,3/8/2025,CLT-DOMESTIC VIOLENCE TRAINING
957755,3/5/2025,CLT-DOMESTIC VIOLENCE TRAINING
957755,3/5/2025,CLT-PROCEDURAL OPERATIONS
957755,3/3/2025,MULTI-FACTOR AUTHENTICATION MFA TRAINING
957755,2/28/2025,CLT-DOMESTIC VIOLENCE TRAINING
957755,2/28/2025,CLT-PROCEDURAL OPERATIONS
957755,2/20/2025,CLT-DOMESTIC VIOLENCE TRAINING
957755,2/19/2025,CELL BLOCK FIRESHIELD EV BLANKETS
957755,2/19/2025,CLT-PROCEDURAL OPERATIONS
957755,2/19/2025,INFORMATION SECURITY AWARENESS TRAINING 2024
957755,2/18/2025,2025 IDENTIFYING THE IMPAIRED DRIVER REFRESHER
957755,2/18/2025,KEVIN AND AVONTE SAFE HOME PROGRAM
957755,2/17/2025,RIGHT TO KNOW ACT SQF MODULE 9
957755,2/15/2025,CLT-DOMESTIC VIOLENCE TRAINING
957755,2/13/2025,CLT-PROCEDURAL OPERATIONS
957755,2/11/2025,CLT-PROCEDURAL OPERATIONS
957755,2/4/2025,CLT-DOMESTIC VIOLENCE TRAINING
957755,2/4/2025,VEHICLE PURSUITS
957755,1/25/2025,CLT-DOMESTIC VIOLENCE TRAINING
957755,1/25/2025,CLT-TACTICAL AWARENESS AND OFFICER SAFETY
957755,1/21/2025,CLT-PROCEDURAL OPERATIONS
957755,1/12/2025,ACTIVE SHOOTER - SCHOOL RESPONSE PROTOCOL
957755,1/10/2025,CLT-DOMESTIC VIOLENCE TRAINING
957755,1/10/2025,CLT-LEGAL ISSUES
957755,12/7/2024,BEHAVIORAL HEALTH EMERGENCY ASSISTANCE RESPONSE DIVISION B-HEARD
957755,12/7/2024,LEAVING THE SCENE COLLISIONS INVESTIGATIVE BEST PRACTICES
957755,12/7/2024,NOTIFICATION OF ALLEGATIONS AND EMPLOYEE RIGHTS
957755,11/28/2024,CLT-DOMESTIC VIOLENCE TRAINING
957755,11/28/2024,CLT-PROCEDURAL OPERATIONS
957755,11/19/2024,DRIVING WHILE INTOXICATED AWARENESS VIDEO MODULE 1
957755,11/7/2024,CLT-PROCEDURAL OPERATIONS
957755,10/16/2024,FTS - CEW TASER 7 TRANSITION COURSE
957755,10/16/2024,FTS - TASER 7 HOLSTER DISTRIBUTION
957755,10/12/2024,INTRODUCTION TO COGNOS 11
957755,10/6/2024,FAMILY BUILDING
957755,9/30/2024,VIPER CCTV TRAINING COURSE
957755,9/28/2024,ACCURATE COMPLAINT REPORT CLASSIFICATION
957755,9/28/2024,APX NEXT PORTABLE AND RADIO DISCIPLINE TRAINING VIDEO
957755,9/28/2024,ASSISTING SURVIVORS OF SEXUAL BASED VIOLENCE WITH ACCESS TO RESOURCES
957755,9/28/2024,DRIVE SMART 2024
957755,9/28/2024,HOUSING BUREAU INTERIOR PATROL TACTICS
957755,9/28/2024,"INVESTIGATIVE ENCOUNTERS 2023: MODULE 4 SQF LEVELS 2, 3 AND 4"
957755,9/28/2024,NORTHWELL DIRECT FINEST CARE PROGRAM FOR UMOS
957755,9/28/2024,RACIAL PROFILING AND BIASED BASED POLICING: SQF MODULE 8
957755,9/28/2024,RAPE IS RAPE
957755,9/28/2024,TACTICS WHEN ENGAGING INDIVIDUALS IN A MENTAL HEALTH CRISIS
957755,9/28/2024,UNMANNED AIRCRAFT SYSTEMS VISUAL OBSERVER
957755,9/21/2024,MENTAL HEALTH INVOLUNTARY REMOVALS MHL 9.41 AND MHL 9.58
957755,8/8/2024,2024 EQUAL EMPLOYMENT OPPORTUNITY TRAINING - SEXUAL HARASSMENT AWARENESS AND PREVENTION
957755,8/8/2024,LEVEL 1 AND LEVEL 2 INVESTIGATIVE ENCOUNTERS
957755,5/4/2024,CLT-DOMESTIC VIOLENCE TRAINING
957755,4/25/2024,CLT-DOMESTIC VIOLENCE TRAINING
957755,4/18/2024,POLICING THE SUBWAY 2024
957755,4/2/2024,CLT - OATH VS. CRIMINAL COURT SUMMONS ROLL CALL TRAINING
957755,4/1/2024,ESPER POLICY LIBRARY
957755,4/1/2024,INVESTIGATIVE ENCOUNTERS SUMMARY: SQF MODULE 6
957755,3/25/2024,2023 SUMMER ALL-OUT BODY WORN CAMERA TRAINING
957755,3/25/2024,2024 VEHICLE SEIZURE FORM REFRESHER
957755,3/25/2024,EFFECTIVE COMMUNICATION SKILLS - DEAF OR HARD OF HEARING
957755,3/25/2024,NYPD RECRUITMENT TRAINING VIDEO
957755,3/25/2024,VEHICLE MOUNTED VIDEO SYSTEM
957755,3/24/2024,ELDER ABUSE -2023 REFRESHER
957755,3/24/2024,NYCHA INTERIOR PATROL: SQF MODULE 7
957755,3/23/2024,AUTISM SPECTRUM DISORDER
957755,3/23/2024,EMPLOYEE ASSISTANCE UNIT (E.A.U.) IS HERE FOR YOU- 2024
957755,1/19/2024,LGBTQIA PLUS - DIVERSITY AND INCLUSION
957755,1/19/2024,OPIOID DANGERS- FENTANYL AND CARFENTANIL
957755,1/4/2024,SRG - RAPID MOBILIZATION (PATROL) LEVEL 4
957755,1/1/2024,"POSSESSION OR INGESTION OF ANABOLIC STEROIDS, HUMAN GROWTH HORMONE, AND NUTRITIONAL SUPPLEMENTS"
957755,12/26/2023,SRG - RAPID MOBILIZATION (PATROL) LEVEL 4
957755,12/21/2023,SRG - RAPID MOBILIZATION (PATROL) LEVEL 4
957755,12/10/2023,INVESTIGATIVE ENCOUNTERS 2023: MODULE 5 SQF LEVELS 3 AND 4
957755,12/5/2023,CLT-TACTICAL AWARENESS AND OFFICER SAFETY
957755,12/5/2023,SRG - RAPID MOBILIZATION (PATROL) LEVEL 4
957755,12/4/2023,AUGMENTED REALITY FEATURE
957755,11/18/2023,SRG - RAPID MOBILIZATION (PATROL) LEVEL 4
957755,10/17/2023,CLT-DOCUMENTATION AND FORMS
957755,10/13/2023,CLT-DOCUMENTATION AND FORMS
957755,10/11/2023,2023 TASER X26P RE-QUALIFICATION
957755,10/4/2023,INFORMATION SECURITY AWARENESS TRAINING - 2023
957755,8/28/2023,NYPD JOUVERT AND WEST INDIAN DAY-2023
957755,8/11/2023,UNMANNED AIRCRAFT PERMIT: DRONES FOR PUBLIC USE
957755,7/29/2023,TRAFFIC COURT TESTIMONY VIDEO
957755,7/24/2023,DEMO CERTIFICATION 3
957755,6/7/2023,2023 EQUAL EMPLOYMENT OPPORTUNITY TRAINING-SEXUAL HARASSMENT AWARENESS AND PREVENTION
957755,6/7/2023,2023 LANGUAGE MATTERS - FOSTERING A POSITIVE WORK ENVIRONMENT
957755,5/13/2023,CLT-PARK SMART ROLLCALL PRESENTATION
957755,4/12/2023,DEMO CERTIFICATION 3
957755,4/8/2023,INVESTIGATIVE ENCOUNTERS 2023: MODULE 3 SQF LEVEL 2
957755,4/6/2023,CLT-PROCEDURAL OPERATIONS
957755,3/21/2023,DEMO CERTIFICATION 3
957755,3/1/2023,CLT-TACTICAL AWARENESS AND OFFICER SAFETY
957755,2/22/2023,INFORMATION SECURITY CRIMINAL JUSTICE TRAINING 2023
957755,2/14/2023,"CLT-INTEGRITY, ETHICS AND DISCIPLINE"
957755,2/14/2023,CLT-PROFESSIONAL DEVELOPMENT
957755,2/8/2023,"CLT-INTEGRITY, ETHICS AND DISCIPLINE"
957755,2/7/2023,CLT- RESPONDING TO COMMERCIAL ROBBERIES 2023
957755,2/6/2023,NYPD-U VOLUNTARY - INVOLUNTARY TRANSPORTS
957755,1/22/2023,INVESTIGATIVE ENCOUNTERS 2023: MODULE 2 SQF LEVEL 1
957755,1/22/2023,RAISING THE LOWER AGE OF JUVENILE DELINQUENCY
957755,12/31/2022,CLT-VOLUNTARY - INVOLUNTARY TRANSPORTS
957755,12/30/2022,INVESTIGATIVE ENCOUNTERS 2023 - MODULE 1 INTRODUCTION TO SQF
957755,12/27/2022,CLT-VOLUNTARY - INVOLUNTARY TRANSPORTS
957755,12/16/2022,CLT-LEGAL ISSUES
957755,12/14/2022,VIDEO 3 - TACTICAL CONSIDERATIONS FOR TRANSIT PATROL 2022 (PART 2)
957755,12/14/2022,VIDEO 4 - PLATFORM SAFETY 2022
957755,12/9/2022,VIDEO 2 -TACTICAL CONSIDERATIONS FOR TRANSIT PATROL 2022 (PART 1)
957755,12/3/2022,VIDEO 1 - PATROLLING THE NYC SUBWAY SYSTEM 2022
957755,11/10/2022,LGBTQIA PLUS AWARENESS
957755,10/25/2022,NYPD JOUVERT  WEST INDIAN DAY
957755,10/25/2022,PROCESSING CIVILIAN COMPLAINTS
957755,10/25/2022,THE EMPLOYEE ASSISTANCE UNIT (EAU) IS HERE FOR YOU
957755,8/24/2022,CLT-PROCEDURAL OPERATIONS
957755,8/19/2022,CLT-PROFESSIONAL DEVELOPMENT
957755,8/17/2022,CLT-COMMUNICATION STRATEGIES AND AIDS
957755,8/12/2022,CAR STOP TACTICS FOR PATROL OFFICERS - MODULE 4: THE HIGH-RISK STOP
957755,8/12/2022,NEW PERFORMANCE EVALUATION PROCESS
957755,8/11/2022,IDENTIFYING THE IMPAIRED DRIVER
957755,8/11/2022,LOCAL LAW 45 OF 2021-TRAFFIC ENCOUNTERS
957755,8/11/2022,OVERVIEW OF THE NEW DISCOVERY LAWS 2021 REFRESHER
957755,8/10/2022,2022 EQUAL EMPLOYMENT OPPORTUNITY TRAINING-SEXUAL HARASSMENT AWARENESS AND PREVENTION
957755,8/10/2022,ILLEGAL EVICTIONS
957755,8/5/2022,CLT-BWC POLICY UPDATES
957755,8/2/2022,CLT-BWC POLICY UPDATES
957755,7/27/2022,CLT-PROFESSIONAL DEVELOPMENT
957755,7/20/2022,CLT-NIBRS ROLL CALL TRAINING
957755,7/14/2022,"INTEGRATING COMMUNICATION, ASSESSMENT, AND TACTICS (ICAT) MODULE 7"
957755,7/12/2022,CLT-NIBRS ROLL CALL TRAINING
957755,7/11/2022,CONVICTED OFFENDER DNA DATABANK SPECIMEN COLLECTION KIT
957755,7/11/2022,VEHICLE SEIZURE FORM
957755,7/8/2022,CLT-NIBRS ROLL CALL TRAINING
957755,7/6/2022,"INTEGRATING COMMUNICATION, ASSESSMENT AND TACTICS (ICAT) MODULE 6"
957755,6/30/2022,CLT-INFORMATION TECHNOLOGY
957755,6/29/2022,BEST PRACTICES IN STRUCTURED INTERVIEWING
957755,6/29/2022,NATIONAL INCIDENT-BASED REPORTING SYSTEM (NIBRS) UPDATES TO THE OMNIFORM COMPLAINT SYSTEMV
957755,6/28/2022,CAR STOP TACTICS FOR PATROL OFFICERS - MODULE 1: CONTROLLING THE STOP
957755,6/28/2022,CAR STOP TACTICS FOR PATROL OFFICERS - MODULE 2: PROHIBITED MANEUVERS
957755,6/28/2022,CAR STOP TACTICS FOR PATROL OFFICERS - MODULE 3: THE UNKNOWN RISK STOP
957755,6/17/2022,CLT-NIBRS ROLL CALL TRAINING
957755,6/15/2022,CLT-NIBRS ROLL CALL TRAINING
957755,6/3/2022,PROHIBITED METHODS OF RESTRAINT
957755,5/19/2022,CLT-DOCUMENTATION AND FORMS
957755,5/18/2022,CLT-DOCUMENTATION AND FORMS
957755,5/17/2022,CLT-DOCUMENTATION AND FORMS
957755,5/7/2022,CLT-BWC POLICY UPDATES
957755,5/6/2022,CLT-DOCUMENTATION AND FORMS
957755,5/4/2022,CLT-DOCUMENTATION AND FORMS
957755,5/3/2022,CLT-SEARCHING PRISONERS MODULE 1
957755,4/28/2022,CLT-SEARCHING PRISONERS MODULE 1
957755,4/27/2022,CLT-SEARCHING PRISONERS MODULE 1
957755,4/20/2022,CLT-TACTICAL AWARENESS AND OFFICER SAFETY
957755,4/14/2022,"INTEGRATING COMMUNICATION, ASSESSMENT AND TACTICS (ICAT) MODULE 5"
957755,4/13/2022,CLT-DOCUMENTATION AND FORMS
957755,3/31/2022,CLT-TACTICAL AWARENESS AND OFFICER SAFETY
957755,3/16/2022,CLT-DOCUMENTATION AND FORMS
957755,3/16/2022,CLT-TACTICAL AWARENESS AND OFFICER SAFETY
957755,3/15/2022,"INTEGRATING COMMUNICATION, ASSESSMENT AND TACTICS (ICAT) MODULE 4"
957755,3/10/2022,CLT-BWC POLICY UPDATES
957755,3/4/2022,FTS - ANNUAL CEW RECERTIFICATION
957755,2/24/2022,CHILD SENSITIVE ARREST POLICY GUIDELINES AND PROCEDURES
957755,2/17/2022,CLT-PROCEDURAL OPERATIONS
957755,2/10/2022,"INTEGRATING COMMUNICATION, ASSESSMENT AND TACTICS (ICAT) MODULE 3"
957755,1/26/2022,CLT-INFORMATION TECHNOLOGY
957755,1/21/2022,CLT-BWC POLICY UPDATES
957755,1/21/2022,CLT-PROCEDURAL OPERATIONS
957755,1/21/2022,"INTEGRATING COMMUNICATION, ASSESSMENT AND TACTICS (ICAT) MODULE 2"
957755,1/11/2022,CLT-EPERMIT SYSTEM
957755,1/7/2022,CLT-EJUSTICE ORDER OF PROTECTION SEARCH
957755,12/22/2021,CLT-BWC POLICY UPDATES
957755,12/22/2021,CLT-EJUSTICE ORDER OF PROTECTION SEARCH
957755,12/22/2021,CLT-LEGAL ISSUES
957755,12/3/2021,NEIGHBORHOOD POLICING APPLICATION TRAINING VIDEO
957755,11/12/2021,CLT-OCCUPATIONAL-WORKPLACE SAFETY AND HEALTH
957755,10/30/2021,ARRESTS - RELIGIOUS HEAD COVERING GUIDELINES (PG 208-83)
957755,10/21/2021,CLT-OCCUPATIONAL-WORKPLACE SAFETY AND HEALTH
957755,10/14/2021,"INTEGRATING COMMUNICATION, ASSESSMENT AND TACTICS (ICAT) MODULE 1"
957755,10/13/2021,ACTIVE BYSTANDERSHIP FOR LAW ENFORCEMENT (ABLE): ONE DAY COURSE
957755,10/13/2021,BODY-WORN CAMERA REVIEW PART TWO
957755,10/8/2021,BODY-WORN CAMERA REVIEW PART ONE
957755,10/8/2021,OPIOID OVERDOSE RECOGNITION AND NARCAN ADMINISTRATION -2021
957755,9/29/2021,COVID-19 SELF-COLLECTION KIT INSTRUCTIONS
957755,9/15/2021,INFORMATION SECURITY AWARENESS TRAINING 2021
957755,9/13/2021,MAYOR EXECUTIVE ORDER 78 VACCINATION - TESTING COMPLIANCE POLICY
957755,9/9/2021,CLT-OCCUPATIONAL-WORKPLACE SAFETY AND HEALTH
957755,8/30/2021,CLT-PROCEDURAL OPERATIONS
957755,7/22/2021,EQUAL EMPLOYMENT OPPORTUNITY TRAINING - SEXUAL HARASSMENT AWARENESS AND PREVENTION 2021
957755,7/1/2021,CLT-DOCUMENTATION AND FORMS
957755,6/30/2021,FTS - ANNUAL CEW RECERTIFICATION
957755,5/18/2021,PATROL GUIDE 215-17 POLICE ACTIONS RELATED QUESTIONING ARRESTS AND INVESTIGATIONS AT A NYC DEPARTMEN
957755,4/26/2021,EMPLOYEE ASSISTANCE UNIT-2021
957755,4/20/2021,CLT-OCCUPATIONAL-WORKPLACE SAFETY AND HEALTH
957755,4/3/2021,CLT-LEGAL ISSUES
957755,4/3/2021,EQUAL EMPLOYMENT OPPORTUNITY TRAINING - LGBTQIA+ DIVERSITY AND INCLUSION / EXECUTIVE ORDER 16 OF 201
957755,3/27/2021,CLT-PROCEDURAL OPERATIONS
957755,3/26/2021,DESK APPEARANCE TICKETS: THE NEW LAW AND THE NEW GUIDELINES FOR PROCESSING DAT'S - 2021 REFRESHER
957755,3/25/2021,CLT-PROCEDURAL OPERATIONS
957755,3/23/2021,CLT-PROCEDURAL OPERATIONS
957755,3/17/2021,FACILITIES MANAGEMENT DIVISION - MUNICIPAL SEPERATE STORM SEWER SYSTEM (MS4)
957755,2/27/2021,"CUSTOMER SERVICE PROGRAM:  ROLL CALL MODULE 2, COMMUNICATION SKILLS"
957755,2/24/2021,"CUSTOMER SERVICE PROGRAM:  ROLL CALL MODULE 1, INTRODUCTION TO PRECINCT GREETER PROGRAM"
957755,2/24/2021,CUSTOMER SERVICE PROGRAM: HOW DID WE DO
957755,2/3/2021,"CUSTOMER SERVICE PROGRAM:  ROLL CALL MODULE 1, INTRODUCTION TO PRECINCT GREETER PROGRAM"
957755,1/31/2021,COVID VACCINE DISTRIBUTION AND EDUCATION
957755,12/17/2020,FTS - ANNUAL CEW RECERTIFICATION
957755,12/3/2020,EQUAL EMPLOYMENT OPPORTUNITY TRAINING - LEAVE TO EXPRESS BREAST MILK
957755,12/2/2020,CLT-LEGAL ISSUES
957755,11/20/2020,CLT-OCCUPATIONAL-WORKPLACE SAFETY AND HEALTH
957755,11/13/2020,CLT-ENFORCEMENT ACTIONS
957755,9/14/2020,"EQUAL EMPLOYMENT OPPORTUNITY TRAINING - SEXUAL HARASSMENT, AWARENESS AND PREVENTION"
957755,9/4/2020,CONSTITUTIONAL POLICING AT COMMUNITY EVENTS (CPACE)
957755,8/26/2020,CLT-TACTICAL AWARENESS AND OFFICER SAFETY
957755,8/11/2020,2019-20 IN-SERVICE CYCLE - CRITICAL INCIDENT TACTICS AND DEVELOPING EFFECTIVE LEADERSHIP SKILLS
957755,7/29/2020,CLT-DOCUMENTATION AND FORMS
957755,7/8/2020,CLT-LEGAL ISSUES
957755,6/30/2020,NEW LAWS AFFECTING POLICE OFFICERS’ CRIMINAL AND CIVIL LIABILITY
957755,6/27/2020,VICTIM BLAMING AND RELEASE OF INFORMATION TO THE MEDIA
957755,6/21/2020,HEALTH AND WELLNESS SECTION - MODULE 12 - IN THAT DARK PLACE - AN OFFICER'S JOURNEY
957755,6/11/2020,FTS - CEW X26P HOLSTER TRAINING AND DISTRIBUTION
957755,6/5/2020,FTS - BALLISTIC VEST REPLACEMENT - DISTRIBUTION - PRE AUGUST 2020
957755,6/1/2020,COLLABORATIVE POLICING- FOREIGN LANGUAGE CERTIFICATION VIDEO
957755,6/1/2020,COVID-19: PREPAREDNESS YOUR FAMILY AND HOME
957755,6/1/2020,HEALTH AND WELLNESS SECTION - MODULE 1 - PSYCHOLOGICAL HEALTH AND WELLNESS
957755,6/1/2020,HEALTH AND WELLNESS SECTION - MODULE 10 - SEEKING AND RECEIVING MENTAL HEALTH SUPPORT
957755,6/1/2020,HEALTH AND WELLNESS SECTION - MODULE 11 - HEALTH AND RESILIENCY
957755,6/1/2020,HEALTH AND WELLNESS SECTION - MODULE 2 - JOB COUNSELING AND STRESS
957755,6/1/2020,HEALTH AND WELLNESS SECTION - MODULE 3 - WARNING SIGNS
957755,6/1/2020,HEALTH AND WELLNESS SECTION - MODULE 4 - CUMULATIVE TRAUMA
957755,6/1/2020,HEALTH AND WELLNESS SECTION - MODULE 5 - GAINING PERSPECTIVE
957755,6/1/2020,HEALTH AND WELLNESS SECTION - MODULE 6 - COPING WITH SIGNS OF ANXIETY DEPRESSION
957755,6/1/2020,HEALTH AND WELLNESS SECTION - MODULE 7 - LEADING WITH COMPASSION
957755,6/1/2020,"HEALTH AND WELLNESS SECTION - MODULE 8 - WARNING SIGNS, SUPPORT AND OUTREACH"
957755,6/1/2020,HEALTH AND WELLNESS SECTION - MODULE 9 - MANAGING STRESS ON THE JOB
957755,6/1/2020,TACTICAL AWARENESS-SMARTPHONE SAFETY
957755,5/21/2020,COVID-19: PREPAREDENESS
957755,5/21/2020,COVID-19: PROTECTIVE MASKS
957755,4/30/2020,SAFETY CONSIDERATIONS FOR PATROLLING THE NYC SUBWAY SYSTEM -DANGERS OF THE PLATFORM EDGE
957755,3/17/2020,"AXON BODY-WORN CAMERA TRAINING - CAMERA OPERATION, AXON VIEW AND EVIDENCE.COM (REQUIRED FOR LE4 COMM"
957755,3/10/2020,FTS - TACTICAL TRAINING CENTER 113 PCT - SESSION 1
957755,3/7/2020,UTILIZING BALLISTIC PROTECTION IN DEPARTMENT VEHICLES (4:09)
957755,3/3/2020,CLT-DOCUMENTATION AND FORMS
957755,2/13/2020,FTS - BALLISTIC VEST REPLACEMENT - MEASUREMENT - PRE AUG 2020
957755,2/8/2020,CRIMINAL JUSTICE BUREAU - GIGLIO MATERIAL DISCLOSURES UNDER THE NEW DISCOVERY LAWS
957755,1/24/2020,CROSSFIRE MITIGATION DURING CLOSE COMBAT INCIDENTS - PART 2
957755,1/24/2020,PROCESSING DISCOVERY MATERIAL IN THE FORMS ARREST FOLDER
957755,12/27/2019,ACTIVITY LOG FOR IPHONE COMMAND - UNIT TRAINING
957755,12/23/2019,ACTIVITY LOG FOR IPHONE COMMAND - UNIT TRAINING
957755,12/15/2019,ACTIVITY LOG FOR IPHONE
957755,12/15/2019,CROSSFIRE MITIGATION DURING CLOSE COMBAT INCIDENTS
957755,12/15/2019,RESPONDING TO COMMERCIAL ROBBERIES PART LL - MODULE 1 AND MODULE 2
957755,11/26/2019,CJB - DESK APPEARANCE TICKETS: THE NEW LAWS AND GUIDELINES FOR PROCESSING DATS
957755,11/26/2019,CJB - OVERVIEW OF THE NEW DISCOVERY LAWS
957755,11/16/2019,DISCHARGING YOUR FIREARM AT A MOVING THREAT
957755,11/8/2019,CRIMINAL JUSTICE BUREAU - DNA TRAINING VIDEO
957755,11/8/2019,FORCE POLICY UPDATE VIDEO
957755,10/10/2019,CLT-DOCUMENTATION AND FORMS
957755,10/10/2019,CLT-PROCEDURAL OPERATIONS
957755,10/10/2019,DOMESTIC VIOLENCE EDUCATION AND COUNSELING
957755,10/9/2019,FTS - ANNUAL CEW RECERTIFICATION
957755,10/4/2019,CRITICAL DECISION MAKING MODEL
957755,10/4/2019,MARIJUANA POLICY UPDATE
957755,9/19/2019,SHIELD OF RESILIENCE TRAINING COURSE
957755,9/17/2019,CLT-PROFESSIONAL DEVELOPMENT
957755,8/21/2019,CLT-DOCUMENTATION AND FORMS
957755,8/21/2019,RESPONDING TO COMMERCIAL ROBBERIES
957755,8/2/2019,COLLABORATIVE POLICING - MEDIATION REFERRAL PROGRAM FOR NON-CRIMINAL COMPLAINTS
957755,8/1/2019,RESPONDING TO PEOPLE IN CRISIS – MODULE 4: USING DEPARTMENT MOBILE DIGITAL DEVICES
957755,8/1/2019,TRANSIT BUREAU - SAFETY CONSIDERATIONS FOR PATROLLING THE NYC SUBWAY SYSTEM
957755,8/1/2019,TRANSIT BUREAU - SAFETY CONSIDERATIONS FOR PATROLLING THE NYC SUBWAY SYSTEM - PART 2
957755,8/1/2019,TRANSIT BUREAU - TIMELY RESUMPTION OF SERVICE IN NYC TRANSIT
957755,7/19/2019,2017-2019 IN-SERVICE CYCLE-INVESTIGATIVE ENCOUNTERS- BASIC TRAINING WITH SCENARIOS
957755,7/8/2019,CLT-OCCUPATIONAL-WORKPLACE SAFETY AND HEALTH
957755,6/20/2019,CLT-ENFORCEMENT ACTIONS
957755,6/20/2019,WORLDPRIDE NYC 2019
957755,6/19/2019,CLT-ENFORCEMENT ACTIONS
957755,6/6/2019,CLT-TACTICAL AWARENESS AND OFFICER SAFETY
957755,6/4/2019,COLLABORATIVE POLICING - THE DEAF AND HARD OF HEARING COMMUNITY
957755,5/9/2019,CLT-ENFORCEMENT ACTIONS
957755,4/28/2019,RESPONDING TO PEOPLE IN CRISIS - MODULES 2 AND 3: ACTIVE LISTENING PARTS 1 AND 2
957755,4/4/2019,LEGAL BUREAU - PERJURY TRAINING MODULE
957755,4/4/2019,SAFEGUARDING PRISONERS - OFFICER SAFETY GUIDELINES
957755,3/15/2019,CLT-DOCUMENTATION AND FORMS
957755,3/15/2019,COLLABORATIVE POLICING - ELDER ABUSE
957755,2/15/2019,TEXT TO 911 - INTRODUCTION
957755,2/14/2019,"SUPPORT SERVICES DIVISION - CLASS ""C"" OPERATOR"
957755,1/23/2019,PATROL DOOR BAG - ROPE AND WEDGE INTRODUCTION
957755,1/23/2019,TEXT TO 911 - INTRODUCTION
957755,1/15/2019,EQUAL EMPLOYMENT OPPORTUNITYTRAINING - SEXUAL HARASSMENT AWARENESS AND PREVENTION
957755,1/15/2019,RESPONDING TO PEOPLE IN CRISIS - MODULE 1: SENDING THE RIGHT SIGNALS
957755,12/7/2018,CLT-ENFORCEMENT ACTIONS
957755,12/7/2018,MARIJUANA BURNING ENFORCEMENT POLICY
957755,11/21/2018,AMERICANS WITH DISABILITIES ACT (ADA)
957755,11/21/2018,CLT-ENFORCEMENT ACTIONS
957755,11/21/2018,CLT-HUMAN RESOURCES AND PERSONNEL MATTERS
957755,11/21/2018,CLT-PROCEDURAL OPERATIONS
957755,11/21/2018,"CLT-UNIFORMS, PERSONAL APPEARANCE AND EQUIPMENT"
957755,11/20/2018,FTS - ANNUAL CEW RECERTIFICATION
957755,10/23/2018,RESPONDING TO PEOPLE IN CRISIS-INTRODUCTION TO CIT VIDEO SERIES
957755,10/9/2018,CLT-PROCEDURAL OPERATIONS
957755,10/8/2018,NYC RIGHT TO KNOW ACT LEGISLATION - PART 2
957755,10/8/2018,NYC RIGHT TO KNOW ACT LEGISLATION – PART 1
957755,10/2/2018,CLT-LEGAL ISSUES
957755,9/21/2018,RAISE THE AGE
957755,9/17/2018,CLT-ENFORCEMENT ACTIONS
957755,9/6/2018,CPS FAIR AND IMPARTIAL POLICING - ALL POS AND DETS
957755,8/30/2018,CLT-LEGAL ISSUES
957755,8/23/2018,CLT-LEGAL ISSUES
957755,8/16/2018,CABARET/CLUB ENFORCEMENT TRAINING
957755,7/31/2018,CLT-PROCEDURAL OPERATIONS
957755,7/31/2018,FTS - CEW END USER CERTIFICATION
957755,7/31/2018,FTS - CEW X26P HOLSTER TRAINING AND DISTRIBUTION
957755,7/5/2018,CLT-COUNTERTERRORISM AND INTELLIGENCE
957755,7/5/2018,COMMUNICATIONS- THE PROPER USAGE OF THE IDA RADIO CODES
957755,6/15/2018,CPS BODY-WORN CAMERA TRAINING WITH SCENARIOS
957755,4/13/2018,CLT-INFORMATION TECHNOLOGY
957755,4/10/2018,CLT-PROCEDURAL OPERATIONS
957755,4/10/2018,NARCAN NASAL SPRAY TRAINING
957755,4/2/2018,2017-2019 IN-SERVICE CYCLE-INTEGRATED TACTICS
957755,3/27/2018,CLT-PROCEDURAL OPERATIONS
957755,3/5/2018,CLT-PROCEDURAL OPERATIONS
957755,2/27/2018,CLT-PROPERTY
957755,2/19/2018,CLT-EQUAL EMPLOYMENT OPPORTUNITY
957755,2/19/2018,LEGAL BUREAU PERFORMANCE METRICS - PROHIBITED CONDUCT
957755,1/17/2018,CLT-EQUAL EMPLOYMENT OPPORTUNITY
957755,11/29/2017,INFORMATION SECURITY AWARENESS TRAINING
957755,9/26/2017,COLLABORATIVE POLICING- ACCESSING TELEPHONIC INTERPRETERS VIA LANGUAGE LINE
957755,9/26/2017,PATROL- POLYCARBONATE SHIELD
957755,8/1/2017,POLICE COMMISSIONERS MESSAGE - VICTIMS OF SEXUAL ASSAULT VIDEO
957755,7/17/2017,PERSONNEL BUREAU NYPD EMPLOYEE ASSISTANCE UNIT (EAU)
957755,6/9/2017,"CPS INTERIOR PATROL OF HOUSING AUTHORITY BUILDINGS, PG 212-60 ROLL CALL VIDEO 1"
957755,6/9/2017,"CPS INTERIOR PATROL OF HOUSING AUTHORITY BUILDINGS, PG 212-60 ROLL CALL VIDEO 2"
957755,6/9/2017,CPS INTERIOR PATROL TRESPASS AFFIDAVIT PROGRAM (TAP) VIDEO 1
957755,6/9/2017,CPS INTERIOR PATROL TRESPASS AFFIDAVIT PROGRAM (TAP) VIDEO 2
957755,6/9/2017,CRIMINAL JUSTICE REFORM ACT ROLL CALL TRAINING PART 1
957755,6/9/2017,CRIMINAL JUSTICE REFORM ACT ROLL CALL TRAINING PART 2
957755,5/11/2017,CRIMINAL JUSTICE REFORM ACT ROLL CALL TRAINING PART 1
957755,5/11/2017,CRIMINAL JUSTICE REFORM ACT ROLL CALL TRAINING PART 2
957755,5/1/2017,EQUAL EMPLOYMENT OPPORTUNITY TRANSGENDER DIVERSITY AND INCLUSION:EXECUTIVE ORDER 16
957755,4/12/2017,INVESTIGATIVE ENCOUNTERS-VIDEO #4 DOCUMENTATION AND SUPERVISION-UNIT TRAINING JULY 2016
957755,1/26/2017,FORCE POLICY REVISION-VIDEO-PG 221-UNIT TRAINING MAY 2016
957755,1/25/2017,HATE CRIMES AND BIAS-RELATED INCIDENTS
957755,12/12/2016,HATE CRIMES AND BIAS-RELATED INCIDENTS
957755,12/8/2016,HATE CRIMES AND BIAS-RELATED INCIDENTS
957755,11/30/2016,BTK (BELT TRAUMA KIT DISTRIBUTION AND FAMILIARIZATION)
957755,9/29/2016,PUBLIC CONTACT AND CONSENT TO SEARCH (RIGHT TO KNOW) - UNIT TRAINING AUGUST 2016
957755,9/21/2016,PUBLIC CONTACT AND CONSENT TO SEARCH (RIGHT TO KNOW) - UNIT TRAINING AUGUST 2016
957755,6/13/2016,INVESTIGATIVE ENCOUNTERS-VIDEO #3 TERRY STOPS AND REASONABLE SUSPICION-UNIT TRAINING JUNE 2016
957755,5/27/2016,INVESTIGATIVE ENCOUNTERS-VIDEO #2 COMMON LAW RIGHT OF INQUIRY-UNIT TRAINING MAY 2016
957755,2/23/2016,INVESTIGATIVE ENCOUNTERS-VIDEO #1 REQUEST FOR INFO-UNIT TRAINING FEB 2016
957755,2/19/2016,2016-17 INSERVICE CYCLE-PHYSICAL TACTICS
957755,1/14/2016,WINDOWS PHONE TRAINING AND DISTRIBUTION
957755,12/9/2015,FORCE POLICY REVISION-PAMPHLET - PG 221 - UNIT TRAINING DECEMBER 2015
957755,11/25/2015,FORCE POLICY REVISION-PAMPHLET - PG 221 - UNIT TRAINING DECEMBER 2015
957755,11/23/2015,FORCE POLICY REVISION-PAMPHLET - PG 221 - UNIT TRAINING DECEMBER 2015
957755,11/9/2015,EMERGENCY VEHICLE OPERATION JULY 07 - PRESENT
957755,11/9/2015,FIELD TRAINING PROGRAM JULY 07 - PRESENT
957755,11/9/2015,PHYSICAL EDUCATION PART 1: FOUNDATIONS OF PHYSICAL FITNESS
957755,11/9/2015,PHYSICAL EDUCATION PART 2: DEFENSIVE TACTICS JULY 07 - PRESENT
957755,11/9/2015,PHYSICAL EDUCATION PART 3: AMERICAN HEART ASSOCIATION BASIC LIFE SUPPORT
957755,11/9/2015,POLICE CRISIS INTERVENTION JULY 07 - PRESENT
957755,11/9/2015,POLICE FIELD PROBLEMS JULY 07 - PRESENT
957755,11/9/2015,POLICE INVESTIGATION AND REPORTING JULY 07 - PRESENT
957755,11/9/2015,POLICING A DEMOCRACY JULY 07 - PRESENT
957755,11/9/2015,POLICING SPECIAL POPULATIONS JULY 07 - PRESENT
957755,11/9/2015,PROCEDURAL LAW JULY 07 - PRESENT
957755,11/9/2015,SUBSTANTIVE LAW JULY 07 - PRESENT
957755,11/9/2015,TERRORISM AWARENESS AND RESPONSE JULY 07 - PRESENT
957755,7/2/2015,20K TRAINING INITIATIVE - PHYSICAL TACTICS
957755,6/29/2015,RECRUIT RAPID DEPLOYMENT-ACTIVE SHOOTER
957755,6/26/2015,POLICE ACADEMY RECRUIT NIMS 700 WRITTEN EXAM
957755,6/24/2015,POLICE ACADEMY RECRUIT CIMS WRITTEN EXAM
957755,6/16/2015,POLICE ACADEMY RECRUIT STOP QUESTION & FRISK WRITTEN EXAM
957755,6/12/2015,FIREARMS 5 DAY TACTICAL APPLICATION V1
957755,6/9/2015,PTTD WATER SAFETY
957755,5/22/2015,PTTD DEFENSIVE TACTICS REVIEW WRITTEN EXAM
957755,5/21/2015,20K TRAINING INITIATIVE - PHYSICAL TACTICS
957755,5/20/2015,20K TRAINING INITIATIVE - FOUNDATIONS OF POLICING
957755,5/20/2015,20K TRAINING INITIATIVE - SMART POLICING
957755,5/18/2015,RECRUIT 12 PASSENGER VAN / UTILITY VEHICLE QUALIFICATION
957755,5/15/2015,RECRUIT RMP QUALIFICATION / RMP OPERATOR QUALIFIED
957755,5/8/2015,FIREARMS 5 DAY TACTICAL SKILLS V1
957755,5/5/2015,OFF DUTY PISTOL CERTIFIED
957755,5/5/2015,RECRUIT TACTICAL FIREARMS QUALIFICATION AND TRAINING OFF DUTY PISTOL CERTIFIED
957755,4/24/2015,RECRUIT BASIC FIREARMS QUALIFICATION AND TRAINING
957755,4/17/2015,FIRST AID WRITEN EXAM
957755,4/16/2015,PTTD C.P.R. / A.E.D. WRITTEN EXAM
957755,4/15/2015,PTTD WEAPONS DEFENSE
957755,4/13/2015,POLICE ACADEMY RECRUIT 2ND TRIMESTER EXAM
957755,4/1/2015,GROUND TACTICS
957755,3/24/2015,RECRUIT TRAINING COMPUTER COURSE
957755,3/20/2015,POLICE ACADEMY RECRUIT JUSTIFICATION WRITTEN EXAM
957755,3/17/2015,COBRA - COHORT TRAINING
957755,3/11/2015,PTTD EXPANDABLE BATON
957755,3/6/2015,BATON
957755,3/2/2015,POLICE ACADEMY RECRUIT 1ST TRIMESTER EXAM
957755,3/2/2015,POLICE ACADEMY RECRUIT 1ST TRIMESTER PRACTICE WRITTEN EXAM
957755,3/2/2015,POLICE ACADEMY RECRUIT PREREADING EXAM
957755,3/2/2015,"PTTD CARDIO ENDURANCE TEST, 1ST ATTEMPT"
957755,2/25/2015,FRISKING AND HANDCUFFING
957755,2/18/2015,PTTD DEFENSIVE TACTICS PRACTICAL EXAM
957755,2/11/2015,JOB STANDARDS TEST ATTEMPT #1
957755,2/6/2015,PTTD C.P.R. / A.E.D. WRITTEN EXAM
957755,2/6/2015,PTTD CPR PRACTICAL EXAM
957755,1/7/2015,12 PASSENGER VAN / UTILITY VEHICLE QUALIFICATION
957755,1/7/2015,FOUR WHEEL DRIVE TRAINING
949188,6/24/2025,2025 EQUAL EMPLOYMENT OPPORTUNITY TRAINING - SEXUAL HARASSMENT AWARENESS AND PREVENTION
949188,6/24/2025,RIGHT TO KNOW ACT SQF MODULE 9
949188,6/24/2025,SQF REVIEW AND DOCUMENTATION: SQF MODULE 10
949188,6/19/2025,2025 BWC PROFICIENCY TRAINING
949188,6/19/2025,2025 IDENTIFYING THE IMPAIRED DRIVER REFRESHER
949188,6/19/2025,EAU 2025 POLICE COMMISSIONER JESSICA S. TISCH
949188,5/1/2025,RADIO EMERGENCY PATROL (REP) QUALIFICATION
949188,2/20/2025,VEHICLE PURSUITS
949188,1/11/2025,ACTIVE SHOOTER - SCHOOL RESPONSE PROTOCOL
949188,1/11/2025,KEVIN AND AVONTE SAFE HOME PROGRAM
949188,1/1/2025,CELL BLOCK FIRESHIELD EV BLANKETS
949188,1/1/2025,MULTI-FACTOR AUTHENTICATION MFA TRAINING
949188,12/13/2024,BEHAVIORAL HEALTH EMERGENCY ASSISTANCE RESPONSE DIVISION B-HEARD
949188,12/13/2024,INFORMATION SECURITY AWARENESS TRAINING 2024
949188,12/13/2024,NOTIFICATION OF ALLEGATIONS AND EMPLOYEE RIGHTS
949188,11/26/2024,COLT COMMANDO CERTIFIED (ESU SCHOOL)
949188,11/26/2024,ESU SPECIAL WEAPONS SCHOOL
949188,11/26/2024,GLOCK LIGHTED PISTOL CERTIFIED (ESU SCHOOL)
949188,11/26/2024,HECKLER & KOCH MP5 CERTIFIED (ESU SPECIAL WEAPONS)
949188,11/26/2024,MOSSBERG CERTIFIED (ESU SCHOOL)
949188,11/26/2024,OFF DUTY PISTOL COURSE OF FIRE (ESU SPECIAL WEAPONS)
949188,11/26/2024,SERVICE PISTOL COURSE OF FIRE (ESU SPECIAL WEAPONS)
949188,11/17/2024,DRIVING WHILE INTOXICATED AWARENESS VIDEO MODULE 1
949188,11/15/2024,LEAVING THE SCENE COLLISIONS INVESTIGATIVE BEST PRACTICES
949188,11/8/2024,AXON AB2 TO AB3 REFRESH FOR ESU
949188,10/19/2024,SRG - RESCUE TASK FORCE - LEVEL II
949188,10/6/2024,FAMILY BUILDING
949188,10/6/2024,NORTHWELL DIRECT FINEST CARE PROGRAM FOR UMOS
949188,10/3/2024,SRG - 2024 C02 - BICYCLE REFRESHER
949188,8/28/2024,SRG - 2024 C02 - FFO REFRESHER
949188,8/22/2024,RACIAL PROFILING AND BIASED BASED POLICING: SQF MODULE 8
949188,8/20/2024,UNMANNED AIRCRAFT SYSTEMS VISUAL OBSERVER
949188,8/19/2024,RAPE IS RAPE
949188,8/8/2024,APX NEXT PORTABLE AND RADIO DISCIPLINE TRAINING VIDEO
949188,8/3/2024,SRG - RESCUE TASK FORCE - LEVEL II
949188,7/14/2024,ACCURATE COMPLAINT REPORT CLASSIFICATION
949188,7/14/2024,MENTAL HEALTH INVOLUNTARY REMOVALS MHL 9.41 AND MHL 9.58
949188,7/14/2024,TACTICS WHEN ENGAGING INDIVIDUALS IN A MENTAL HEALTH CRISIS
949188,6/23/2024,LEVEL 1 AND LEVEL 2 INVESTIGATIVE ENCOUNTERS
949188,6/15/2024,SRG - RESCUE TASK FORCE - LEVEL II
949188,5/13/2024,ASSISTING SURVIVORS OF SEXUAL BASED VIOLENCE WITH ACCESS TO RESOURCES
949188,5/13/2024,DRIVE SMART 2024
949188,5/7/2024,SRG - RAPID MOBILIZATION
949188,4/30/2024,2024 EQUAL EMPLOYMENT OPPORTUNITY TRAINING - SEXUAL HARASSMENT AWARENESS AND PREVENTION
949188,4/30/2024,HOUSING BUREAU INTERIOR PATROL TACTICS
949188,4/18/2024,SRG - 2024 C01 - FFO REFRESHER
949188,4/10/2024,NYCHA INTERIOR PATROL: SQF MODULE 7
949188,4/10/2024,POLICING THE SUBWAY 2024
949188,3/17/2024,2024 VEHICLE SEIZURE FORM REFRESHER
949188,3/17/2024,EMPLOYEE ASSISTANCE UNIT (E.A.U.) IS HERE FOR YOU- 2024
949188,1/25/2024,FTS - ANNUAL CEW RECERTIFICATION
949188,1/18/2024,AUTISM SPECTRUM DISORDER
949188,1/18/2024,"POSSESSION OR INGESTION OF ANABOLIC STEROIDS, HUMAN GROWTH HORMONE, AND NUTRITIONAL SUPPLEMENTS"
949188,1/13/2024,BARRIER TRUCK CERTIFIED
949188,1/4/2024,SRG - RAPID MOBILIZATION
949188,12/25/2023,INVESTIGATIVE ENCOUNTERS SUMMARY: SQF MODULE 6
949188,12/25/2023,LGBTQIA PLUS - DIVERSITY AND INCLUSION
949188,12/25/2023,OPIOID DANGERS- FENTANYL AND CARFENTANIL
949188,11/20/2023,AUGMENTED REALITY FEATURE
949188,11/20/2023,ELDER ABUSE -2023 REFRESHER
949188,11/13/2023,SRG - RESCUE TASK FORCE - LEVEL II
949188,11/7/2023,SRG - 2023 C02 - FFO REFRESHER
949188,11/4/2023,SRG - RESCUE TASK FORCE - LEVEL II
949188,11/1/2023,INVESTIGATIVE ENCOUNTERS 2023: MODULE 5 SQF LEVELS 3 AND 4
949188,10/19/2023,NYPD RECRUITMENT TRAINING VIDEO
949188,10/9/2023,INFORMATION SECURITY AWARENESS TRAINING - 2023
949188,10/9/2023,VEHICLE MOUNTED VIDEO SYSTEM
949188,10/6/2023,URBAN WATER RESCUE: FULL CERTIFICATION
949188,9/26/2023,EFFECTIVE COMMUNICATION SKILLS - DEAF OR HARD OF HEARING
949188,8/29/2023,NYPD JOUVERT AND WEST INDIAN DAY-2023
949188,8/24/2023,SRG - TACTICAL ANGLE PISTOL COURSE (TAP-C) - LEVEL II
949188,8/16/2023,SRG - RAPID MOBILIZATION
949188,8/8/2023,SRG - 2023 C02 - BICYCLE REFRESHER
949188,8/6/2023,2023 SUMMER ALL-OUT BODY WORN CAMERA TRAINING
949188,8/6/2023,UNMANNED AIRCRAFT PERMIT: DRONES FOR PUBLIC USE
949188,7/12/2023,TRAFFIC COURT TESTIMONY VIDEO
949188,6/26/2023,URBAN WATER RESCUE: SWIM TEST
949188,5/23/2023,SRG - 2023 C01 - BICYCLE REFRESHER
949188,5/22/2023,"INVESTIGATIVE ENCOUNTERS 2023: MODULE 4 SQF LEVELS 2, 3 AND 4"
949188,5/21/2023,SRG - RAPID MOBILIZATION (PATROL) LEVEL 4
949188,5/8/2023,SRG - RAPID MOBILIZATION (PATROL) LEVEL 4
949188,5/1/2023,2023 EQUAL EMPLOYMENT OPPORTUNITY TRAINING-SEXUAL HARASSMENT AWARENESS AND PREVENTION
949188,4/13/2023,2023 LANGUAGE MATTERS - FOSTERING A POSITIVE WORK ENVIRONMENT
949188,4/1/2023,SRG - RESCUE TASK FORCE - LEVEL II
949188,3/31/2023,SRG - 2023 C01 - CIRC REFRESHER
949188,3/28/2023,SRG - RAPID MOBILIZATION
949188,3/27/2023,ESPER POLICY LIBRARY
949188,3/27/2023,INVESTIGATIVE ENCOUNTERS 2023: MODULE 3 SQF LEVEL 2
949188,3/18/2023,SRG - RESCUE TASK FORCE - LEVEL II
949188,3/14/2023,CLT-LEGAL ISSUES
949188,3/11/2023,SRG - RESCUE TASK FORCE - LEVEL II
949188,3/7/2023,SRG - RAPID MOBILIZATION
949188,2/22/2023,INFORMATION SECURITY CRIMINAL JUSTICE TRAINING 2023
949188,2/7/2023,SRG - 2023 C01 - FFO REFRESHER
949188,1/31/2023,CLT-ENFORCEMENT ACTIONS
949188,1/26/2023,CONVICTED OFFENDER DNA DATABANK SPECIMEN COLLECTION KIT
949188,1/26/2023,NYPD-U VOLUNTARY - INVOLUNTARY TRANSPORTS
949188,1/26/2023,PROCESSING CIVILIAN COMPLAINTS
949188,1/26/2023,RAISING THE LOWER AGE OF JUVENILE DELINQUENCY
949188,1/20/2023,CLT-PROPERTY
949188,1/19/2023,CLT-DOCUMENTATION AND FORMS
949188,1/18/2023,CLT-LEGAL ISSUES
949188,1/18/2023,CLT-PROCEDURAL OPERATIONS
949188,1/18/2023,CLT-VOLUNTARY - INVOLUNTARY TRANSPORTS
949188,1/18/2023,INVESTIGATIVE ENCOUNTERS 2023 - MODULE 1 INTRODUCTION TO SQF
949188,1/18/2023,INVESTIGATIVE ENCOUNTERS 2023: MODULE 2 SQF LEVEL 1
949188,12/21/2022,SRG - 2022 C01 - REFRESHER - PART I - FFO
949188,11/22/2022,VIDEO 1 - PATROLLING THE NYC SUBWAY SYSTEM 2022
949188,11/22/2022,VIDEO 2 -TACTICAL CONSIDERATIONS FOR TRANSIT PATROL 2022 (PART 1)
949188,11/22/2022,VIDEO 3 - TACTICAL CONSIDERATIONS FOR TRANSIT PATROL 2022 (PART 2)
949188,11/22/2022,VIDEO 4 - PLATFORM SAFETY 2022
949188,11/4/2022,SRG - 2022 C01 - REFRESHER - PART II - CIRC
949188,11/1/2022,LGBTQIA PLUS AWARENESS
949188,10/28/2022,"CLT - VEHICLE STOP, OPTIMAL OFFICER POSITIONING"
949188,10/22/2022,SRG - RESCUE TASK FORCE - LEVEL II
949188,10/20/2022,SRG - RAPID MOBILIZATION
949188,10/12/2022,SRG - RAPID MOBILIZATION
949188,10/11/2022,SRG - RAPID MOBILIZATION
949188,10/10/2022,SRG - 2022 C01 - REFRESHER - BICYCLE
949188,10/4/2022,BELT-WORN TRAUMA KIT REFRESHER TRAINING VIDEO-2022
949188,9/12/2022,THE EMPLOYEE ASSISTANCE UNIT (EAU) IS HERE FOR YOU
949188,8/29/2022,NYPD JOUVERT  WEST INDIAN DAY
949188,7/19/2022,2022 EQUAL EMPLOYMENT OPPORTUNITY TRAINING-SEXUAL HARASSMENT AWARENESS AND PREVENTION
949188,7/19/2022,VEHICLE SEIZURE FORM
949188,6/27/2022,CAR STOP TACTICS FOR PATROL OFFICERS - MODULE 2: PROHIBITED MANEUVERS
949188,6/27/2022,CAR STOP TACTICS FOR PATROL OFFICERS - MODULE 3: THE UNKNOWN RISK STOP
949188,6/27/2022,CAR STOP TACTICS FOR PATROL OFFICERS - MODULE 4: THE HIGH-RISK STOP
949188,6/27/2022,ILLEGAL EVICTIONS
949188,6/26/2022,BEST PRACTICES IN STRUCTURED INTERVIEWING
949188,6/26/2022,CAR STOP TACTICS FOR PATROL OFFICERS - MODULE 1: CONTROLLING THE STOP
949188,6/26/2022,NATIONAL INCIDENT-BASED REPORTING SYSTEM (NIBRS) UPDATES TO THE OMNIFORM COMPLAINT SYSTEMV
949188,5/30/2022,PROHIBITED METHODS OF RESTRAINT
949188,5/17/2022,SRG - RAPID MOBILIZATION
949188,4/30/2022,SRG - RESCUE TASK FORCE - LEVEL II
949188,4/29/2022,CONSTITUTIONAL POLICING AT COMMUNITY EVENTS (CPACE)
949188,3/18/2022,FTS - ANNUAL CEW RECERTIFICATION
949188,3/17/2022,FTS - ANNUAL CEW RECERTIFICATION
949188,1/3/2022,LOCAL LAW 45 OF 2021-TRAFFIC ENCOUNTERS
949188,12/10/2021,SRG - 2021 C02 - PART II (CIRC)
949188,12/1/2021,IDENTIFYING THE IMPAIRED DRIVER
949188,11/22/2021,SRG - 2021 C02 - BICYCLE REFRESHER
949188,11/1/2021,ARRESTS - RELIGIOUS HEAD COVERING GUIDELINES (PG 208-83)
949188,10/15/2021,BODY-WORN CAMERA REVIEW PART TWO
949188,9/28/2021,COVID-19 SELF-COLLECTION KIT INSTRUCTIONS
949188,9/22/2021,NEIGHBORHOOD POLICING APPLICATION TRAINING VIDEO
949188,9/21/2021,SRG - RESCUE TASK FORCE AT PRE-PLANNED EVENTS
949188,9/19/2021,BODY-WORN CAMERA REVIEW PART ONE
949188,9/19/2021,INFORMATION SECURITY AWARENESS TRAINING 2021
949188,9/19/2021,OPIOID OVERDOSE RECOGNITION AND NARCAN ADMINISTRATION -2021
949188,9/15/2021,MAYOR EXECUTIVE ORDER 78 VACCINATION - TESTING COMPLIANCE POLICY
949188,9/13/2021,CLT-OCCUPATIONAL-WORKPLACE SAFETY AND HEALTH
949188,8/12/2021,ACTIVE BYSTANDERSHIP FOR LAW ENFORCEMENT (ABLE): ONE DAY COURSE
949188,7/14/2021,EQUAL EMPLOYMENT OPPORTUNITY TRAINING - SEXUAL HARASSMENT AWARENESS AND PREVENTION 2021
949188,6/17/2021,"CLT-INTEGRITY, ETHICS AND DISCIPLINE"
949188,6/2/2021,SRG - 2021 REFRESHER - PART I
949188,5/30/2021,PATROL GUIDE 215-17 POLICE ACTIONS RELATED QUESTIONING ARRESTS AND INVESTIGATIONS AT A NYC DEPARTMEN
949188,5/20/2021,OVERVIEW OF THE NEW DISCOVERY LAWS 2021 REFRESHER
949188,4/30/2021,SRG - 2021 REFRESHER- PART II
949188,4/26/2021,EMPLOYEE ASSISTANCE UNIT-2021
949188,4/15/2021,SRG - RAPID MOBILIZATION
949188,4/13/2021,DESK APPEARANCE TICKETS: THE NEW LAW AND THE NEW GUIDELINES FOR PROCESSING DAT'S - 2021 REFRESHER
949188,4/13/2021,EQUAL EMPLOYMENT OPPORTUNITY TRAINING - LGBTQIA+ DIVERSITY AND INCLUSION / EXECUTIVE ORDER 16 OF 201
949188,1/24/2021,COVID VACCINE DISTRIBUTION AND EDUCATION
949188,12/3/2020,EQUAL EMPLOYMENT OPPORTUNITY TRAINING - LEAVE TO EXPRESS BREAST MILK
949188,9/16/2020,VERTEX 949 RADIO OPERATIONAL INSTRUCTIONS
949188,9/3/2020,FTS - ANNUAL CEW RECERTIFICATION
949188,7/24/2020,HEALTH AND WELLNESS SECTION - MODULE 16 - GRIEF AND COPING
949188,7/23/2020,HEALTH AND WELLNESS SECTION - MODULE 14 - FINANCIAL WELLNESS PART 1
949188,7/21/2020,HEALTH AND WELLNESS SECTION - MODULE 13 - MINDFULNESS
949188,7/20/2020,VICTIM BLAMING AND RELEASE OF INFORMATION TO THE MEDIA
949188,7/2/2020,"EQUAL EMPLOYMENT OPPORTUNITY TRAINING - SEXUAL HARASSMENT, AWARENESS AND PREVENTION"
949188,7/2/2020,HEALTH AND WELLNESS SECTION - MODULE 9 - MANAGING STRESS ON THE JOB
949188,7/1/2020,COVID-19: PREPAREDNESS YOUR FAMILY AND HOME
949188,7/1/2020,HEALTH AND WELLNESS SECTION - MODULE 1 - PSYCHOLOGICAL HEALTH AND WELLNESS
949188,7/1/2020,HEALTH AND WELLNESS SECTION - MODULE 10 - SEEKING AND RECEIVING MENTAL HEALTH SUPPORT
949188,7/1/2020,HEALTH AND WELLNESS SECTION - MODULE 11 - HEALTH AND RESILIENCY
949188,7/1/2020,HEALTH AND WELLNESS SECTION - MODULE 12 - IN THAT DARK PLACE - AN OFFICER'S JOURNEY
949188,7/1/2020,HEALTH AND WELLNESS SECTION - MODULE 2 - JOB COUNSELING AND STRESS
949188,7/1/2020,HEALTH AND WELLNESS SECTION - MODULE 3 - WARNING SIGNS
949188,7/1/2020,HEALTH AND WELLNESS SECTION - MODULE 4 - CUMULATIVE TRAUMA
949188,7/1/2020,HEALTH AND WELLNESS SECTION - MODULE 5 - GAINING PERSPECTIVE
949188,7/1/2020,HEALTH AND WELLNESS SECTION - MODULE 6 - COPING WITH SIGNS OF ANXIETY DEPRESSION
949188,7/1/2020,HEALTH AND WELLNESS SECTION - MODULE 7 - LEADING WITH COMPASSION
949188,7/1/2020,"HEALTH AND WELLNESS SECTION - MODULE 8 - WARNING SIGNS, SUPPORT AND OUTREACH"
949188,7/1/2020,NEW LAWS AFFECTING POLICE OFFICERS’ CRIMINAL AND CIVIL LIABILITY
949188,5/11/2020,COVID-19: PREPAREDENESS
949188,5/11/2020,COVID-19: PROTECTIVE MASKS
949188,5/11/2020,CRIMINAL JUSTICE BUREAU - GIGLIO MATERIAL DISCLOSURES UNDER THE NEW DISCOVERY LAWS
949188,5/11/2020,SAFETY CONSIDERATIONS FOR PATROLLING THE NYC SUBWAY SYSTEM -DANGERS OF THE PLATFORM EDGE
949188,3/10/2020,FTS - TACTICAL TRAINING CENTER 069 PCT - SESSION 2
949188,2/17/2020,UTILIZING BALLISTIC PROTECTION IN DEPARTMENT VEHICLES (4:09)
949188,1/21/2020,CROSSFIRE MITIGATION DURING CLOSE COMBAT INCIDENTS - PART 2
949188,1/21/2020,PROCESSING DISCOVERY MATERIAL IN THE FORMS ARREST FOLDER
949188,1/17/2020,SRG - TACTICAL TRAINING COURSE - LEVEL IVA
949188,12/24/2019,COLLABORATIVE POLICING- HUMAN TRAFFICKING
949188,12/24/2019,DETECTIVE BUREAU RETRIEVING BODY WORN CAMERA DATA
949188,12/24/2019,SAFEGUARDING HOSPITALIZED PRISONERS
949188,12/16/2019,ACTIVITY LOG FOR IPHONE
949188,12/16/2019,CJB - DESK APPEARANCE TICKETS: THE NEW LAWS AND GUIDELINES FOR PROCESSING DATS
949188,12/16/2019,CJB - OVERVIEW OF THE NEW DISCOVERY LAWS
949188,12/16/2019,CRITICAL INCIDENT TACTICS - RESPONDING TO COMMERCIAL ROBBERIES (EXTENDED VERSION)
949188,12/16/2019,INCREASE OFFICER SAFETY DURING VEHICLE STOPS
949188,12/13/2019,ESU TACTICS ADVANCED - ACTIVE SHOOTER
949188,12/6/2019,CROSSFIRE MITIGATION DURING CLOSE COMBAT INCIDENTS
949188,12/6/2019,RESPONDING TO COMMERCIAL ROBBERIES PART LL - MODULE 1 AND MODULE 2
949188,12/3/2019,FTS - ANNUAL CEW RECERTIFICATION
949188,11/12/2019,DISCHARGING YOUR FIREARM AT A MOVING THREAT
949188,10/28/2019,PRISONER ESCAPE WARNING SIGNS
949188,10/28/2019,SUCCESSFULLY DISARMING AN EMOTIONALLY DISTURBED PERSON
949188,10/12/2019,SRG - RESCUE TASK FORCE AT PRE-PLANNED EVENTS
949188,10/10/2019,CRIMINAL JUSTICE BUREAU - DNA TRAINING VIDEO
949188,10/10/2019,CRITICAL DECISION MAKING MODEL
949188,10/10/2019,FORCE POLICY UPDATE VIDEO
949188,10/10/2019,MARIJUANA POLICY UPDATE
949188,9/9/2019,SHIELD OF RESILIENCE TRAINING COURSE
949188,9/6/2019,DOMESTIC VIOLENCE EDUCATION AND COUNSELING
949188,9/6/2019,SRG - LONG RANGE ACOUSTIC DEVICE (LRAD)”
949188,8/5/2019,RESPONDING TO COMMERCIAL ROBBERIES
949188,8/1/2019,CPS FAIR AND IMPARTIAL POLICING - ALL POS AND DETS
949188,7/26/2019,COMMAND LEVEL TRAINING
949188,7/15/2019,SRG - TACTICAL ANGLE PISTOL COURSE (TAP-C) - LEVEL I
949188,7/8/2019,RESPONDING TO PEOPLE IN CRISIS – MODULE 4: USING DEPARTMENT MOBILE DIGITAL DEVICES
949188,7/8/2019,TRANSIT BUREAU - SAFETY CONSIDERATIONS FOR PATROLLING THE NYC SUBWAY SYSTEM
949188,7/8/2019,TRANSIT BUREAU - SAFETY CONSIDERATIONS FOR PATROLLING THE NYC SUBWAY SYSTEM - PART 2
949188,7/8/2019,TRANSIT BUREAU - TIMELY RESUMPTION OF SERVICE IN NYC TRANSIT
949188,6/22/2019,SRG - RESCUE TASK FORCE - LEVEL II
949188,6/12/2019,SRG - RAPID MOBILIZATION (CIRC)
949188,6/10/2019,COLLABORATIVE POLICING - MEDIATION REFERRAL PROGRAM FOR NON-CRIMINAL COMPLAINTS
949188,6/10/2019,WORLDPRIDE NYC 2019
949188,6/9/2019,SRG - RESCUE TASK FORCE AT PRE-PLANNED EVENTS
949188,5/31/2019,COMMAND LEVEL TRAINING
949188,5/24/2019,RESPONDING TO PEOPLE IN CRISIS - MODULES 2 AND 3: ACTIVE LISTENING PARTS 1 AND 2
949188,5/23/2019,CPS BODY-WORN CAMERA TRAINING WITH SCENARIOS
949188,5/20/2019,COLLABORATIVE POLICING - THE DEAF AND HARD OF HEARING COMMUNITY
949188,5/17/2019,SRG - TACTICAL TRAINING COURSE - LEVEL IV
949188,5/14/2019,SRG - 2019 REFRESHER
949188,4/17/2019,FTS - CEW END USER CERTIFICATION
949188,4/1/2019,COLLABORATIVE POLICING - ELDER ABUSE
949188,4/1/2019,COLLABORATIVE POLICING- POLICING IN TODAY’S MULTI-FAITH NY
949188,4/1/2019,LEGAL BUREAU - PERJURY TRAINING MODULE
949188,4/1/2019,SAFEGUARDING PRISONERS - OFFICER SAFETY GUIDELINES
949188,4/1/2019,"SUPPORT SERVICES DIVISION - CLASS ""C"" OPERATOR"
949188,1/18/2019,RESPONDING TO PEOPLE IN CRISIS - MODULE 1: SENDING THE RIGHT SIGNALS
949188,12/21/2018,EQUAL EMPLOYMENT OPPORTUNITYTRAINING - SEXUAL HARASSMENT AWARENESS AND PREVENTION
949188,12/5/2018,MARIJUANA BURNING ENFORCEMENT POLICY
949188,12/4/2018,SRG - RESCUE TASK FORCE
949188,11/13/2018,SRG - TACTICAL TRAINING COURSE - LEVEL IIIA
949188,10/31/2018,AMERICANS WITH DISABILITIES ACT (ADA)
949188,10/17/2018,RESPONDING TO PEOPLE IN CRISIS-INTRODUCTION TO CIT VIDEO SERIES
949188,10/12/2018,SRG - RAPID MOBILIZATION (CIRC)
949188,10/2/2018,NYC RIGHT TO KNOW ACT LEGISLATION - PART 2
949188,10/2/2018,NYC RIGHT TO KNOW ACT LEGISLATION – PART 1
949188,9/24/2018,SRG - M-4 REFRESHER TRAINING
949188,9/6/2018,2017-2019 IN-SERVICE CYCLE-INVESTIGATIVE ENCOUNTERS- BASIC TRAINING WITH SCENARIOS
949188,9/4/2018,INVESTIGATIVE ENCOUNTERS-VIDEO #2 COMMON LAW RIGHT OF INQUIRY-UNIT TRAINING MAY 2016
949188,9/4/2018,INVESTIGATIVE ENCOUNTERS-VIDEO #3 TERRY STOPS AND REASONABLE SUSPICION-UNIT TRAINING JUNE 2016
949188,9/4/2018,INVESTIGATIVE ENCOUNTERS-VIDEO #4 DOCUMENTATION AND SUPERVISION-UNIT TRAINING JULY 2016
949188,9/4/2018,RAISE THE AGE
949188,8/27/2018,CLT-ENFORCEMENT ACTIONS
949188,5/16/2018,COMMUNICATIONS- THE PROPER USAGE OF THE IDA RADIO CODES
949188,5/16/2018,NEW PERFORMANCE EVALUATION PROCESS
949188,5/10/2018,SRG - 2018 REFRESHER
949188,5/9/2018,SRG - TACTICAL TRAINING COURSE - LEVEL III
949188,5/2/2018,SRG - M-4 REFRESHER TRAINING
949188,3/3/2018,SRG - RESCUE TASK FORCE
949188,2/15/2018,LEGAL BUREAU PERFORMANCE METRICS - PROHIBITED CONDUCT
949188,12/29/2017,NEW YEAR'S EVE TACTICAL AWARENESS
949188,12/29/2017,POLICE COMMISSIONER MESSAGE- NYC GIVES
949188,12/29/2017,"SRG - ""10 RULES"" OF CLOSE QUARTERS BATTLE (CQB)"
949188,12/29/2017,TACTICAL AWARENESS OF EXCITED DELIRIUM SYNDROME
949188,12/22/2017,CLT-EQUAL EMPLOYMENT OPPORTUNITY
949188,12/22/2017,COMMAND LEVEL TRAINING
949188,12/18/2017,COLLABORATIVE POLICING- FOREIGN LANGUAGE CERTIFICATION VIDEO
949188,11/17/2017,COMMAND LEVEL TRAINING
949188,11/3/2017,SRG - FIELD FORCE OPERATIONS (FFO) - LEVEL II
949188,10/27/2017,COMMAND LEVEL TRAINING
949188,10/19/2017,DOMAIN AWARNESS SYSTEM (DAS)
949188,10/19/2017,HOW TO ENTER DOMESTIC INCIDENT REPORTS IN TO FORMS
949188,10/19/2017,INFORMATION SECURITY AWARENESS TRAINING
949188,10/19/2017,NYPD MOBILITY INITIATIVE - DEPARTMENT SMARTPHONE TRAINING
949188,10/15/2017,SRG - RESCUE TASK FORCE
949188,10/12/2017,NARCAN NASAL SPRAY TRAINING
949188,10/12/2017,PUBLIC CONTACT AND CONSENT TO SEARCH (RIGHT TO KNOW) - UNIT TRAINING AUGUST 2016
949188,10/12/2017,TACTICAL AWARENESS-SMARTPHONE SAFETY
949188,10/4/2017,COLLABORATIVE POLICING- ACCESSING TELEPHONIC INTERPRETERS VIA LANGUAGE LINE
949188,10/4/2017,CRIME CONTROL STRATEGIES- COMMUNITY SUPERVISION
949188,10/4/2017,INVESTIGATIVE ENCOUNTERS-VIDEO #1 REQUEST FOR INFO-UNIT TRAINING FEB 2016
949188,10/4/2017,PERSONNEL BUREAU NYPD EMPLOYEE ASSISTANCE UNIT (EAU)
949188,10/4/2017,POLICE COMMISSIONERS MESSAGE - VICTIMS OF SEXUAL ASSAULT VIDEO
949188,9/29/2017,COMMAND LEVEL TRAINING
949188,9/20/2017,PATROL- POLYCARBONATE SHIELD
949188,9/20/2017,TACTICAL AWARENESS- BALLISTIC VEST
949188,8/25/2017,COMMAND LEVEL TRAINING
949188,7/28/2017,COMMAND LEVEL TRAINING
949188,6/28/2017,"CPS INTERIOR PATROL OF HOUSING AUTHORITY BUILDINGS, PG 212-60 ROLL CALL VIDEO 1"
949188,6/28/2017,"CPS INTERIOR PATROL OF HOUSING AUTHORITY BUILDINGS, PG 212-60 ROLL CALL VIDEO 2"
949188,6/15/2017,CPS INTERIOR PATROL TRESPASS AFFIDAVIT PROGRAM (TAP) VIDEO 1
949188,6/15/2017,CPS INTERIOR PATROL TRESPASS AFFIDAVIT PROGRAM (TAP) VIDEO 2
949188,6/10/2017,SRG - RESCUE TASK FORCE
949188,5/17/2017,CRIMINAL JUSTICE REFORM ACT ROLL CALL TRAINING PART 1
949188,5/17/2017,CRIMINAL JUSTICE REFORM ACT ROLL CALL TRAINING PART 2
949188,5/11/2017,SRG - 2017 REFRESHER
949188,5/10/2017,SRG - TACTICAL TRAINING COURSE - LEVEL II
949188,4/25/2017,EQUAL EMPLOYMENT OPPORTUNITY TRANSGENDER DIVERSITY AND INCLUSION:EXECUTIVE ORDER 16
949188,4/25/2017,FORCE POLICY REVISION-VIDEO-PG 221-UNIT TRAINING MAY 2016
949188,4/21/2017,FORCE POLICY REVISION-VIDEO-PG 221-UNIT TRAINING MAY 2016
949188,4/19/2017,INVESTIGATIVE ENCOUNTERS-VIDEO #2 COMMON LAW RIGHT OF INQUIRY-UNIT TRAINING MAY 2016
949188,3/15/2017,SRG - M-4 REFRESHER TRAINING
949188,12/14/2016,HATE CRIMES AND BIAS-RELATED INCIDENTS
949188,9/29/2016,SRG - TACTICAL TRAINING COURSE - LEVEL 1
949188,9/15/2016,2016-17 INSERVICE CYCLE-PHYSICAL TACTICS
949188,9/10/2016,SRG - BICYCLE CROWD MANAGEMENT COURSE
949188,9/1/2016,PUBLIC CONTACT AND CONSENT TO SEARCH (RIGHT TO KNOW) - UNIT TRAINING AUGUST 2016
949188,8/12/2016,INVESTIGATIVE ENCOUNTERS-VIDEO #3 TERRY STOPS AND REASONABLE SUSPICION-UNIT TRAINING JUNE 2016
949188,8/12/2016,INVESTIGATIVE ENCOUNTERS-VIDEO #4 DOCUMENTATION AND SUPERVISION-UNIT TRAINING JULY 2016
949188,8/10/2016,SRG- 2016 REFRESHER
949188,7/23/2016,BICYCLE TRAINING (3-DAY)
949188,6/24/2016,COMMAND LEVEL TRAINING
949188,5/12/2016,BTK (BELT TRAUMA KIT DISTRIBUTION AND FAMILIARIZATION)
949188,5/9/2016,INVESTIGATIVE ENCOUNTERS-VIDEO #2 COMMON LAW RIGHT OF INQUIRY-UNIT TRAINING MAY 2016
949188,4/19/2016,SRG - ACADEMY
949188,3/3/2016,DOMAIN AWARENESS SYSTEM
949188,2/1/2016,INVESTIGATIVE ENCOUNTERS-VIDEO #1 REQUEST FOR INFO-UNIT TRAINING FEB 2016
949188,12/17/2015,WINDOWS PHONE TRAINING AND DISTRIBUTION
949188,11/9/2015,EMERGENCY VEHICLE OPERATION JULY 07 - PRESENT
949188,11/9/2015,FIELD TRAINING PROGRAM JULY 07 - PRESENT
949188,11/9/2015,PHYSICAL EDUCATION PART 1: FOUNDATIONS OF PHYSICAL FITNESS
949188,11/9/2015,PHYSICAL EDUCATION PART 2: DEFENSIVE TACTICS JULY 07 - PRESENT
949188,11/9/2015,PHYSICAL EDUCATION PART 3: AMERICAN HEART ASSOCIATION BASIC LIFE SUPPORT
949188,11/9/2015,POLICE CRISIS INTERVENTION JULY 07 - PRESENT
949188,11/9/2015,POLICE FIELD PROBLEMS JULY 07 - PRESENT
949188,11/9/2015,POLICE INVESTIGATION AND REPORTING JULY 07 - PRESENT
949188,11/9/2015,POLICING A DEMOCRACY JULY 07 - PRESENT
949188,11/9/2015,POLICING SPECIAL POPULATIONS JULY 07 - PRESENT
949188,11/9/2015,PROCEDURAL LAW JULY 07 - PRESENT
949188,11/9/2015,SUBSTANTIVE LAW JULY 07 - PRESENT
949188,11/9/2015,TERRORISM AWARENESS AND RESPONSE JULY 07 - PRESENT
949188,3/3/2015,20K TRAINING INITIATIVE - PHYSICAL TACTICS
949188,2/23/2015,20K TRAINING INITIATIVE - SMART POLICING
949188,2/13/2015,20K TRAINING INITIATIVE - FOUNDATIONS OF POLICING
949188,11/18/2014,DOMAIN AWARENESS SYSTEM
949188,11/13/2014,IN-TAC TRAINING PROGRAM
949188,8/20/2013,UF 250 - OPERATION IMPACT REFRESHER CERTIFIED
949188,6/26/2013,DISORDER CONTROL TRAINING
949188,8/8/2012,DISORDER CONTROL TRAINING
949188,11/6/2010,PROPERTY EVIDENCE TRACKING SYSTEM
949188,10/21/2010,COBRA - COHORT TRAINING
949188,7/6/2010,12 PASSENGER VAN / UTILITY VEHICLE QUALIFICATION
949188,7/6/2010,FOUR WHEEL DRIVE TRAINING
949188,,FOUR WHEEL DRIVE TRAINING
949188,,RECRUIT 12 PASSENGER VAN / UTILITY VEHICLE QUALIFICATION
949188,,RECRUIT RMP QUALIFICATION / RMP OPERATOR QUALIFIED
944101,5/9/2023,2023 EQUAL EMPLOYMENT OPPORTUNITY TRAINING-SEXUAL HARASSMENT AWARENESS AND PREVENTION
944101,4/16/2023,2023 LANGUAGE MATTERS - FOSTERING A POSITIVE WORK ENVIRONMENT
944101,4/1/2023,INVESTIGATIVE ENCOUNTERS 2023: MODULE 3 SQF LEVEL 2
944101,4/1/2023,NYPD-U VOLUNTARY - INVOLUNTARY TRANSPORTS
944101,4/1/2023,VIDEO 2 -TACTICAL CONSIDERATIONS FOR TRANSIT PATROL 2022 (PART 1)
944101,4/1/2023,VIDEO 3 - TACTICAL CONSIDERATIONS FOR TRANSIT PATROL 2022 (PART 2)
944101,3/31/2023,ESPER POLICY LIBRARY
944101,3/13/2023,INVESTIGATIVE ENCOUNTERS 2023: MODULE 2 SQF LEVEL 1
944101,2/22/2023,INFORMATION SECURITY CRIMINAL JUSTICE TRAINING 2023
944101,2/18/2023,INVESTIGATIVE ENCOUNTERS 2023 - MODULE 1 INTRODUCTION TO SQF
944101,2/18/2023,LGBTQIA PLUS AWARENESS
944101,2/18/2023,VIDEO 4 - PLATFORM SAFETY 2022
944101,2/14/2023,RAISING THE LOWER AGE OF JUVENILE DELINQUENCY
944101,2/14/2023,VIDEO 1 - PATROLLING THE NYC SUBWAY SYSTEM 2022
944101,1/18/2023,CLT-VOLUNTARY - INVOLUNTARY TRANSPORTS
944101,10/27/2022,CLT-PROCEDURAL OPERATIONS
944101,10/25/2022,CLT-BWC POLICY UPDATES
944101,10/19/2022,CLT-BWC POLICY UPDATES
944101,10/19/2022,CLT-PROCEDURAL OPERATIONS
944101,10/18/2022,BELT-WORN TRAUMA KIT REFRESHER TRAINING VIDEO-2022
944101,10/18/2022,CLT-BWC POLICY UPDATES
944101,10/18/2022,CLT-ENFORCEMENT ACTIONS
944101,10/18/2022,PROCESSING CIVILIAN COMPLAINTS
944101,10/17/2022,CLT-PROCEDURAL OPERATIONS
944101,10/13/2022,CLT-BWC POLICY UPDATES
944101,10/6/2022,CONSTITUTIONAL POLICING AT COMMUNITY EVENTS (CPACE)
944101,9/27/2022,CLT-DOCUMENTATION AND FORMS
944101,9/22/2022,CLT-DOCUMENTATION AND FORMS
944101,9/18/2022,NYPD JOUVERT  WEST INDIAN DAY
944101,9/18/2022,THE EMPLOYEE ASSISTANCE UNIT (EAU) IS HERE FOR YOU
944101,8/18/2022,FTS - ANNUAL CEW RECERTIFICATION
944101,8/10/2022,CITYTIME USER TRAINING FOR NON-MANAGERIAL CMOS
944101,8/10/2022,"INTEGRATING COMMUNICATION, ASSESSMENT AND TACTICS (ICAT) MODULE 6"
944101,8/10/2022,"INTEGRATING COMMUNICATION, ASSESSMENT, AND TACTICS (ICAT) MODULE 7"
944101,8/10/2022,OVERVIEW OF THE NEW DISCOVERY LAWS 2021 REFRESHER
944101,8/7/2022,CAR STOP TACTICS FOR PATROL OFFICERS - MODULE 1: CONTROLLING THE STOP
944101,8/7/2022,CAR STOP TACTICS FOR PATROL OFFICERS - MODULE 2: PROHIBITED MANEUVERS
944101,8/7/2022,CAR STOP TACTICS FOR PATROL OFFICERS - MODULE 3: THE UNKNOWN RISK STOP
944101,8/7/2022,CAR STOP TACTICS FOR PATROL OFFICERS - MODULE 4: THE HIGH-RISK STOP
944101,8/7/2022,CONVICTED OFFENDER DNA DATABANK SPECIMEN COLLECTION KIT
944101,8/7/2022,VEHICLE SEIZURE FORM
944101,7/6/2022,2022 EQUAL EMPLOYMENT OPPORTUNITY TRAINING-SEXUAL HARASSMENT AWARENESS AND PREVENTION
944101,6/9/2022,COVID VACCINE DISTRIBUTION AND EDUCATION
944101,6/9/2022,DESK APPEARANCE TICKETS: THE NEW LAW AND THE NEW GUIDELINES FOR PROCESSING DAT'S - 2021 REFRESHER
944101,6/9/2022,"INTEGRATING COMMUNICATION, ASSESSMENT AND TACTICS (ICAT) MODULE 4"
944101,6/9/2022,"INTEGRATING COMMUNICATION, ASSESSMENT AND TACTICS (ICAT) MODULE 5"
944101,6/9/2022,PATROL GUIDE 215-17 POLICE ACTIONS RELATED QUESTIONING ARRESTS AND INVESTIGATIONS AT A NYC DEPARTMEN
944101,6/8/2022,BODY-WORN CAMERA REVIEW PART ONE
944101,6/8/2022,BODY-WORN CAMERA REVIEW PART TWO
944101,6/8/2022,IDENTIFYING THE IMPAIRED DRIVER
944101,6/8/2022,OPIOID OVERDOSE RECOGNITION AND NARCAN ADMINISTRATION -2021
944101,6/6/2022,BEST PRACTICES IN STRUCTURED INTERVIEWING
944101,6/6/2022,NATIONAL INCIDENT-BASED REPORTING SYSTEM (NIBRS) UPDATES TO THE OMNIFORM COMPLAINT SYSTEMV
944101,6/6/2022,PROHIBITED METHODS OF RESTRAINT
944101,5/27/2022,INFORMATION SECURITY AWARENESS TRAINING 2021
944101,1/26/2022,ARRESTS - RELIGIOUS HEAD COVERING GUIDELINES (PG 208-83)
944101,1/26/2022,ILLEGAL EVICTIONS
944101,1/16/2022,LOCAL LAW 45 OF 2021-TRAFFIC ENCOUNTERS
944101,12/22/2021,"INTEGRATING COMMUNICATION, ASSESSMENT AND TACTICS (ICAT) MODULE 3"
944101,12/21/2021,"INTEGRATING COMMUNICATION, ASSESSMENT AND TACTICS (ICAT) MODULE 2"
944101,11/18/2021,FTS - ANNUAL CEW RECERTIFICATION
944101,9/24/2021,COVID-19 SELF-COLLECTION KIT INSTRUCTIONS
944101,9/15/2021,MAYOR EXECUTIVE ORDER 78 VACCINATION - TESTING COMPLIANCE POLICY
944101,8/26/2021,EQUAL EMPLOYMENT OPPORTUNITY TRAINING - SEXUAL HARASSMENT AWARENESS AND PREVENTION 2021
944101,8/22/2021,EMPLOYEE ASSISTANCE UNIT-2021
944101,8/22/2021,EQUAL EMPLOYMENT OPPORTUNITY TRAINING - LEAVE TO EXPRESS BREAST MILK
944101,5/6/2021,EQUAL EMPLOYMENT OPPORTUNITY TRAINING - LGBTQIA+ DIVERSITY AND INCLUSION / EXECUTIVE ORDER 16 OF 201
944101,8/13/2020,COUNTERTERRORISM ACTIVE SHOOTER TRAINING
944101,8/13/2020,POLICE COMMISSIONER MESSAGE- NYC GIVES
944101,8/13/2020,SAFEGUARDING HOSPITALIZED PRISONERS
944101,8/13/2020,SUCCESSFULLY DISARMING AN EMOTIONALLY DISTURBED PERSON
944101,8/12/2020,INCREASE OFFICER SAFETY DURING VEHICLE STOPS
944101,8/11/2020,CLT-LEGAL ISSUES
944101,7/27/2020,CLT-PROCEDURAL OPERATIONS
944101,7/25/2020,COUNTERTERRORISM BUREAU ACTIVE SHOOTER SCHOOL INCIDENTS AWARENESS
944101,7/25/2020,CRITICAL INCIDENT TACTICS - RESPONDING TO COMMERCIAL ROBBERIES (EXTENDED VERSION)
944101,7/25/2020,NEW YEAR'S EVE TACTICAL AWARENESS
944101,7/25/2020,TACTICAL AWARENESS OF EXCITED DELIRIUM SYNDROME
944101,7/19/2020,DAS OVERLAPPING LAYERS TUTORIAL
944101,7/19/2020,"EQUAL EMPLOYMENT OPPORTUNITY TRAINING - SEXUAL HARASSMENT, AWARENESS AND PREVENTION"
944101,7/19/2020,LOCATING APPLE DEVICES USING YOUR DEPARTMENT SMARTPHONE
944101,7/19/2020,PRISONER ESCAPE WARNING SIGNS
944101,7/19/2020,TACTICAL AWARENESS- BALLISTIC VEST
944101,7/19/2020,TRAINING MATERIALS- CLOSING THE GAP ON VEHICLE INTELLIGENCE
944101,7/19/2020,TRAINING MATERIALS- PAWNSHOP AND 2ND HAND DEALER DATABASE
944101,7/19/2020,TRAINING MATERIALS- THE RECIDIVIST TRACKING AND REPORTING DATABASE (RTRD)
944101,7/19/2020,TRAINING MATERIALS- VIRTUAL CRIME INFORMATION CENTER
944101,7/17/2020,NEW LAWS AFFECTING POLICE OFFICERS’ CRIMINAL AND CIVIL LIABILITY
944101,6/26/2020,VICTIM BLAMING AND RELEASE OF INFORMATION TO THE MEDIA
944101,6/20/2020,"AXON BODY-WORN CAMERA TRAINING - CAMERA OPERATION, AXON VIEW AND EVIDENCE.COM (REQUIRED FOR LE4 COMM"
944101,6/20/2020,SAFETY CONSIDERATIONS FOR PATROLLING THE NYC SUBWAY SYSTEM -DANGERS OF THE PLATFORM EDGE
944101,6/20/2020,UTILIZING BALLISTIC PROTECTION IN DEPARTMENT VEHICLES (4:09)
944101,6/19/2020,COVID-19: PREPAREDENESS
944101,6/19/2020,COVID-19: PREPAREDNESS YOUR FAMILY AND HOME
944101,6/19/2020,COVID-19: PROTECTIVE MASKS
944101,6/19/2020,CRIMINAL JUSTICE BUREAU - GIGLIO MATERIAL DISCLOSURES UNDER THE NEW DISCOVERY LAWS
944101,6/19/2020,HEALTH AND WELLNESS SECTION - MODULE 1 - PSYCHOLOGICAL HEALTH AND WELLNESS
944101,6/19/2020,HEALTH AND WELLNESS SECTION - MODULE 10 - SEEKING AND RECEIVING MENTAL HEALTH SUPPORT
944101,6/19/2020,HEALTH AND WELLNESS SECTION - MODULE 11 - HEALTH AND RESILIENCY
944101,6/19/2020,HEALTH AND WELLNESS SECTION - MODULE 12 - IN THAT DARK PLACE - AN OFFICER'S JOURNEY
944101,6/19/2020,HEALTH AND WELLNESS SECTION - MODULE 2 - JOB COUNSELING AND STRESS
944101,6/19/2020,HEALTH AND WELLNESS SECTION - MODULE 3 - WARNING SIGNS
944101,6/19/2020,HEALTH AND WELLNESS SECTION - MODULE 4 - CUMULATIVE TRAUMA
944101,6/19/2020,HEALTH AND WELLNESS SECTION - MODULE 5 - GAINING PERSPECTIVE
944101,6/19/2020,HEALTH AND WELLNESS SECTION - MODULE 6 - COPING WITH SIGNS OF ANXIETY DEPRESSION
944101,6/19/2020,HEALTH AND WELLNESS SECTION - MODULE 7 - LEADING WITH COMPASSION
944101,6/19/2020,"HEALTH AND WELLNESS SECTION - MODULE 8 - WARNING SIGNS, SUPPORT AND OUTREACH"
944101,6/19/2020,HEALTH AND WELLNESS SECTION - MODULE 9 - MANAGING STRESS ON THE JOB
944101,1/28/2020,PROCESSING DISCOVERY MATERIAL IN THE FORMS ARREST FOLDER
944101,1/23/2020,TINT-METER OPERATION TINTED WINDOW VIOLATIONS
944101,1/5/2020,CROSSFIRE MITIGATION DURING CLOSE COMBAT INCIDENTS - PART 2
944101,12/31/2019,CLT-OCCUPATIONAL-WORKPLACE SAFETY AND HEALTH
944101,12/30/2019,COUNTER TERRORISM INITIAL PATROL RESPONSE TO AN ACTIVE SHOOTER
944101,12/21/2019,ACTIVITY LOG FOR IPHONE
944101,12/17/2019,CLT-PROCEDURAL OPERATIONS
944101,12/16/2019,ACTIVITY LOG FOR IPHONE
944101,12/14/2019,CROSSFIRE MITIGATION DURING CLOSE COMBAT INCIDENTS
944101,12/6/2019,CJB - DESK APPEARANCE TICKETS: THE NEW LAWS AND GUIDELINES FOR PROCESSING DATS
944101,12/6/2019,CJB - OVERVIEW OF THE NEW DISCOVERY LAWS
944101,12/5/2019,CRISIS INTERVENTION TEAM TRAINING
944101,11/28/2019,RESPONDING TO COMMERCIAL ROBBERIES PART LL - MODULE 1 AND MODULE 2
944101,11/27/2019,CLT-TACTICAL AWARENESS AND OFFICER SAFETY
944101,11/14/2019,DISCHARGING YOUR FIREARM AT A MOVING THREAT
944101,11/11/2019,CLT-OCCUPATIONAL-WORKPLACE SAFETY AND HEALTH
944101,11/6/2019,CLT-MEMBER-EMPLOYEE WELLNESS
944101,10/31/2019,CLT-OCCUPATIONAL-WORKPLACE SAFETY AND HEALTH
944101,10/30/2019,CLT-OCCUPATIONAL-WORKPLACE SAFETY AND HEALTH
944101,10/29/2019,CLT-PROCEDURAL OPERATIONS
944101,10/23/2019,FORCE POLICY UPDATE VIDEO
944101,10/22/2019,CRIMINAL JUSTICE BUREAU - DNA TRAINING VIDEO
944101,10/22/2019,CRITICAL DECISION MAKING MODEL
944101,10/22/2019,MARIJUANA POLICY UPDATE
944101,10/17/2019,HIGHWAY DRUG IMPAIRED DRIVING COURSE
944101,10/17/2019,HIGHWAY PRELIMINARY BREATH TEST INSTRUMENT TRAINING - PBT
944101,10/2/2019,FTS - ANNUAL CEW RECERTIFICATION
944101,9/12/2019,DOMESTIC VIOLENCE EDUCATION AND COUNSELING
944101,9/10/2019,CLT-OCCUPATIONAL-WORKPLACE SAFETY AND HEALTH
944101,8/26/2019,SHIELD OF RESILIENCE TRAINING COURSE
944101,8/5/2019,RESPONDING TO COMMERCIAL ROBBERIES
944101,7/22/2019,CLT-INFORMATION TECHNOLOGY
944101,7/10/2019,2019-20 IN-SERVICE CYCLE - CRITICAL INCIDENT TACTICS AND DEVELOPING EFFECTIVE LEADERSHIP SKILLS
944101,7/9/2019,TRANSIT BUREAU - SAFETY CONSIDERATIONS FOR PATROLLING THE NYC SUBWAY SYSTEM
944101,7/9/2019,TRANSIT BUREAU - SAFETY CONSIDERATIONS FOR PATROLLING THE NYC SUBWAY SYSTEM - PART 2
944101,7/9/2019,TRANSIT BUREAU - TIMELY RESUMPTION OF SERVICE IN NYC TRANSIT
944101,6/26/2019,RESPONDING TO PEOPLE IN CRISIS – MODULE 4: USING DEPARTMENT MOBILE DIGITAL DEVICES
944101,6/19/2019,DISCUSSION - BASED LEARNING MODULE # 1-3
944101,6/8/2019,WORLDPRIDE NYC 2019
944101,5/30/2019,CLT-ENFORCEMENT ACTIONS
944101,5/26/2019,COLLABORATIVE POLICING - MEDIATION REFERRAL PROGRAM FOR NON-CRIMINAL COMPLAINTS
944101,4/26/2019,RESPONDING TO PEOPLE IN CRISIS - MODULES 2 AND 3: ACTIVE LISTENING PARTS 1 AND 2
944101,4/25/2019,FACILITIES MANAGEMENT DIVISION - MUNICIPAL SEPERATE STORM SEWER SYSTEM (MS4)
944101,4/22/2019,FTS - SMITH AND WESSON MODEL 5946 BARREL REMEDIATION
944101,4/13/2019,COLLABORATIVE POLICING - THE DEAF AND HARD OF HEARING COMMUNITY
944101,4/9/2019,LEGAL BUREAU - PERJURY TRAINING MODULE
944101,3/24/2019,SAFEGUARDING PRISONERS - OFFICER SAFETY GUIDELINES
944101,3/6/2019,COLLABORATIVE POLICING - ELDER ABUSE
944101,3/6/2019,INVESTIGATIVE ENCOUNTERS-VIDEO #4 DOCUMENTATION AND SUPERVISION-UNIT TRAINING JULY 2016
944101,3/5/2019,INVESTIGATIVE ENCOUNTERS-VIDEO #1 REQUEST FOR INFO-UNIT TRAINING FEB 2016
944101,3/5/2019,INVESTIGATIVE ENCOUNTERS-VIDEO #2 COMMON LAW RIGHT OF INQUIRY-UNIT TRAINING MAY 2016
944101,3/5/2019,INVESTIGATIVE ENCOUNTERS-VIDEO #3 TERRY STOPS AND REASONABLE SUSPICION-UNIT TRAINING JUNE 2016
944101,3/5/2019,NARCAN NASAL SPRAY TRAINING
944101,3/5/2019,NEW PERFORMANCE EVALUATION PROCESS
944101,2/6/2019,"SUPPORT SERVICES DIVISION - CLASS ""C"" OPERATOR"
944101,2/2/2019,PUBLIC CONTACT AND CONSENT TO SEARCH (RIGHT TO KNOW) - UNIT TRAINING AUGUST 2016
944101,1/30/2019,CLT-OCCUPATIONAL-WORKPLACE SAFETY AND HEALTH
944101,1/30/2019,RESPONDING TO PEOPLE IN CRISIS - MODULE 1: SENDING THE RIGHT SIGNALS
944101,1/29/2019,COLLABORATIVE POLICING- ACCESSING TELEPHONIC INTERPRETERS VIA LANGUAGE LINE
944101,1/29/2019,COLLABORATIVE POLICING- FOREIGN LANGUAGE CERTIFICATION VIDEO
944101,1/28/2019,EQUAL EMPLOYMENT OPPORTUNITYTRAINING - SEXUAL HARASSMENT AWARENESS AND PREVENTION
944101,1/23/2019,COMMUNICATIONS- THE PROPER USAGE OF THE IDA RADIO CODES
944101,1/23/2019,CRIMINAL JUSTICE REFORM ACT ROLL CALL TRAINING PART 1
944101,1/23/2019,CRIMINAL JUSTICE REFORM ACT ROLL CALL TRAINING PART 2
944101,1/23/2019,POLICE COMMISSIONERS MESSAGE - VICTIMS OF SEXUAL ASSAULT VIDEO
944101,1/23/2019,TACTICAL AWARENESS-SMARTPHONE SAFETY
944101,1/23/2019,TEXT TO 911 - INTRODUCTION
944101,1/16/2019,CPS FAIR AND IMPARTIAL POLICING - ALL POS AND DETS
944101,12/19/2018,FTS - CEW END USER CERTIFICATION
944101,12/6/2018,AMERICANS WITH DISABILITIES ACT (ADA)
944101,12/6/2018,MARIJUANA BURNING ENFORCEMENT POLICY
944101,11/27/2018,CLT-PROCEDURAL OPERATIONS
944101,11/5/2018,RESPONDING TO PEOPLE IN CRISIS-INTRODUCTION TO CIT VIDEO SERIES
944101,10/29/2018,2017-2019 IN-SERVICE CYCLE-INTEGRATED TACTICS
944101,10/10/2018,NYC RIGHT TO KNOW ACT LEGISLATION - PART 2
944101,10/10/2018,NYC RIGHT TO KNOW ACT LEGISLATION – PART 1
944101,10/4/2018,2017-2019 IN-SERVICE CYCLE-INVESTIGATIVE ENCOUNTERS- BASIC TRAINING WITH SCENARIOS
944101,9/18/2018,RAISE THE AGE
944101,9/16/2018,CLT-ENFORCEMENT ACTIONS
944101,9/16/2018,CLT-LEGAL ISSUES
944101,9/13/2018,CLT-LEGAL ISSUES
944101,8/13/2018,CLT-INFORMATION TECHNOLOGY
944101,5/21/2018,FTS - CEW X26P HOLSTER TRAINING AND DISTRIBUTION
944101,5/7/2018,BTK (BELT TRAUMA KIT DISTRIBUTION AND FAMILIARIZATION)
944101,4/30/2018,CLT-DOCUMENTATION AND FORMS
944101,3/27/2018,CLT-OCCUPATIONAL-WORKPLACE SAFETY AND HEALTH
944101,3/26/2018,CLT-PROCEDURAL OPERATIONS
944101,3/22/2018,CPS BODY-WORN CAMERA TRAINING WITH SCENARIOS
944101,3/18/2018,CRIME CONTROL STRATEGIES- COMMUNITY SUPERVISION
944101,3/18/2018,DOMAIN AWARNESS SYSTEM (DAS)
944101,3/18/2018,LEGAL BUREAU PERFORMANCE METRICS - PROHIBITED CONDUCT
944101,3/6/2018,EQUAL EMPLOYMENT OPPORTUNITY TRANSGENDER DIVERSITY AND INCLUSION:EXECUTIVE ORDER 16
944101,3/6/2018,PERSONNEL BUREAU NYPD EMPLOYEE ASSISTANCE UNIT (EAU)
944101,1/25/2018,CLT-EQUAL EMPLOYMENT OPPORTUNITY
944101,12/5/2017,"CPS INTERIOR PATROL OF HOUSING AUTHORITY BUILDINGS, PG 212-60 ROLL CALL VIDEO 1"
944101,12/5/2017,"CPS INTERIOR PATROL OF HOUSING AUTHORITY BUILDINGS, PG 212-60 ROLL CALL VIDEO 2"
944101,12/5/2017,CPS INTERIOR PATROL TRESPASS AFFIDAVIT PROGRAM (TAP) VIDEO 1
944101,12/5/2017,CPS INTERIOR PATROL TRESPASS AFFIDAVIT PROGRAM (TAP) VIDEO 2
944101,11/7/2017,PATROL- POLYCARBONATE SHIELD
944101,11/30/2016,2016-17 INSERVICE CYCLE-PHYSICAL TACTICS
944101,10/16/2016,PUBLIC CONTACT AND CONSENT TO SEARCH (RIGHT TO KNOW) - UNIT TRAINING AUGUST 2016
944101,9/29/2016,PUBLIC CONTACT AND CONSENT TO SEARCH (RIGHT TO KNOW) - UNIT TRAINING AUGUST 2016
944101,8/12/2016,COUNTERTERRORISM U.A.S. (UNMANNED AIRCRAFT SYSTEMS) DRONE AWARENESS
944101,7/22/2016,INVESTIGATIVE ENCOUNTERS-VIDEO #4 DOCUMENTATION AND SUPERVISION-UNIT TRAINING JULY 2016
944101,6/16/2016,INVESTIGATIVE ENCOUNTERS-VIDEO #3 TERRY STOPS AND REASONABLE SUSPICION-UNIT TRAINING JUNE 2016
944101,5/10/2016,INVESTIGATIVE ENCOUNTERS-VIDEO #2 COMMON LAW RIGHT OF INQUIRY-UNIT TRAINING MAY 2016
944101,5/3/2016,FORCE POLICY REVISION-VIDEO-PG 221-UNIT TRAINING MAY 2016
944101,2/2/2016,INVESTIGATIVE ENCOUNTERS-VIDEO #1 REQUEST FOR INFO-UNIT TRAINING FEB 2016
944101,1/14/2016,FORCE POLICY REVISION-PAMPHLET - PG 221 - UNIT TRAINING DECEMBER 2015
944101,12/28/2015,WINDOWS PHONE TRAINING AND DISTRIBUTION
944101,11/9/2015,EMERGENCY VEHICLE OPERATION JULY 03 - JUNE 07
944101,11/9/2015,FIELD TRAINING PROGRAM JULY 03 - JUNE 07
944101,11/9/2015,PHYSICAL EDUCATION PART 1: FOUNDATIONS OF PHYSICAL FITNESS
944101,11/9/2015,PHYSICAL EDUCATION PART 2: DEFENSIVE TACTICS
944101,11/9/2015,PHYSICAL EDUCATION PART 3: AMERICAN HEART ASSOCIATION BASIC LIFE SUPPORT
944101,11/9/2015,POLICE CRISIS INTERVENTION JULY 03 - JUNE 07
944101,11/9/2015,POLICE FIELD PROBLEMS JULY 03 - JUNE 07
944101,11/9/2015,POLICE INVESTIGATION AND REPORTING JULY 03 - JUNE 07
944101,11/9/2015,POLICING A DEMOCRACY JULY 03 - JUNE 07
944101,11/9/2015,POLICING SPECIAL POPULATIONS JULY 03 - JUNE 07
944101,11/9/2015,PROCEDURAL LAW JULY 03 - JUNE 07
944101,11/9/2015,SUBSTANTIVE LAW JULY 03 - JUNE 07
944101,11/9/2015,TERRORISM AWARENESS AND RESPONSE JULY 03 - JUNE 07
944101,6/21/2015,20K TRAINING INITIATIVE - SMART POLICING
944101,5/7/2015,20K TRAINING INITIATIVE - FOUNDATIONS OF POLICING
944101,5/4/2015,TRAFFIC VIOLATIONS BUREAU WORKSHOP
944101,1/20/2015,ATOMIZER DISTRIBUTION
944101,1/20/2015,OPIOID OVERDOSE AND INTRANASAL NALOXONE TRAINING: COMMAND LEVEL TRAINING BASIC COURSE
944101,10/24/2013,CABARET/CLUB ENFORCEMENT TRAINING
944101,3/7/2013,CABARET/CLUB ENFORCEMENT TRAINING
944101,2/21/2013,IN-TAC TRAINING PROGRAM
944101,4/12/2012,PROPERTY EVIDENCE TRACKING SYSTEM
944101,5/14/2007,COBRA - COHORT TRAINING
944101,1/23/2007,12 PASSENGER VAN / UTILITY VEHICLE QUALIFICATION
944101,1/23/2007,FOUR WHEEL DRIVE TRAINING
944101,,FOUR WHEEL DRIVE TRAINING
944101,,RECRUIT 12 PASSENGER VAN / UTILITY VEHICLE QUALIFICATION
944101,,RECRUIT RMP QUALIFICATION / RMP OPERATOR QUALIFIED
969870,5/6/2025,CLT-ENFORCEMENT ACTIONS
969870,4/25/2025,SELF-DEFENSE AND GRAPPLING TACTICS TRAINING COURSE
969870,4/9/2025,FTS - TASER 7 ANNUAL RECERTIFICATION
969870,3/26/2025,CLT-OCCUPATIONAL-WORKPLACE SAFETY AND HEALTH
969870,2/2/2025,2025 IDENTIFYING THE IMPAIRED DRIVER REFRESHER
969870,2/2/2025,ACTIVE SHOOTER - SCHOOL RESPONSE PROTOCOL
969870,2/2/2025,CELL BLOCK FIRESHIELD EV BLANKETS
969870,2/2/2025,KEVIN AND AVONTE SAFE HOME PROGRAM
969870,2/2/2025,RIGHT TO KNOW ACT SQF MODULE 9
969870,1/31/2025,VEHICLE PURSUITS
969870,12/19/2024,INFORMATION SECURITY AWARENESS TRAINING 2024
969870,12/19/2024,MULTI-FACTOR AUTHENTICATION MFA TRAINING
969870,12/10/2024,BEHAVIORAL HEALTH EMERGENCY ASSISTANCE RESPONSE DIVISION B-HEARD
969870,12/10/2024,DRIVING WHILE INTOXICATED AWARENESS VIDEO MODULE 1
969870,12/10/2024,LEAVING THE SCENE COLLISIONS INVESTIGATIVE BEST PRACTICES
969870,12/10/2024,NOTIFICATION OF ALLEGATIONS AND EMPLOYEE RIGHTS
969870,10/19/2024,FAMILY BUILDING
969870,10/19/2024,NORTHWELL DIRECT FINEST CARE PROGRAM FOR UMOS
969870,9/14/2024,RACIAL PROFILING AND BIASED BASED POLICING: SQF MODULE 8
969870,9/10/2024,RAPE IS RAPE
969870,9/10/2024,UNMANNED AIRCRAFT SYSTEMS VISUAL OBSERVER
969870,8/5/2024,APX NEXT PORTABLE AND RADIO DISCIPLINE TRAINING VIDEO
969870,8/5/2024,MENTAL HEALTH INVOLUNTARY REMOVALS MHL 9.41 AND MHL 9.58
969870,7/21/2024,CLT-BWC POLICY UPDATES
969870,7/21/2024,CLT-DOCUMENTATION AND FORMS
969870,7/21/2024,CLT-LEGAL ISSUES
969870,7/21/2024,CLT-TACTICAL AWARENESS AND OFFICER SAFETY
969870,6/25/2024,HEALTH AND WELLNESS SECTION - FINANCIAL LITERACY SERIES - MODULE 1 - YOUR MONEY VALUES AND INFLUENCE
969870,6/25/2024,HEALTH AND WELLNESS SECTION - FINANCIAL LITERACY SERIES - MODULE 2 - YOUR INCOME AND EXPENSES
969870,6/20/2024,ACCURATE COMPLAINT REPORT CLASSIFICATION
969870,6/20/2024,LEVEL 1 AND LEVEL 2 INVESTIGATIVE ENCOUNTERS
969870,6/20/2024,TACTICS WHEN ENGAGING INDIVIDUALS IN A MENTAL HEALTH CRISIS
969870,6/13/2024,2024 EQUAL EMPLOYMENT OPPORTUNITY TRAINING - SEXUAL HARASSMENT AWARENESS AND PREVENTION
969870,6/13/2024,ASSISTING SURVIVORS OF SEXUAL BASED VIOLENCE WITH ACCESS TO RESOURCES
969870,6/13/2024,DRIVE SMART 2024
969870,6/11/2024,HOUSING BUREAU INTERIOR PATROL TACTICS
969870,6/9/2024,CLT-BWC POLICY UPDATES
969870,6/9/2024,CLT-DOCUMENTATION AND FORMS
969870,6/9/2024,CLT-LEGAL ISSUES
969870,6/9/2024,CLT-PROCEDURAL OPERATIONS
969870,6/9/2024,CLT-TACTICAL AWARENESS AND OFFICER SAFETY
969870,5/19/2024,CLT-BWC POLICY UPDATES
969870,5/19/2024,CLT-DOCUMENTATION AND FORMS
969870,5/14/2024,FTS - CEW TASER 7 TRANSITION COURSE
969870,5/14/2024,FTS - TASER 7 HOLSTER DISTRIBUTION
969870,5/5/2024,CLT-OCCUPATIONAL-WORKPLACE SAFETY AND HEALTH
969870,4/20/2024,POLICING THE SUBWAY 2024
969870,4/4/2024,CLT-PROCEDURAL OPERATIONS
969870,4/1/2024,2024 VEHICLE SEIZURE FORM REFRESHER
969870,4/1/2024,NYCHA INTERIOR PATROL: SQF MODULE 7
969870,3/27/2024,CLT - OATH VS. CRIMINAL COURT SUMMONS ROLL CALL TRAINING
969870,3/27/2024,CLT-BWC POLICY UPDATES
969870,3/27/2024,CLT-LEGAL ISSUES
969870,3/27/2024,CLT-PROCEDURAL OPERATIONS
969870,3/27/2024,CLT-PROPERTY
969870,3/25/2024,CLT - OATH VS. CRIMINAL COURT SUMMONS ROLL CALL TRAINING
969870,3/3/2024,EMPLOYEE ASSISTANCE UNIT (E.A.U.) IS HERE FOR YOU- 2024
969870,2/25/2024,CLT-COUNTERTERRORISM AND INTELLIGENCE
969870,2/25/2024,CLT-DOCUMENTATION AND FORMS
969870,2/25/2024,CLT-DOMESTIC VIOLENCE TRAINING
969870,2/25/2024,CLT-PROCEDURAL OPERATIONS
969870,2/15/2024,CLT-DOCUMENTATION AND FORMS
969870,2/15/2024,CLT-DOMESTIC VIOLENCE TRAINING
969870,2/15/2024,CLT-PROCEDURAL OPERATIONS
969870,2/5/2024,AWARENESS AND RESPONSE TO BIOLOGICAL INCIDENTS
969870,1/31/2024,FTS - ANNUAL CEW RECERTIFICATION
969870,1/22/2024,CLT-BWC POLICY UPDATES
969870,1/20/2024,AUTISM SPECTRUM DISORDER
969870,1/7/2024,CLT-BWC POLICY UPDATES
969870,1/7/2024,CLT-DOCUMENTATION AND FORMS
969870,1/7/2024,CLT-PROCEDURAL OPERATIONS
969870,1/7/2024,CLT-TACTICAL AWARENESS AND OFFICER SAFETY
969870,12/31/2023,CLT-BWC POLICY UPDATES
969870,12/31/2023,CLT-TACTICAL AWARENESS AND OFFICER SAFETY
969870,12/30/2023,LGBTQIA PLUS - DIVERSITY AND INCLUSION
969870,12/30/2023,"POSSESSION OR INGESTION OF ANABOLIC STEROIDS, HUMAN GROWTH HORMONE, AND NUTRITIONAL SUPPLEMENTS"
969870,12/20/2023,INVESTIGATIVE ENCOUNTERS SUMMARY: SQF MODULE 6
969870,12/20/2023,OPIOID DANGERS- FENTANYL AND CARFENTANIL
969870,12/7/2023,CLT-PROCEDURAL OPERATIONS
969870,11/22/2023,CLT-TACTICAL AWARENESS AND OFFICER SAFETY
969870,11/20/2023,AUGMENTED REALITY FEATURE
969870,11/20/2023,ELDER ABUSE -2023 REFRESHER
969870,11/20/2023,INVESTIGATIVE ENCOUNTERS 2023: MODULE 5 SQF LEVELS 3 AND 4
969870,11/20/2023,NYPD RECRUITMENT TRAINING VIDEO
969870,11/19/2023,CLT-TACTICAL AWARENESS AND OFFICER SAFETY
969870,11/6/2023,FTS - ANNUAL CEW RECERTIFICATION
969870,10/18/2023,CLT-PATROL TACTICS ROLLCALL TRAINING VIDEO SERIES
969870,10/13/2023,CLT-OCCUPATIONAL-WORKPLACE SAFETY AND HEALTH
969870,10/10/2023,EFFECTIVE COMMUNICATION SKILLS - DEAF OR HARD OF HEARING
969870,10/10/2023,INFORMATION SECURITY AWARENESS TRAINING - 2023
969870,10/10/2023,VEHICLE MOUNTED VIDEO SYSTEM
969870,8/24/2023,CLT-PROCEDURAL OPERATIONS
969870,8/24/2023,NYPD JOUVERT AND WEST INDIAN DAY-2023
969870,8/22/2023,CLT-PROCEDURAL OPERATIONS
969870,8/20/2023,CLT-LEGAL ISSUES
969870,8/20/2023,CLT-TACTICAL AWARENESS AND OFFICER SAFETY
969870,8/6/2023,2023 SUMMER ALL-OUT BODY WORN CAMERA TRAINING
969870,8/6/2023,UNMANNED AIRCRAFT PERMIT: DRONES FOR PUBLIC USE
969870,7/25/2023,CLT-BWC POLICY UPDATES
969870,7/15/2023,TRAFFIC COURT TESTIMONY VIDEO
969870,7/12/2023,CLT-OCCUPATIONAL-WORKPLACE SAFETY AND HEALTH
969870,7/1/2023,"INVESTIGATIVE ENCOUNTERS 2023: MODULE 4 SQF LEVELS 2, 3 AND 4"
969870,5/23/2023,CLT-DOCUMENTATION AND FORMS
969870,5/21/2023,CLT-PROFESSIONAL DEVELOPMENT
969870,5/16/2023,CLT-BWC POLICY UPDATES
969870,5/16/2023,CLT-DOCUMENTATION AND FORMS
969870,5/16/2023,CLT-PROCEDURAL OPERATIONS
969870,5/7/2023,CLT-DOCUMENTATION AND FORMS
969870,5/4/2023,2023 EQUAL EMPLOYMENT OPPORTUNITY TRAINING-SEXUAL HARASSMENT AWARENESS AND PREVENTION
969870,5/4/2023,2023 LANGUAGE MATTERS - FOSTERING A POSITIVE WORK ENVIRONMENT
969870,5/3/2023,CLT-DOCUMENTATION AND FORMS
969870,5/3/2023,CLT-INFORMATION TECHNOLOGY
969870,5/3/2023,CLT-PROFESSIONAL DEVELOPMENT
969870,5/2/2023,CLT-DOCUMENTATION AND FORMS
969870,5/1/2023,CLT-BWC POLICY UPDATES
969870,5/1/2023,CLT-DOCUMENTATION AND FORMS
969870,5/1/2023,CLT-PROCEDURAL OPERATIONS
969870,4/30/2023,CLT-BWC POLICY UPDATES
969870,4/30/2023,CLT-CRIME CONTROL STRATEGIES AND PROBLEM SOLVING
969870,4/30/2023,CLT-DOCUMENTATION AND FORMS
969870,4/30/2023,CLT-PROCEDURAL OPERATIONS
969870,4/30/2023,CLT-TACTICAL AWARENESS AND OFFICER SAFETY
969870,4/27/2023,CRISIS INTERVENTION TEAM TRAINING
969870,3/28/2023,CLT-TACTICAL AWARENESS AND OFFICER SAFETY
969870,3/27/2023,CLT-LEGAL ISSUES
969870,3/27/2023,CLT-PROCEDURAL OPERATIONS
969870,3/27/2023,CLT-PROFESSIONAL DEVELOPMENT
969870,3/27/2023,CLT-TACTICAL AWARENESS AND OFFICER SAFETY
969870,3/26/2023,CLT-BWC POLICY UPDATES
969870,3/26/2023,CLT-LEGAL ISSUES
969870,3/26/2023,CLT-PROCEDURAL OPERATIONS
969870,3/26/2023,CLT-PROFESSIONAL DEVELOPMENT
969870,3/26/2023,CLT-TACTICAL AWARENESS AND OFFICER SAFETY
969870,3/25/2023,ESPER POLICY LIBRARY
969870,3/25/2023,INVESTIGATIVE ENCOUNTERS 2023: MODULE 3 SQF LEVEL 2
969870,3/23/2023,CLT-PROCEDURAL OPERATIONS
969870,3/22/2023,CLT-LEGAL ISSUES
969870,3/22/2023,CLT-PROFESSIONAL DEVELOPMENT
969870,3/22/2023,CLT-TACTICAL AWARENESS AND OFFICER SAFETY
969870,3/6/2023,CLT-OCCUPATIONAL-WORKPLACE SAFETY AND HEALTH
969870,3/2/2023,CLT-DOCUMENTATION AND FORMS
969870,3/1/2023,CLT-DOCUMENTATION AND FORMS
969870,3/1/2023,CLT-PROCEDURAL OPERATIONS
969870,2/28/2023,CLT- RESPONDING TO COMMERCIAL ROBBERIES 2023
969870,2/28/2023,CLT-LEGAL ISSUES
969870,2/28/2023,CLT-PROCEDURAL OPERATIONS
969870,2/26/2023,INFORMATION SECURITY CRIMINAL JUSTICE TRAINING 2023
969870,2/13/2023,"CLT-INTEGRITY, ETHICS AND DISCIPLINE"
969870,2/7/2023,CLT-LEGAL ISSUES
969870,2/7/2023,CLT-PROCEDURAL OPERATIONS
969870,1/31/2023,NYPD-U VOLUNTARY - INVOLUNTARY TRANSPORTS
969870,1/22/2023,INVESTIGATIVE ENCOUNTERS 2023: MODULE 2 SQF LEVEL 1
969870,1/22/2023,RAISING THE LOWER AGE OF JUVENILE DELINQUENCY
969870,1/16/2023,CLT-OCCUPATIONAL-WORKPLACE SAFETY AND HEALTH
969870,1/15/2023,CLT-OCCUPATIONAL-WORKPLACE SAFETY AND HEALTH
969870,1/12/2023,CLT-LEGAL ISSUES
969870,1/12/2023,CLT-PROCEDURAL OPERATIONS
969870,1/3/2023,CLT-VOLUNTARY - INVOLUNTARY TRANSPORTS
969870,12/16/2022,INVESTIGATIVE ENCOUNTERS 2023 - MODULE 1 INTRODUCTION TO SQF
969870,12/8/2022,CLT-LEGAL ISSUES
969870,12/2/2022,VIDEO 4 - PLATFORM SAFETY 2022
969870,11/25/2022,VIDEO 1 - PATROLLING THE NYC SUBWAY SYSTEM 2022
969870,11/25/2022,VIDEO 2 -TACTICAL CONSIDERATIONS FOR TRANSIT PATROL 2022 (PART 1)
969870,11/25/2022,VIDEO 3 - TACTICAL CONSIDERATIONS FOR TRANSIT PATROL 2022 (PART 2)
969870,11/15/2022,LGBTQIA PLUS AWARENESS
969870,11/14/2022,CLT-CRIME CONTROL STRATEGIES AND PROBLEM SOLVING
969870,11/14/2022,CLT-DOCUMENTATION AND FORMS
969870,11/14/2022,CLT-LEGAL ISSUES
969870,11/14/2022,CLT-PROCEDURAL OPERATIONS
969870,11/14/2022,CLT-TACTICAL AWARENESS AND OFFICER SAFETY
969870,10/7/2022,BELT-WORN TRAUMA KIT REFRESHER TRAINING VIDEO-2022
969870,10/7/2022,PROCESSING CIVILIAN COMPLAINTS
969870,9/26/2022,2021 EXECUTIVE CONFERENCE - VIDEOS
969870,9/26/2022,HEALTH AND WELLNESS SECTION - CHILD MIND INSTITUTE VIDEO SERIES - MODULE 4 - RAISING SELF SUFFICIENT
969870,9/25/2022,THE EMPLOYEE ASSISTANCE UNIT (EAU) IS HERE FOR YOU
969870,9/20/2022,CLT-PROCEDURAL OPERATIONS
969870,9/1/2022,NYPD JOUVERT  WEST INDIAN DAY
969870,8/17/2022,CLT-CRIME CONTROL STRATEGIES AND PROBLEM SOLVING
969870,8/17/2022,CLT-NIBRS ROLL CALL TRAINING
969870,8/17/2022,CLT-PROCEDURAL OPERATIONS
969870,8/17/2022,CLT-PROFESSIONAL DEVELOPMENT
969870,8/17/2022,CLT-PROPERTY
969870,8/8/2022,"INTEGRATING COMMUNICATION, ASSESSMENT, AND TACTICS (ICAT) MODULE 7"
969870,8/7/2022,CLT-BWC POLICY UPDATES
969870,7/16/2022,CONVICTED OFFENDER DNA DATABANK SPECIMEN COLLECTION KIT
969870,7/16/2022,VEHICLE SEIZURE FORM
969870,7/12/2022,NARCAN NASAL SPRAY TRAINING
969870,7/7/2022,2022 EQUAL EMPLOYMENT OPPORTUNITY TRAINING-SEXUAL HARASSMENT AWARENESS AND PREVENTION
969870,7/6/2022,INTRODUCTION TO COGNOS 11
969870,7/2/2022,FORCE POLICY REVISION-VIDEO-PG 221-UNIT TRAINING MAY 2016
969870,7/2/2022,STOP REPORT
969870,7/2/2022,X26P TRANSITION COURSE FOR CURRENT X26 END-USERS
969870,7/1/2022,COUNTERTERRORISM BUREAU INITIAL PATROL RESPONSE FOR ACTIVE SHOOTER
969870,7/1/2022,COUNTERTERRORISM BUREAU NH15 TRAINING
969870,7/1/2022,DETECTIVE BUREAU RETRIEVING BODY WORN CAMERA DATA
969870,7/1/2022,IPHONE AND DAS MOBILE OPERATION
969870,7/1/2022,VERTEX 949 RADIO OPERATIONAL INSTRUCTIONS
969870,6/29/2022,CAR STOP TACTICS FOR PATROL OFFICERS - MODULE 1: CONTROLLING THE STOP
969870,6/29/2022,CAR STOP TACTICS FOR PATROL OFFICERS - MODULE 2: PROHIBITED MANEUVERS
969870,6/29/2022,CAR STOP TACTICS FOR PATROL OFFICERS - MODULE 3: THE UNKNOWN RISK STOP
969870,6/29/2022,CAR STOP TACTICS FOR PATROL OFFICERS - MODULE 4: THE HIGH-RISK STOP
969870,6/29/2022,DOMAIN AWARENESS SYSTEM - SEARCH ACCURINT RESULTS
969870,6/29/2022,"FORMS - THREAT,RESISTANCE,INJURY (TRI)"
969870,6/29/2022,NEW NYPD PORTAL
969870,6/29/2022,NYPD MOBILITY INITIATIVE - DEPARTMENT SMARTPHONE TRAINING
969870,6/29/2022,VIPER CCTV TRAINING COURSE
969870,6/29/2022,WARRANT CHECK IN DOMAIN AWARENESS SYSTEM (DAS LITE)
969870,6/27/2022,CLT-BWC POLICY UPDATES
969870,6/27/2022,CLT-INFORMATION TECHNOLOGY
969870,6/27/2022,CLT-LEGAL ISSUES
969870,6/27/2022,CLT-NIBRS ROLL CALL TRAINING
969870,6/27/2022,CLT-PROCEDURAL OPERATIONS
969870,6/17/2022,"INTEGRATING COMMUNICATION, ASSESSMENT AND TACTICS (ICAT) MODULE 6"
969870,6/4/2022,BEST PRACTICES IN STRUCTURED INTERVIEWING
969870,6/4/2022,NATIONAL INCIDENT-BASED REPORTING SYSTEM (NIBRS) UPDATES TO THE OMNIFORM COMPLAINT SYSTEMV
969870,5/27/2022,PROHIBITED METHODS OF RESTRAINT
969870,5/4/2022,CLT-LEGAL ISSUES
969870,5/4/2022,CLT-PROCEDURAL OPERATIONS
969870,4/27/2022,CLT-LEGAL ISSUES
969870,4/27/2022,CLT-SEARCHING PRISONERS MODULE 1
969870,4/26/2022,CLT-ENFORCEMENT ACTIONS
969870,4/26/2022,CLT-EPERMIT SYSTEM
969870,4/26/2022,"CLT-UNIFORMS, PERSONAL APPEARANCE AND EQUIPMENT"
969870,4/25/2022,CLT-PROCEDURAL OPERATIONS
969870,4/15/2022,"INTEGRATING COMMUNICATION, ASSESSMENT AND TACTICS (ICAT) MODULE 5"
969870,3/30/2022,CLT-BWC POLICY UPDATES
969870,3/30/2022,CLT-PROCEDURAL OPERATIONS
969870,3/29/2022,CLT-BWC POLICY UPDATES
969870,3/28/2022,CLT-BWC POLICY UPDATES
969870,3/23/2022,FTS - ANNUAL CEW RECERTIFICATION
969870,3/22/2022,"INTEGRATING COMMUNICATION, ASSESSMENT AND TACTICS (ICAT) MODULE 4"
969870,3/19/2022,COUNTER TERRORISM INITIAL PATROL RESPONSE TO AN ACTIVE SHOOTER
969870,2/5/2022,RMP RE-TEST
969870,1/31/2022,CLT-EPERMIT SYSTEM
969870,1/31/2022,CLT-PROCEDURAL OPERATIONS
969870,1/27/2022,CLT-PROCEDURAL OPERATIONS
969870,1/27/2022,ILLEGAL EVICTIONS
969870,1/27/2022,"INTEGRATING COMMUNICATION, ASSESSMENT AND TACTICS (ICAT) MODULE 3"
969870,1/12/2022,"INTEGRATING COMMUNICATION, ASSESSMENT AND TACTICS (ICAT) MODULE 2"
969870,1/12/2022,LOCAL LAW 45 OF 2021-TRAFFIC ENCOUNTERS
969870,12/23/2021,CONSTITUTIONAL POLICING AT COMMUNITY EVENTS (CPACE)
969870,12/8/2021,RTS ACADEMIC - POLICING A MULTICULTURAL SOCIETY
969870,12/2/2021,IDENTIFYING THE IMPAIRED DRIVER
969870,10/23/2021,ARRESTS - RELIGIOUS HEAD COVERING GUIDELINES (PG 208-83)
969870,10/23/2021,BODY-WORN CAMERA REVIEW PART TWO
969870,10/11/2021,CLT-OCCUPATIONAL-WORKPLACE SAFETY AND HEALTH
969870,9/26/2021,COVID-19 SELF-COLLECTION KIT INSTRUCTIONS
969870,9/26/2021,NEIGHBORHOOD POLICING APPLICATION TRAINING VIDEO
969870,9/25/2021,BODY-WORN CAMERA REVIEW PART ONE
969870,9/16/2021,OPIOID OVERDOSE RECOGNITION AND NARCAN ADMINISTRATION -2021
969870,9/15/2021,INFORMATION SECURITY AWARENESS TRAINING 2021
969870,9/13/2021,MAYOR EXECUTIVE ORDER 78 VACCINATION - TESTING COMPLIANCE POLICY
969870,9/8/2021,CLT-OCCUPATIONAL-WORKPLACE SAFETY AND HEALTH
969870,9/7/2021,CLT-OCCUPATIONAL-WORKPLACE SAFETY AND HEALTH
969870,7/25/2021,AIM COMPONENTS
969870,7/25/2021,AXON CASES 2.0
969870,7/25/2021,AXON TRAINING - MODULE 1 AXON BODY 2 BASIC OPERATION
969870,7/25/2021,CJB - OVERVIEW OF THE NEW DISCOVERY LAWS
969870,7/25/2021,COBALT
969870,7/25/2021,COLLABORATIVE POLICING- POLICING IN TODAY’S MULTI-FAITH NY
969870,7/25/2021,COUNTERTERRORISM ACTIVE SHOOTER TRAINING
969870,7/25/2021,COUNTERTERRORISM BUREAU FACILITY AWARENESS VIDEO-EMPIRE STATE BUILDING
969870,7/25/2021,"COUNTERTERRORISM BUREAU FACILITY AWARENESS- THE INTREPID SEA, AIR AND SPACE MUSEUM"
969870,7/25/2021,EQUAL EMPLOYMENT OPPORTUNITY TRAINING - SEXUAL HARASSMENT AWARENESS AND PREVENTION 2021
969870,7/25/2021,NYC RIGHT TO KNOW ACT LEGISLATION - PART 2
969870,7/25/2021,REGISTRATION OF AIM
969870,7/20/2021,CLT-PROCEDURAL OPERATIONS
969870,7/9/2021,CONSTITUTIONAL POLICING AT COMMUNITY EVENTS (CPACE)
969870,7/8/2021,CRIMINAL JUSTICE BUREAU - GIGLIO MATERIAL DISCLOSURES UNDER THE NEW DISCOVERY LAWS
969870,7/8/2021,OVERVIEW OF THE NEW DISCOVERY LAWS 2021 REFRESHER
969870,7/1/2021,"CLT-UNIFORMS, PERSONAL APPEARANCE AND EQUIPMENT"
969870,6/29/2021,CRIMINAL JUSTICE BUREAU - DNA TRAINING VIDEO
969870,6/29/2021,DOMESTIC VIOLENCE EDUCATION AND COUNSELING
969870,6/28/2021,MARIJUANA BURNING ENFORCEMENT POLICY
969870,6/28/2021,RESPONDING TO PEOPLE IN CRISIS - MODULE 1: SENDING THE RIGHT SIGNALS
969870,6/28/2021,RESPONDING TO PEOPLE IN CRISIS - MODULES 2 AND 3: ACTIVE LISTENING PARTS 1 AND 2
969870,6/28/2021,RESPONDING TO PEOPLE IN CRISIS – MODULE 4: USING DEPARTMENT MOBILE DIGITAL DEVICES
969870,6/28/2021,SAFEGUARDING PRISONERS - OFFICER SAFETY GUIDELINES
969870,6/27/2021,RAISE THE AGE
969870,6/27/2021,RESPONDING TO PEOPLE IN CRISIS-INTRODUCTION TO CIT VIDEO SERIES
969870,6/24/2021,NYC RIGHT TO KNOW ACT LEGISLATION – PART 1
969870,6/23/2021,ACTIVE BYSTANDERSHIP FOR LAW ENFORCEMENT (ABLE): ONE DAY COURSE
969870,6/23/2021,EQUAL EMPLOYMENT OPPORTUNITY TRANSGENDER DIVERSITY AND INCLUSION:EXECUTIVE ORDER 16
969870,6/21/2021,FTS - ANNUAL CEW RECERTIFICATION
969870,6/1/2021,AMERICANS WITH DISABILITIES ACT (ADA)
969870,6/1/2021,"EQUAL EMPLOYMENT OPPORTUNITY TRAINING - SEXUAL HARASSMENT, AWARENESS AND PREVENTION"
969870,5/31/2021,EMPLOYEE ASSISTANCE UNIT-2021
969870,5/31/2021,PATROL GUIDE 215-17 POLICE ACTIONS RELATED QUESTIONING ARRESTS AND INVESTIGATIONS AT A NYC DEPARTMEN
969870,5/31/2021,TRANSIT BUREAU - TRANSIT KEYS
969870,5/17/2021,CLT-PROFESSIONAL DEVELOPMENT
969870,5/7/2021,BTK (BELT TRAUMA KIT DISTRIBUTION AND FAMILIARIZATION)
969870,5/6/2021,ACTIVE BYSTANDERSHIP FOR LAW ENFORCEMENT (ABLE): ONE DAY COURSE
969870,5/2/2021,EDP SEMINAR
969870,4/30/2021,PTTD DEFENSIVE TACTICS REVIEW WRITTEN EXAM
969870,4/30/2021,RTS ACADEMIC - AIDED AND MISSING
969870,4/30/2021,RTS ACADEMIC - CHILDREN AND ADOLESCENTS
969870,4/30/2021,RTS ACADEMIC - POLICING WITH INTEGRITY
969870,4/28/2021,PTTD C.P.R. / A.E.D. WRITTEN EXAM
969870,4/27/2021,LEGAL BUREAU PERFORMANCE METRICS - PROHIBITED CONDUCT
969870,4/27/2021,POLICE ACADEMY RECRUIT 3RD TRIMESTER EXAM
969870,4/26/2021,RTS ACADEMIC - CIVIL DISORDER OFFENSES
969870,4/26/2021,RTS ACADEMIC - DRUG OFFENSES
969870,4/26/2021,RTS ACADEMIC - INTEGRITY CRIMES AND CIVIL LIABILITIES
969870,4/26/2021,RTS ACADEMIC - INTERROGATION AND IDENTIFICATION
969870,4/26/2021,RTS ACADEMIC - WEAPONS OFFENSES
969870,4/23/2021,FIRST AID WRITEN EXAM
969870,4/23/2021,RTS ACADEMIC - TRANSIT OPERATIONS
969870,4/21/2021,COMMUNICATIONS- THE PROPER USAGE OF THE IDA RADIO CODES
969870,4/20/2021,OFF DUTY PISTOL CERTIFIED
969870,4/20/2021,RECRUIT TACTICAL FIREARMS QUALIFICATION AND TRAINING OFF DUTY PISTOL CERTIFIED
969870,4/17/2021,RTS ACADEMIC - AUTO-RELATED PROCEDURES AND CRIMES PART 1
969870,4/17/2021,RTS ACADEMIC - AUTO-RELATED PROCEDURES AND CRIMES PART 2
969870,4/17/2021,RTS ACADEMIC - INTERIOR PATROL
969870,4/17/2021,RTS ACADEMIC - MAINTAINING PUBLIC ORDER
969870,4/9/2021,HIGHWAY DRUG IMPAIRED DRIVING COURSE
969870,4/9/2021,HIGHWAY PRELIMINARY BREATH TEST INSTRUMENT TRAINING - PBT
969870,4/7/2021,AIM COMPONENTS 2.0
969870,4/7/2021,AIM REGISTRATION AND SYNCHRONIZATION 2.0
969870,4/7/2021,BELT TRAUMA KIT VIDEO
969870,4/7/2021,COUNTERTERRORISM BUREAU ACTIVE SHOOTER SCHOOL INCIDENTS AWARENESS
969870,4/7/2021,EQUAL EMPLOYMENT OPPORTUNITY TRAINING - LGBTQIA+ DIVERSITY AND INCLUSION / EXECUTIVE ORDER 16 OF 201
969870,4/7/2021,"EXECUTIVE CONFERENCE VIDEO 10-17-18: DISCUSSION WITH INDRA NOOYI, CHAIRMAN OF PEPSI CO"
969870,4/7/2021,INCREASE OFFICER SAFETY DURING VEHICLE STOPS
969870,4/7/2021,SAFEGUARDING HOSPITALIZED PRISONERS
969870,4/7/2021,SUCCESSFULLY DISARMING AN EMOTIONALLY DISTURBED PERSON
969870,4/6/2021,ACTIVITY LOG FOR IPHONE
969870,4/6/2021,COUNTERTERRORISM U.A.S. (UNMANNED AIRCRAFT SYSTEMS) DRONE AWARENESS
969870,4/6/2021,"CPS INTERIOR PATROL OF HOUSING AUTHORITY BUILDINGS, PG 212-60 ROLL CALL VIDEO 1"
969870,4/6/2021,"CPS INTERIOR PATROL OF HOUSING AUTHORITY BUILDINGS, PG 212-60 ROLL CALL VIDEO 2"
969870,4/6/2021,CPS INTERIOR PATROL TRESPASS AFFIDAVIT PROGRAM (TAP) VIDEO 1
969870,4/6/2021,CRIME CONTROL STRATEGIES- COMMUNITY SUPERVISION
969870,4/6/2021,CRIMINAL JUSTICE REFORM ACT ROLL CALL TRAINING PART 1
969870,4/6/2021,CRIMINAL JUSTICE REFORM ACT ROLL CALL TRAINING PART 2
969870,4/6/2021,CRITICAL INCIDENT TACTICS - RESPONDING TO COMMERCIAL ROBBERIES (EXTENDED VERSION)
969870,4/6/2021,CROSSFIRE MITIGATION DURING CLOSE COMBAT INCIDENTS - PART 2
969870,4/6/2021,DAS OVERLAPPING LAYERS TUTORIAL
969870,4/6/2021,DESK APPEARANCE TICKETS: THE NEW LAW AND THE NEW GUIDELINES FOR PROCESSING DAT'S - 2021 REFRESHER
969870,4/6/2021,DISCUSSION - BASED LEARNING MODULE # 1-3
969870,4/6/2021,LOCATING APPLE DEVICES USING YOUR DEPARTMENT SMARTPHONE
969870,4/6/2021,NEW YEAR'S EVE TACTICAL AWARENESS
969870,4/6/2021,POLICE COMMISSIONERS MESSAGE - VICTIMS OF SEXUAL ASSAULT VIDEO
969870,4/6/2021,PRISONER ESCAPE WARNING SIGNS
969870,4/6/2021,PROCESSING DISCOVERY MATERIAL IN THE FORMS ARREST FOLDER
969870,4/6/2021,TACTICAL AWARENESS OF EXCITED DELIRIUM SYNDROME
969870,4/6/2021,TACTICAL AWARENESS- BALLISTIC VEST
969870,4/6/2021,TRAINING MATERIALS- CLOSING THE GAP ON VEHICLE INTELLIGENCE
969870,4/6/2021,TRAINING MATERIALS- PAWNSHOP AND 2ND HAND DEALER DATABASE
969870,4/6/2021,TRAINING MATERIALS- THE RECIDIVIST TRACKING AND REPORTING DATABASE (RTRD)
969870,4/6/2021,TRAINING MATERIALS- VIRTUAL CRIME INFORMATION CENTER
969870,4/1/2021,FRISKING AND HANDCUFFING
969870,4/1/2021,RECRUIT RAPID DEPLOYMENT-ACTIVE SHOOTER
969870,3/30/2021,PTTD DEFENSIVE TACTICS PRACTICAL EXAM
969870,3/25/2021,PTTD EXPANDABLE BATON
969870,3/24/2021,CJB - DESK APPEARANCE TICKETS: THE NEW LAWS AND GUIDELINES FOR PROCESSING DATS
969870,3/23/2021,FIREARMS 5 DAY TACTICAL APPLICATION V2
969870,3/23/2021,RTS ACADEMIC - SUMMONSES
969870,3/22/2021,RTS ACADEMIC - CUSTODIAL OFFENSES
969870,3/17/2021,PTTD WATER SAFETY
969870,3/15/2021,RTS ACADEMIC - INTERROGATION AND IDENTIFICATION
969870,3/11/2021,RTS ACADEMIC - DOMESTIC VIOLENCE
969870,3/10/2021,P.A. RECRUIT NYPD COMPUTER USE POLICY AND MONITORING NOTICE
969870,3/3/2021,POLICE ACADEMY RECRUIT 2ND TRIMESTER EXAM
969870,3/2/2021,POLICE ACADEMY RECRUIT JUSTIFICATION WRITTEN EXAM
969870,3/2/2021,PTTD CPR PRACTICAL EXAM
969870,2/23/2021,P.A. RECRUIT NCIC/III EXAM
969870,2/23/2021,RTS ACADEMIC - THEFT OFFENSES
969870,2/22/2021,RTS ACADEMIC - PEOPLE IN CRISIS
969870,2/20/2021,CROSSFIRE MITIGATION DURING CLOSE COMBAT INCIDENTS
969870,2/20/2021,DISCHARGING YOUR FIREARM AT A MOVING THREAT
969870,2/20/2021,UTILIZING BALLISTIC PROTECTION IN DEPARTMENT VEHICLES (4:09)
969870,2/12/2021,RTS ACADEMIC - COURT APPEARANCES
969870,2/6/2021,RTS ACADEMIC - CRIMES AGAINST PERSONS
969870,2/6/2021,RTS ACADEMIC - SEX OFFENSES
969870,2/1/2021,PTTD WATER SAFETY
969870,1/31/2021,RTS ACADEMIC - POLICE FIELD COMMUNICATIONS
969870,1/28/2021,FTS - CEW END USER CERTIFICATION
969870,1/23/2021,COVID VACCINE DISTRIBUTION AND EDUCATION
969870,1/22/2021,RTS ACADEMIC - COLLECTING AND PROCESSING EVIDENCE
969870,1/21/2021,RTS ACADEMIC - INTRODUCTION TO PENAL LAW
969870,1/16/2021,FIRST AID WRITEN EXAM
969870,1/15/2021,FTS - DCJS RECRUIT BASIC FIREARMS REQUALIFICATION (PQC)
969870,1/14/2021,"PTTD CARDIO ENDURANCE TEST, 1ST ATTEMPT"
969870,1/14/2021,RTS ACADEMIC - POLICING THE EMOTIONALLY DISTURBED
969870,1/6/2021,PTTD WEAPONS DEFENSE
969870,12/30/2020,PTTD EXPANDABLE BATON
969870,12/29/2020,RTS ACADEMIC - ARREST PROCESSING
969870,12/29/2020,RTS ACADEMIC - SEARCH AND SEIZURE
969870,12/26/2020,RTS ACADEMIC - STRESS MANAGEMENT FOR POLICE OFFICERS
969870,12/23/2020,RTS ACADEMIC - INTRODUCTION TO LAW AND JUSTICE
969870,12/22/2020,BATON
969870,12/18/2020,CONSTITUTIONAL POLICING AT COMMUNITY EVENTS (CPACE)
969870,12/18/2020,PTTD C.P.R. / A.E.D. WRITTEN EXAM
969870,12/18/2020,RTS ACADEMIC - INVESTIGATION AND REPORT WRITING
969870,12/17/2020,JOB STANDARDS TEST ATTEMPT #1
969870,12/17/2020,RTS ACADEMIC - GENERAL REGULATIONS
969870,12/17/2020,RTS ACADEMIC - INTRO TO NYPD
969870,12/16/2020,COVID-19: PREPAREDENESS
969870,12/16/2020,COVID-19: PROTECTIVE MASKS
969870,12/16/2020,FORCE POLICY UPDATE VIDEO
969870,12/16/2020,NEW LAWS AFFECTING POLICE OFFICERS’ CRIMINAL AND CIVIL LIABILITY
969870,12/16/2020,POLICE ACADEMY RECRUIT 1ST TRIMESTER EXAM
969870,12/16/2020,TACTICAL AWARENESS-SMARTPHONE SAFETY
969870,12/15/2020,COLLABORATIVE POLICING- ACCESSING TELEPHONIC INTERPRETERS VIA LANGUAGE LINE
969870,12/15/2020,COLLABORATIVE POLICING- FOREIGN LANGUAGE CERTIFICATION VIDEO
969870,12/15/2020,HEALTH AND WELLNESS SECTION - MODULE 1 - PSYCHOLOGICAL HEALTH AND WELLNESS
969870,12/15/2020,HEALTH AND WELLNESS SECTION - MODULE 10 - SEEKING AND RECEIVING MENTAL HEALTH SUPPORT
969870,12/15/2020,HEALTH AND WELLNESS SECTION - MODULE 11 - HEALTH AND RESILIENCY
969870,12/15/2020,HEALTH AND WELLNESS SECTION - MODULE 12 - IN THAT DARK PLACE - AN OFFICER'S JOURNEY
969870,12/15/2020,HEALTH AND WELLNESS SECTION - MODULE 2 - JOB COUNSELING AND STRESS
969870,12/15/2020,HEALTH AND WELLNESS SECTION - MODULE 3 - WARNING SIGNS
969870,12/15/2020,HEALTH AND WELLNESS SECTION - MODULE 4 - CUMULATIVE TRAUMA
969870,12/15/2020,HEALTH AND WELLNESS SECTION - MODULE 5 - GAINING PERSPECTIVE
969870,12/15/2020,HEALTH AND WELLNESS SECTION - MODULE 6 - COPING WITH SIGNS OF ANXIETY DEPRESSION
969870,12/15/2020,HEALTH AND WELLNESS SECTION - MODULE 7 - LEADING WITH COMPASSION
969870,12/15/2020,"HEALTH AND WELLNESS SECTION - MODULE 8 - WARNING SIGNS, SUPPORT AND OUTREACH"
969870,12/15/2020,HEALTH AND WELLNESS SECTION - MODULE 9 - MANAGING STRESS ON THE JOB
969870,12/15/2020,POLICE ACADEMY RECRUIT STOP QUESTION & FRISK WRITTEN EXAM
969870,12/15/2020,RTS ACADEMIC - DISCRETION
969870,12/15/2020,RTS ACADEMIC - NEIGHBORHOOD POLICING
969870,12/15/2020,RTS ACADEMIC - POLICING IMPARTIALLY
969870,12/15/2020,RTS ACADEMIC - POLICING PROFESSIONALLY
969870,12/14/2020,COLLABORATIVE POLICING- ACCESSING TELEPHONIC INTERPRETERS VIA LANGUAGE LINE
969870,12/14/2020,INVESTIGATIVE ENCOUNTERS-VIDEO #1 REQUEST FOR INFO-UNIT TRAINING FEB 2016
969870,12/14/2020,INVESTIGATIVE ENCOUNTERS-VIDEO #2 COMMON LAW RIGHT OF INQUIRY-UNIT TRAINING MAY 2016
969870,12/14/2020,INVESTIGATIVE ENCOUNTERS-VIDEO #3 TERRY STOPS AND REASONABLE SUSPICION-UNIT TRAINING JUNE 2016
969870,12/14/2020,INVESTIGATIVE ENCOUNTERS-VIDEO #4 DOCUMENTATION AND SUPERVISION-UNIT TRAINING JULY 2016
969870,12/14/2020,RTS ACADEMIC - POLICING A MULTICULTURAL SOCIETY
969870,12/14/2020,SHIELD OF RESILIENCE TRAINING COURSE
969870,12/11/2020,CPS INTERIOR PATROL TRESPASS AFFIDAVIT PROGRAM (TAP) VIDEO 2
969870,12/11/2020,CRITICAL DECISION MAKING MODEL
969870,12/11/2020,LEGAL BUREAU - PERJURY TRAINING MODULE
969870,12/11/2020,MARIJUANA POLICY UPDATE
969870,12/11/2020,PATROL- POLYCARBONATE SHIELD
969870,12/11/2020,PERSONNEL BUREAU NYPD EMPLOYEE ASSISTANCE UNIT (EAU)
969870,12/11/2020,SAFETY CONSIDERATIONS FOR PATROLLING THE NYC SUBWAY SYSTEM -DANGERS OF THE PLATFORM EDGE
969870,12/11/2020,"SUPPORT SERVICES DIVISION - CLASS ""C"" OPERATOR"
969870,12/11/2020,TRANSIT BUREAU - SAFETY CONSIDERATIONS FOR PATROLLING THE NYC SUBWAY SYSTEM
969870,12/11/2020,TRANSIT BUREAU - SAFETY CONSIDERATIONS FOR PATROLLING THE NYC SUBWAY SYSTEM - PART 2
969870,12/11/2020,TRANSIT BUREAU - TIMELY RESUMPTION OF SERVICE IN NYC TRANSIT
969870,12/11/2020,VICTIM BLAMING AND RELEASE OF INFORMATION TO THE MEDIA
969870,12/9/2020,COLLABORATIVE POLICING - ELDER ABUSE
969870,12/9/2020,COLLABORATIVE POLICING - MEDIATION REFERRAL PROGRAM FOR NON-CRIMINAL COMPLAINTS
969870,12/9/2020,COLLABORATIVE POLICING - THE DEAF AND HARD OF HEARING COMMUNITY
969870,12/9/2020,COVID-19: PREPAREDNESS YOUR FAMILY AND HOME
969870,12/9/2020,EQUAL EMPLOYMENT OPPORTUNITY TRAINING - LEAVE TO EXPRESS BREAST MILK
969870,12/9/2020,INVESTIGATIVE ENCOUNTERS-VIDEO #1 REQUEST FOR INFO-UNIT TRAINING FEB 2016
969870,12/9/2020,INVESTIGATIVE ENCOUNTERS-VIDEO #2 COMMON LAW RIGHT OF INQUIRY-UNIT TRAINING MAY 2016
969870,12/9/2020,INVESTIGATIVE ENCOUNTERS-VIDEO #3 TERRY STOPS AND REASONABLE SUSPICION-UNIT TRAINING JUNE 2016
969870,12/9/2020,INVESTIGATIVE ENCOUNTERS-VIDEO #4 DOCUMENTATION AND SUPERVISION-UNIT TRAINING JULY 2016
969870,12/9/2020,NARCAN NASAL SPRAY TRAINING
969870,12/9/2020,NEW PERFORMANCE EVALUATION PROCESS
969870,12/9/2020,PUBLIC CONTACT AND CONSENT TO SEARCH (RIGHT TO KNOW) - UNIT TRAINING AUGUST 2016
969870,12/9/2020,RESPONDING TO COMMERCIAL ROBBERIES
969870,12/9/2020,RESPONDING TO COMMERCIAL ROBBERIES PART LL - MODULE 1 AND MODULE 2
969870,12/9/2020,TRAINING BUREAU - ACCREDITATION FAMILIARIZATION TRAINING
969870,12/9/2020,WORLDPRIDE NYC 2019
969870,12/7/2020,GROUND TACTICS
969870,12/2/2020,RTS ACADEMIC - USE OF FORCE
969870,11/15/2020,RTS ACADEMIC - POLICING LEGALLY
969870,11/13/2020,EQUAL EMPLOYMENT OPPORTUNITY FOR NEW HIRES
969870,11/9/2015,EMERGENCY VEHICLE OPERATION JULY 07 - PRESENT
969870,11/9/2015,FIELD TRAINING PROGRAM JULY 07 - PRESENT
969870,11/9/2015,PHYSICAL EDUCATION PART 1: FOUNDATIONS OF PHYSICAL FITNESS
969870,11/9/2015,PHYSICAL EDUCATION PART 2: DEFENSIVE TACTICS JULY 07 - PRESENT
969870,11/9/2015,PHYSICAL EDUCATION PART 3: AMERICAN HEART ASSOCIATION BASIC LIFE SUPPORT
969870,11/9/2015,POLICE CRISIS INTERVENTION JULY 07 - PRESENT
969870,11/9/2015,POLICE FIELD PROBLEMS JULY 07 - PRESENT
969870,11/9/2015,POLICE INVESTIGATION AND REPORTING JULY 07 - PRESENT
969870,11/9/2015,POLICING A DEMOCRACY JULY 07 - PRESENT
969870,11/9/2015,POLICING SPECIAL POPULATIONS JULY 07 - PRESENT
969870,11/9/2015,PROCEDURAL LAW JULY 07 - PRESENT
969870,11/9/2015,SUBSTANTIVE LAW JULY 07 - PRESENT
969870,11/9/2015,TERRORISM AWARENESS AND RESPONSE JULY 07 - PRESENT
980650,6/19/2025,CLT-DOMESTIC VIOLENCE TRAINING
980650,6/12/2025,2025 EQUAL EMPLOYMENT OPPORTUNITY TRAINING - SEXUAL HARASSMENT AWARENESS AND PREVENTION
980650,6/12/2025,CLT-TACTICAL AWARENESS AND OFFICER SAFETY
980650,6/11/2025,EAU 2025 POLICE COMMISSIONER JESSICA S. TISCH
980650,6/6/2025,"AXON BODY-WORN CAMERA TRAINING - CAMERA OPERATION, AXON VIEW AND EVIDENCE.COM (REQUIRED FOR LE4 COMM"
980650,5/28/2025,CLT-DOCUMENTATION AND FORMS
980650,5/24/2025,"CLT-INTEGRITY, ETHICS AND DISCIPLINE"
980650,4/25/2025,POLICE ACADEMY RECRUIT 3RD TRIMESTER EXAM
980650,4/22/2025,RTS ACADEMIC - AUTO-RELATED PROCEDURES AND CRIMES PART 1
980650,4/22/2025,RTS ACADEMIC - AUTO-RELATED PROCEDURES AND CRIMES PART 2
980650,4/22/2025,RTS ACADEMIC - MAINTAINING PUBLIC ORDER
980650,4/22/2025,RTS ACADEMIC - SUMMONSES
980650,4/22/2025,RTS ACADEMIC - TRANSIT OPERATIONS
980650,4/21/2025,CRISIS INTERVENTION TEAM TRAINING
980650,4/18/2025,POLICE ACADEMY RECRUIT 3RD TRIMESTER PRACTICE WRITTEN EXAM
980650,4/14/2025,HIGHWAY DRUG IMPAIRED DRIVING COURSE
980650,4/14/2025,HIGHWAY PRELIMINARY BREATH TEST INSTRUMENT TRAINING - PBT
980650,4/11/2025,FIELD FORCE OPERATIONS (FFO) - 5 DAY
980650,3/26/2025,PTTD WEAPONS DEFENSE
980650,3/21/2025,FTS - DCJS RECRUIT OFF DUTY QUALIFICATION
980650,3/10/2025,CPS BODY-WORN CAMERA TRAINING WITH SCENARIOS
980650,3/10/2025,P.A. RECRUIT NCIC/III EXAM
980650,3/6/2025,LACTATION - EXPRESSING BREASTMILK IN THE WORKPLACE
980650,2/28/2025,POLICE ACADEMY RECRUIT 2ND TRIMESTER EXAM
980650,2/27/2025,POLICE ACADEMY RECRUIT JUSTIFICATION WRITTEN EXAM
980650,2/26/2025,PTTD DEFENSIVE TACTICS REVIEW WRITTEN EXAM
980650,2/25/2025,CRISIS INTERVENTION TEAM TRAINING
980650,2/24/2025,POLICE ACADEMY RECRUIT 2ND TRIMESTER PRACTICE WRITTEN EXAM
980650,2/21/2025,PTTD WATER SAFETY
980650,2/14/2025,VEHICLE STOP SOLUTIONS MODULE
980650,2/13/2025,RTS ACADEMIC - COURT APPEARANCES
980650,2/11/2025,RTS ACADEMIC - OCCUPATIONAL SAFETY AND HEALTH ADMINISTRATION - OSHA
980650,2/5/2025,FTS - DCJS RECRUIT FIREARM QUALIFICATION (BEFORE MAY 2025)
980650,1/31/2025,RECRUIT RAPID DEPLOYMENT-ACTIVE SHOOTER
980650,1/31/2025,RTS ACADEMIC - COLLECTING AND PROCESSING EVIDENCE
980650,1/30/2025,FIRST AID WRITEN EXAM
980650,1/27/2025,RTS ACADEMIC - POLICING THE EMOTIONALLY DISTURBED
980650,1/24/2025,GROUND TACTICS
980650,1/24/2025,RTS ACADEMIC - SEX OFFENSES
980650,1/22/2025,"PTTD CARDIO ENDURANCE TEST, 1ST ATTEMPT"
980650,1/22/2025,RIGHT TO KNOW ACT SQF MODULE 9
980650,1/22/2025,RTS ACADEMIC - CRIMES AGAINST PERSONS
980650,1/22/2025,VEHICLE PURSUITS
980650,1/20/2025,KEVIN AND AVONTE SAFE HOME PROGRAM
980650,1/20/2025,PTTD C.P.R. / A.E.D. WRITTEN EXAM
980650,1/20/2025,PTTD CPR PRACTICAL EXAM
980650,1/14/2025,FTS - CEW TASER 7 TRANSITION COURSE
980650,1/10/2025,RECRUIT 12 PASSENGER VAN / UTILITY VEHICLE QUALIFICATION
980650,1/10/2025,RECRUIT COLLISION REDUCTION INCENTIVE PROGRAM
980650,1/10/2025,RECRUIT RMP QUALIFICATION / RMP OPERATOR QUALIFIED
980650,1/6/2025,RTS ACADEMIC - ARREST PROCESSING
980650,1/6/2025,RTS ACADEMIC - INTERIOR PATROL
980650,1/3/2025,2025 IDENTIFYING THE IMPAIRED DRIVER REFRESHER
980650,1/3/2025,ACTIVE SHOOTER - SCHOOL RESPONSE PROTOCOL
980650,1/1/2025,PTTD EXPANDABLE BATON
980650,12/30/2024,RTS ACADEMIC - PEOPLE IN CRISIS
980650,12/27/2024,BATON
980650,12/27/2024,RTS ACADEMIC - INTRODUCTION TO PENAL LAW
980650,12/26/2024,JOB STANDARDS TEST ATTEMPT #1
980650,12/24/2024,CELL BLOCK FIRESHIELD EV BLANKETS
980650,12/24/2024,MULTI-FACTOR AUTHENTICATION MFA TRAINING
980650,12/23/2024,RTS ACADEMIC - STRESS MANAGEMENT FOR POLICE OFFICERS
980650,12/20/2024,RTS ACADEMIC - SEARCH AND SEIZURE
980650,12/13/2024,INFORMATION SECURITY AWARENESS TRAINING 2024
980650,12/12/2024,POLICE ACADEMY RECRUIT 1ST TRIMESTER EXAM
980650,12/11/2024,POLICE ACADEMY RECRUIT STOP QUESTION & FRISK WRITTEN EXAM
980650,12/9/2024,FRISKING AND HANDCUFFING
980650,12/9/2024,RTS ACADEMIC - GENERAL REGULATIONS
980650,12/9/2024,RTS ACADEMIC - INTRO TO NYPD
980650,12/9/2024,RTS ACADEMIC - INVESTIGATION AND REPORT WRITING
980650,12/9/2024,RTS ACADEMIC - POLICE FIELD COMMUNICATIONS
980650,12/9/2024,RTS ACADEMIC - USE OF FORCE
980650,12/6/2024,NOTIFICATION OF ALLEGATIONS AND EMPLOYEE RIGHTS
980650,12/5/2024,RTS ACADEMIC - POLICING A MULTICULTURAL SOCIETY
980650,12/4/2024,P.A. RECRUIT NYPD COMPUTER USE POLICY AND MONITORING NOTICE
980650,12/3/2024,ACTIVITY LOG FOR IPHONE
980650,12/3/2024,CALEA ACCREDITATION FAMILIARIZATION TRAINING
980650,12/3/2024,CJB - DESK APPEARANCE TICKETS: THE NEW LAWS AND GUIDELINES FOR PROCESSING DATS
980650,12/3/2024,CJB - OVERVIEW OF THE NEW DISCOVERY LAWS
980650,12/3/2024,COLLABORATIVE POLICING - MEDIATION REFERRAL PROGRAM FOR NON-CRIMINAL COMPLAINTS
980650,12/3/2024,COLLABORATIVE POLICING - THE DEAF AND HARD OF HEARING COMMUNITY
980650,12/3/2024,COLLABORATIVE POLICING- ACCESSING TELEPHONIC INTERPRETERS VIA LANGUAGE LINE
980650,12/3/2024,COMMUNICATIONS- THE PROPER USAGE OF THE IDA RADIO CODES
980650,12/3/2024,COVID VACCINE DISTRIBUTION AND EDUCATION
980650,12/3/2024,COVID-19: PROTECTIVE MASKS
980650,12/3/2024,"CPS INTERIOR PATROL OF HOUSING AUTHORITY BUILDINGS, PG 212-60 ROLL CALL VIDEO 1"
980650,12/3/2024,"CPS INTERIOR PATROL OF HOUSING AUTHORITY BUILDINGS, PG 212-60 ROLL CALL VIDEO 2"
980650,12/3/2024,CPS INTERIOR PATROL TRESPASS AFFIDAVIT PROGRAM (TAP) VIDEO 2
980650,12/3/2024,CRIMINAL JUSTICE REFORM ACT ROLL CALL TRAINING PART 2
980650,12/3/2024,CRITICAL DECISION MAKING MODEL
980650,12/3/2024,DISCHARGING YOUR FIREARM AT A MOVING THREAT
980650,12/3/2024,DOMESTIC VIOLENCE EDUCATION AND COUNSELING
980650,12/3/2024,HEALTH AND WELLNESS SECTION - MODULE 1 - PSYCHOLOGICAL HEALTH AND WELLNESS
980650,12/3/2024,LEGAL BUREAU - PERJURY TRAINING MODULE
980650,12/3/2024,LEGAL BUREAU PERFORMANCE METRICS - PROHIBITED CONDUCT
980650,12/3/2024,MARIJUANA BURNING ENFORCEMENT POLICY
980650,12/3/2024,MARIJUANA POLICY UPDATE
980650,12/3/2024,NARCAN NASAL SPRAY TRAINING
980650,12/3/2024,NEW PERFORMANCE EVALUATION PROCESS
980650,12/3/2024,NYC RIGHT TO KNOW ACT LEGISLATION - PART 2
980650,12/3/2024,NYC RIGHT TO KNOW ACT LEGISLATION – PART 1
980650,12/3/2024,PATROL- POLYCARBONATE SHIELD
980650,12/3/2024,PERSONNEL BUREAU NYPD EMPLOYEE ASSISTANCE UNIT (EAU)
980650,12/3/2024,POLICE COMMISSIONERS MESSAGE - VICTIMS OF SEXUAL ASSAULT VIDEO
980650,12/3/2024,PTTD DEFENSIVE TACTICS PRACTICAL EXAM
980650,12/3/2024,RAISE THE AGE
980650,12/3/2024,RESPONDING TO COMMERCIAL ROBBERIES PART LL - MODULE 1 AND MODULE 2
980650,12/3/2024,RESPONDING TO PEOPLE IN CRISIS - MODULE 1: SENDING THE RIGHT SIGNALS
980650,12/3/2024,RESPONDING TO PEOPLE IN CRISIS - MODULES 2 AND 3: ACTIVE LISTENING PARTS 1 AND 2
980650,12/3/2024,RESPONDING TO PEOPLE IN CRISIS – MODULE 4: USING DEPARTMENT MOBILE DIGITAL DEVICES
980650,12/3/2024,RESPONDING TO PEOPLE IN CRISIS-INTRODUCTION TO CIT VIDEO SERIES
980650,12/3/2024,SAFEGUARDING PRISONERS - OFFICER SAFETY GUIDELINES
980650,12/3/2024,"SUPPORT SERVICES DIVISION - CLASS ""C"" OPERATOR"
980650,12/3/2024,TACTICAL AWARENESS-SMARTPHONE SAFETY
980650,12/3/2024,TRAINING BUREAU - ACCREDITATION FAMILIARIZATION TRAINING
980650,12/3/2024,TRANSIT BUREAU - TIMELY RESUMPTION OF SERVICE IN NYC TRANSIT
980650,12/3/2024,VIPER CCTV TRAINING COURSE
980650,12/2/2024,BODY-WORN CAMERA REVIEW PART ONE
980650,12/2/2024,COLLABORATIVE POLICING- FOREIGN LANGUAGE CERTIFICATION VIDEO
980650,12/2/2024,COVID-19: PREPAREDENESS
980650,12/2/2024,COVID-19: PREPAREDNESS YOUR FAMILY AND HOME
980650,12/2/2024,CPS INTERIOR PATROL TRESPASS AFFIDAVIT PROGRAM (TAP) VIDEO 1
980650,12/2/2024,CRIMINAL JUSTICE BUREAU - GIGLIO MATERIAL DISCLOSURES UNDER THE NEW DISCOVERY LAWS
980650,12/2/2024,CRIMINAL JUSTICE REFORM ACT ROLL CALL TRAINING PART 1
980650,12/2/2024,CROSSFIRE MITIGATION DURING CLOSE COMBAT INCIDENTS
980650,12/2/2024,CROSSFIRE MITIGATION DURING CLOSE COMBAT INCIDENTS - PART 2
980650,12/2/2024,DESK APPEARANCE TICKETS: THE NEW LAW AND THE NEW GUIDELINES FOR PROCESSING DAT'S - 2021 REFRESHER
980650,12/2/2024,EQUAL EMPLOYMENT OPPORTUNITY TRAINING - LEAVE TO EXPRESS BREAST MILK
980650,12/2/2024,FORCE POLICY UPDATE VIDEO
980650,12/2/2024,HEALTH AND WELLNESS SECTION - MODULE 10 - SEEKING AND RECEIVING MENTAL HEALTH SUPPORT
980650,12/2/2024,HEALTH AND WELLNESS SECTION - MODULE 11 - HEALTH AND RESILIENCY
980650,12/2/2024,HEALTH AND WELLNESS SECTION - MODULE 12 - IN THAT DARK PLACE - AN OFFICER'S JOURNEY
980650,12/2/2024,HEALTH AND WELLNESS SECTION - MODULE 2 - JOB COUNSELING AND STRESS
980650,12/2/2024,HEALTH AND WELLNESS SECTION - MODULE 3 - WARNING SIGNS
980650,12/2/2024,HEALTH AND WELLNESS SECTION - MODULE 4 - CUMULATIVE TRAUMA
980650,12/2/2024,HEALTH AND WELLNESS SECTION - MODULE 5 - GAINING PERSPECTIVE
980650,12/2/2024,HEALTH AND WELLNESS SECTION - MODULE 6 - COPING WITH SIGNS OF ANXIETY DEPRESSION
980650,12/2/2024,HEALTH AND WELLNESS SECTION - MODULE 7 - LEADING WITH COMPASSION
980650,12/2/2024,"HEALTH AND WELLNESS SECTION - MODULE 8 - WARNING SIGNS, SUPPORT AND OUTREACH"
980650,12/2/2024,HEALTH AND WELLNESS SECTION - MODULE 9 - MANAGING STRESS ON THE JOB
980650,12/2/2024,OPIOID OVERDOSE RECOGNITION AND NARCAN ADMINISTRATION -2021
980650,12/2/2024,OVERVIEW OF THE NEW DISCOVERY LAWS 2021 REFRESHER
980650,12/2/2024,PATROL GUIDE 215-17 POLICE ACTIONS RELATED QUESTIONING ARRESTS AND INVESTIGATIONS AT A NYC DEPARTMEN
980650,12/2/2024,PROCESSING DISCOVERY MATERIAL IN THE FORMS ARREST FOLDER
980650,12/2/2024,RTS ACADEMIC - AUTHORITY TO ARREST
980650,12/2/2024,RTS ACADEMIC - NEIGHBORHOOD POLICING
980650,12/2/2024,RTS ACADEMIC - POLICING LEGALLY
980650,12/2/2024,SAFETY CONSIDERATIONS FOR PATROLLING THE NYC SUBWAY SYSTEM -DANGERS OF THE PLATFORM EDGE
980650,12/2/2024,UTILIZING BALLISTIC PROTECTION IN DEPARTMENT VEHICLES (4:09)
980650,12/2/2024,VICTIM BLAMING AND RELEASE OF INFORMATION TO THE MEDIA
980650,12/2/2024,WORLDPRIDE NYC 2019
980650,11/29/2024,ARRESTS - RELIGIOUS HEAD COVERING GUIDELINES (PG 208-83)
980650,11/29/2024,BELT-WORN TRAUMA KIT REFRESHER TRAINING VIDEO-2022
980650,11/29/2024,BEST PRACTICES IN STRUCTURED INTERVIEWING
980650,11/29/2024,BODY-WORN CAMERA REVIEW PART TWO
980650,11/29/2024,CAR STOP TACTICS FOR PATROL OFFICERS - MODULE 1: CONTROLLING THE STOP
980650,11/29/2024,CAR STOP TACTICS FOR PATROL OFFICERS - MODULE 2: PROHIBITED MANEUVERS
980650,11/29/2024,CAR STOP TACTICS FOR PATROL OFFICERS - MODULE 3: THE UNKNOWN RISK STOP
980650,11/29/2024,CAR STOP TACTICS FOR PATROL OFFICERS - MODULE 4: THE HIGH-RISK STOP
980650,11/29/2024,CONVICTED OFFENDER DNA DATABANK SPECIMEN COLLECTION KIT
980650,11/29/2024,ELDER ABUSE -2023 REFRESHER
980650,11/29/2024,EMPLOYEE ASSISTANCE UNIT-2021
980650,11/29/2024,IDENTIFYING THE IMPAIRED DRIVER
980650,11/29/2024,ILLEGAL EVICTIONS
980650,11/29/2024,INVESTIGATIVE ENCOUNTERS 2023 - MODULE 1 INTRODUCTION TO SQF
980650,11/29/2024,INVESTIGATIVE ENCOUNTERS 2023: MODULE 2 SQF LEVEL 1
980650,11/29/2024,INVESTIGATIVE ENCOUNTERS 2023: MODULE 3 SQF LEVEL 2
980650,11/29/2024,LOCAL LAW 45 OF 2021-TRAFFIC ENCOUNTERS
980650,11/29/2024,MAYOR EXECUTIVE ORDER 78 VACCINATION - TESTING COMPLIANCE POLICY
980650,11/29/2024,NATIONAL INCIDENT-BASED REPORTING SYSTEM (NIBRS) UPDATES TO THE OMNIFORM COMPLAINT SYSTEMV
980650,11/29/2024,PROCESSING CIVILIAN COMPLAINTS
980650,11/29/2024,PROHIBITED METHODS OF RESTRAINT
980650,11/29/2024,RAISING THE LOWER AGE OF JUVENILE DELINQUENCY
980650,11/29/2024,RESPONDING TO COMMERCIAL ROBBERIES
980650,11/29/2024,RTS ACADEMIC - FAIR AND IMPARCIAL POLICING
980650,11/29/2024,TRAFFIC COURT TESTIMONY VIDEO
980650,11/29/2024,VIDEO 1 - PATROLLING THE NYC SUBWAY SYSTEM 2022
980650,11/29/2024,VIDEO 2 -TACTICAL CONSIDERATIONS FOR TRANSIT PATROL 2022 (PART 1)
980650,11/29/2024,VIDEO 3 - TACTICAL CONSIDERATIONS FOR TRANSIT PATROL 2022 (PART 2)
980650,11/29/2024,VIDEO 4 - PLATFORM SAFETY 2022
980650,11/27/2024,2023 LANGUAGE MATTERS - FOSTERING A POSITIVE WORK ENVIRONMENT
980650,11/27/2024,2023 SUMMER ALL-OUT BODY WORN CAMERA TRAINING
980650,11/27/2024,AUGMENTED REALITY FEATURE
980650,11/27/2024,EFFECTIVE COMMUNICATION SKILLS - DEAF OR HARD OF HEARING
980650,11/27/2024,ESPER POLICY LIBRARY
980650,11/27/2024,INFORMATION SECURITY AWARENESS TRAINING - 2023
980650,11/27/2024,INVESTIGATIVE ENCOUNTERS 2023: MODULE 5 SQF LEVELS 3 AND 4
980650,11/27/2024,NYPD JOUVERT AND WEST INDIAN DAY-2023
980650,11/27/2024,NYPD RECRUITMENT TRAINING VIDEO
980650,11/27/2024,NYPD-U VOLUNTARY - INVOLUNTARY TRANSPORTS
980650,11/27/2024,UNMANNED AIRCRAFT PERMIT: DRONES FOR PUBLIC USE
980650,11/27/2024,VEHICLE MOUNTED VIDEO SYSTEM
980650,11/26/2024,2024 EQUAL EMPLOYMENT OPPORTUNITY TRAINING - SEXUAL HARASSMENT AWARENESS AND PREVENTION
980650,11/26/2024,2024 VEHICLE SEIZURE FORM REFRESHER
980650,11/26/2024,ASSISTING SURVIVORS OF SEXUAL BASED VIOLENCE WITH ACCESS TO RESOURCES
980650,11/26/2024,AUTISM SPECTRUM DISORDER
980650,11/26/2024,DRIVE SMART 2024
980650,11/26/2024,EMPLOYEE ASSISTANCE UNIT (E.A.U.) IS HERE FOR YOU- 2024
980650,11/26/2024,HOUSING BUREAU INTERIOR PATROL TACTICS
980650,11/26/2024,INVESTIGATIVE ENCOUNTERS SUMMARY: SQF MODULE 6
980650,11/26/2024,LGBTQIA PLUS - DIVERSITY AND INCLUSION
980650,11/26/2024,NYCHA INTERIOR PATROL: SQF MODULE 7
980650,11/26/2024,OPIOID DANGERS- FENTANYL AND CARFENTANIL
980650,11/26/2024,POLICING THE SUBWAY 2024
980650,11/25/2024,ACCURATE COMPLAINT REPORT CLASSIFICATION
980650,11/22/2024,APX NEXT PORTABLE AND RADIO DISCIPLINE TRAINING VIDEO
980650,11/22/2024,BEHAVIORAL HEALTH EMERGENCY ASSISTANCE RESPONSE DIVISION B-HEARD
980650,11/22/2024,LEVEL 1 AND LEVEL 2 INVESTIGATIVE ENCOUNTERS
980650,11/22/2024,MENTAL HEALTH INVOLUNTARY REMOVALS MHL 9.41 AND MHL 9.58
980650,11/22/2024,RACIAL PROFILING AND BIASED BASED POLICING: SQF MODULE 8
980650,11/22/2024,RAPE IS RAPE
980650,11/22/2024,TACTICS WHEN ENGAGING INDIVIDUALS IN A MENTAL HEALTH CRISIS
980650,11/22/2024,UNMANNED AIRCRAFT SYSTEMS VISUAL OBSERVER
980650,11/21/2024,DRIVING WHILE INTOXICATED AWARENESS VIDEO MODULE 1
980650,11/21/2024,FAMILY BUILDING
980650,11/21/2024,LEAVING THE SCENE COLLISIONS INVESTIGATIVE BEST PRACTICES
980650,11/21/2024,NORTHWELL DIRECT FINEST CARE PROGRAM FOR UMOS
980650,11/19/2024,RTS ACADEMIC - POLICING IMPARTIALLY
980650,11/15/2024,RTS ACADEMIC - DISCRETION
980650,11/12/2024,RTS ACADEMIC - INTRODUCTION TO LAW AND JUSTICE
980650,11/12/2024,RTS ACADEMIC - POLICING PROFESSIONALLY
980650,11/7/2024,RTS ACADEMIC - INTRODUCTION TO PUBLIC SERVICE
980650,10/31/2024,EQUAL EMPLOYMENT OPPORTUNITY FOR NEW HIRES
980650,4/5/2023,INFORMATION SECURITY CRIMINAL JUSTICE TRAINING 2023
955033,6/18/2025,2025 BWC PROFICIENCY TRAINING
955033,6/6/2025,EAU 2025 POLICE COMMISSIONER JESSICA S. TISCH
955033,5/27/2025,SQF REVIEW AND DOCUMENTATION: SQF MODULE 10
955033,5/21/2025,2025 EQUAL EMPLOYMENT OPPORTUNITY TRAINING - SEXUAL HARASSMENT AWARENESS AND PREVENTION
955033,2/21/2025,ADVANCED NARCOTICS INVESTIGATION COURSE (HIDTA)
955033,1/24/2025,RIGHT TO KNOW ACT SQF MODULE 9
955033,1/24/2025,VEHICLE PURSUITS
955033,1/9/2025,KEVIN AND AVONTE SAFE HOME PROGRAM
955033,1/3/2025,2025 IDENTIFYING THE IMPAIRED DRIVER REFRESHER
955033,1/3/2025,ACTIVE SHOOTER - SCHOOL RESPONSE PROTOCOL
955033,12/31/2024,FTS - DCJS FIREARMS INSTRUCTOR WORKSHOP
955033,12/30/2024,CELL BLOCK FIRESHIELD EV BLANKETS
955033,12/30/2024,MULTI-FACTOR AUTHENTICATION MFA TRAINING
955033,12/13/2024,INFORMATION SECURITY AWARENESS TRAINING 2024
955033,12/6/2024,NOTIFICATION OF ALLEGATIONS AND EMPLOYEE RIGHTS
955033,11/25/2024,BEHAVIORAL HEALTH EMERGENCY ASSISTANCE RESPONSE DIVISION B-HEARD
955033,11/19/2024,DRIVING WHILE INTOXICATED AWARENESS VIDEO MODULE 1
955033,11/13/2024,LEAVING THE SCENE COLLISIONS INVESTIGATIVE BEST PRACTICES
955033,11/8/2024,FTS - CEW TASER 7 TRANSITION COURSE
955033,11/8/2024,PROFESSIONAL DEVELOPMENT - FTS - AXON TASER 7 INSTRUCTOR COURSE
955033,11/8/2024,PROFESSIONAL DEVELOPMENT - FTS - AXON TASER X26P CEW INSTRUCTOR
955033,11/7/2024,FTS - TASER 7 HOLSTER DISTRIBUTION
955033,10/25/2024,PROFESSIONAL DEVELOPMENT - FTS - FBI BASIC POLICE SNIPER SCHOOL
955033,10/4/2024,FAMILY BUILDING
955033,9/30/2024,NORTHWELL DIRECT FINEST CARE PROGRAM FOR UMOS
955033,9/16/2024,CPR-AED CARDIOPULMONARY RESUSCITATION-AUTOMATED EXTERNAL DEFIBRILLATOR REFRESHER
955033,8/21/2024,RACIAL PROFILING AND BIASED BASED POLICING: SQF MODULE 8
955033,8/19/2024,RAPE IS RAPE
955033,8/11/2024,UNMANNED AIRCRAFT SYSTEMS VISUAL OBSERVER
955033,8/9/2024,APX NEXT PORTABLE AND RADIO DISCIPLINE TRAINING VIDEO
955033,7/8/2024,MENTAL HEALTH INVOLUNTARY REMOVALS MHL 9.41 AND MHL 9.58
955033,6/20/2024,LEVEL 1 AND LEVEL 2 INVESTIGATIVE ENCOUNTERS
955033,6/3/2024,TACTICS WHEN ENGAGING INDIVIDUALS IN A MENTAL HEALTH CRISIS
955033,5/15/2024,ACCURATE COMPLAINT REPORT CLASSIFICATION
955033,5/3/2024,2024 EQUAL EMPLOYMENT OPPORTUNITY TRAINING - SEXUAL HARASSMENT AWARENESS AND PREVENTION
955033,5/3/2024,ASSISTING SURVIVORS OF SEXUAL BASED VIOLENCE WITH ACCESS TO RESOURCES
955033,5/3/2024,DRIVE SMART 2024
955033,4/23/2024,HOUSING BUREAU INTERIOR PATROL TACTICS
955033,4/12/2024,POLICING THE SUBWAY 2024
955033,3/15/2024,2024 VEHICLE SEIZURE FORM REFRESHER
955033,3/13/2024,NYCHA INTERIOR PATROL: SQF MODULE 7
955033,3/3/2024,EMPLOYEE ASSISTANCE UNIT (E.A.U.) IS HERE FOR YOU- 2024
955033,1/20/2024,SRG - RAPID MOBILIZATION (PATROL) LEVEL 4
955033,1/19/2024,AUTISM SPECTRUM DISORDER
955033,12/28/2023,"POSSESSION OR INGESTION OF ANABOLIC STEROIDS, HUMAN GROWTH HORMONE, AND NUTRITIONAL SUPPLEMENTS"
955033,12/26/2023,LGBTQIA PLUS - DIVERSITY AND INCLUSION
955033,12/20/2023,OPIOID DANGERS- FENTANYL AND CARFENTANIL
955033,12/20/2023,SRG - RAPID MOBILIZATION (PATROL) LEVEL 4
955033,12/19/2023,SRG - RAPID MOBILIZATION (PATROL) LEVEL 4
955033,12/15/2023,INVESTIGATIVE ENCOUNTERS SUMMARY: SQF MODULE 6
955033,11/18/2023,SRG - RAPID MOBILIZATION (PATROL) LEVEL 4
955033,11/16/2023,AUGMENTED REALITY FEATURE
955033,10/26/2023,INVESTIGATIVE ENCOUNTERS 2023: MODULE 5 SQF LEVELS 3 AND 4
955033,10/18/2023,NYPD RECRUITMENT TRAINING VIDEO
955033,10/4/2023,INFORMATION SECURITY AWARENESS TRAINING - 2023
955033,10/4/2023,VEHICLE MOUNTED VIDEO SYSTEM
955033,9/25/2023,EFFECTIVE COMMUNICATION SKILLS - DEAF OR HARD OF HEARING
955033,8/30/2023,12 PASSENGER VAN / UTILITY VEHICLE QUALIFICATION
955033,8/28/2023,NYPD JOUVERT AND WEST INDIAN DAY-2023
955033,8/25/2023,PROFESSIONAL DEVELOPMENT - FTS - FBI CARBINE INSTRUCTOR SCHOOL
955033,8/6/2023,2023 SUMMER ALL-OUT BODY WORN CAMERA TRAINING
955033,8/6/2023,UNMANNED AIRCRAFT PERMIT: DRONES FOR PUBLIC USE
955033,7/11/2023,TRAFFIC COURT TESTIMONY VIDEO
955033,5/31/2023,CALEA ACCREDITATION FAMILIARIZATION TRAINING
955033,5/22/2023,"INVESTIGATIVE ENCOUNTERS 2023: MODULE 4 SQF LEVELS 2, 3 AND 4"
955033,5/11/2023,2023 EQUAL EMPLOYMENT OPPORTUNITY TRAINING-SEXUAL HARASSMENT AWARENESS AND PREVENTION
955033,4/12/2023,2023 LANGUAGE MATTERS - FOSTERING A POSITIVE WORK ENVIRONMENT
955033,3/24/2023,INVESTIGATIVE ENCOUNTERS 2023: MODULE 3 SQF LEVEL 2
955033,3/17/2023,ESPER POLICY LIBRARY
955033,3/9/2023,INFORMATION SECURITY CRIMINAL JUSTICE TRAINING 2023
955033,2/3/2023,ELDER ABUSE -2023 REFRESHER
955033,1/27/2023,SRG - RAPID MOBILIZATION (PATROL) LEVEL 3
955033,1/25/2023,NYPD-U VOLUNTARY - INVOLUNTARY TRANSPORTS
955033,1/23/2023,RAISING THE LOWER AGE OF JUVENILE DELINQUENCY
955033,1/6/2023,INVESTIGATIVE ENCOUNTERS 2023: MODULE 2 SQF LEVEL 1
955033,12/14/2022,INVESTIGATIVE ENCOUNTERS 2023 - MODULE 1 INTRODUCTION TO SQF
955033,12/8/2022,PLAIN CLOTHES TRAINING CERTIFIED BASIC PLAIN-CLOTHES COURSE
955033,11/25/2022,VIDEO 1 - PATROLLING THE NYC SUBWAY SYSTEM 2022
955033,11/25/2022,VIDEO 2 -TACTICAL CONSIDERATIONS FOR TRANSIT PATROL 2022 (PART 1)
955033,11/25/2022,VIDEO 3 - TACTICAL CONSIDERATIONS FOR TRANSIT PATROL 2022 (PART 2)
955033,11/25/2022,VIDEO 4 - PLATFORM SAFETY 2022
955033,11/16/2022,FTS - DCJS FIREARMS INSTRUCTOR WORKSHOP
955033,11/3/2022,"INTEGRATING COMMUNICATION, ASSESSMENT AND TACTICS (ICAT) MODULE 3"
955033,11/3/2022,"INTEGRATING COMMUNICATION, ASSESSMENT AND TACTICS (ICAT) MODULE 6"
955033,11/3/2022,"INTEGRATING COMMUNICATION, ASSESSMENT, AND TACTICS (ICAT) MODULE 7"
955033,11/1/2022,LGBTQIA PLUS AWARENESS
955033,10/11/2022,BELT-WORN TRAUMA KIT REFRESHER TRAINING VIDEO-2022
955033,10/11/2022,PROCESSING CIVILIAN COMPLAINTS
955033,10/10/2022,FUNDAMENTALS OF AUTO THEFT INVESTIGATION
955033,10/5/2022,PROFESSIONAL DEVELOPMENT - FTS - SIMUNITION FX INSTRUCTOR AND SAFETY CERTIFICATION COURSE
955033,9/26/2022,PROFESSIONAL DEVELOPMENT - FTS - SABRE LAW ENFORCEMENT AEROSOL PROJECTORS MASTER INSTRUCTOR
955033,9/22/2022,THE EMPLOYEE ASSISTANCE UNIT (EAU) IS HERE FOR YOU
955033,8/29/2022,NYPD JOUVERT  WEST INDIAN DAY
955033,7/7/2022,2022 EQUAL EMPLOYMENT OPPORTUNITY TRAINING-SEXUAL HARASSMENT AWARENESS AND PREVENTION
955033,7/7/2022,CONVICTED OFFENDER DNA DATABANK SPECIMEN COLLECTION KIT
955033,7/7/2022,VEHICLE SEIZURE FORM
955033,6/22/2022,CAR STOP TACTICS FOR PATROL OFFICERS - MODULE 1: CONTROLLING THE STOP
955033,6/22/2022,CAR STOP TACTICS FOR PATROL OFFICERS - MODULE 2: PROHIBITED MANEUVERS
955033,6/22/2022,CAR STOP TACTICS FOR PATROL OFFICERS - MODULE 3: THE UNKNOWN RISK STOP
955033,6/22/2022,CAR STOP TACTICS FOR PATROL OFFICERS - MODULE 4: THE HIGH-RISK STOP
955033,6/15/2022,FTS - NCCRS ACCREDITED FIREARMS-TASER-PEPPER SPRAY SCHOOLS
955033,6/8/2022,"INTEGRATING COMMUNICATION, ASSESSMENT AND TACTICS (ICAT) MODULE 4"
955033,6/8/2022,"INTEGRATING COMMUNICATION, ASSESSMENT AND TACTICS (ICAT) MODULE 5"
955033,6/7/2022,BEST PRACTICES IN STRUCTURED INTERVIEWING
955033,6/7/2022,ERS - PEER SUPPORT REFRESHER SESSION
955033,6/1/2022,NATIONAL INCIDENT-BASED REPORTING SYSTEM (NIBRS) UPDATES TO THE OMNIFORM COMPLAINT SYSTEMV
955033,5/25/2022,PROHIBITED METHODS OF RESTRAINT
955033,5/2/2022,ESU NEW YORK STATE EMERGENCY MEDICAL TECHNICIAN 1
955033,4/18/2022,VIPER CCTV TRAINING COURSE
955033,2/21/2022,2021 EXECUTIVE CONFERENCE - VIDEOS
955033,2/3/2022,COVID-19 SELF-COLLECTION KIT INSTRUCTIONS
955033,2/3/2022,NEIGHBORHOOD POLICING APPLICATION TRAINING VIDEO
955033,2/3/2022,X26P TRANSITION COURSE FOR CURRENT X26 END-USERS
955033,1/25/2022,ILLEGAL EVICTIONS
955033,1/25/2022,INTRODUCTION TO COGNOS 11
955033,1/24/2022,LOCAL LAW 45 OF 2021-TRAFFIC ENCOUNTERS
955033,12/23/2021,ARRESTS - RELIGIOUS HEAD COVERING GUIDELINES (PG 208-83)
955033,12/23/2021,IDENTIFYING THE IMPAIRED DRIVER
955033,11/18/2021,ERS - PEER SUPPORT TRAINING PROGRAM
955033,11/12/2021,"INTEGRATING COMMUNICATION, ASSESSMENT AND TACTICS (ICAT) MODULE 1"
955033,11/11/2021,"INTEGRATING COMMUNICATION, ASSESSMENT AND TACTICS (ICAT) MODULE 1"
955033,11/11/2021,"INTEGRATING COMMUNICATION, ASSESSMENT AND TACTICS (ICAT) MODULE 2"
955033,10/15/2021,BODY-WORN CAMERA REVIEW PART TWO
955033,9/28/2021,BODY-WORN CAMERA REVIEW PART ONE
955033,9/24/2021,OPIOID OVERDOSE RECOGNITION AND NARCAN ADMINISTRATION -2021
955033,9/22/2021,ACTIVE BYSTANDERSHIP FOR LAW ENFORCEMENT (ABLE): ONE DAY COURSE
955033,9/16/2021,MAYOR EXECUTIVE ORDER 78 VACCINATION - TESTING COMPLIANCE POLICY
955033,9/16/2021,PROFESSIONAL DEVELOPMENT - FTS - AXON CEW EVIDENCE COLLECTIONA AND ANALYSIS COURSE
955033,9/15/2021,INFORMATION SECURITY AWARENESS TRAINING 2021
955033,9/15/2021,PROFESSIONAL DEVELOPMENT - FTS - AXON TASER MASTER CEW INSTRUCTOR
955033,7/8/2021,OVERVIEW OF THE NEW DISCOVERY LAWS 2021 REFRESHER
955033,7/8/2021,PATROL GUIDE 215-17 POLICE ACTIONS RELATED QUESTIONING ARRESTS AND INVESTIGATIONS AT A NYC DEPARTMEN
955033,7/7/2021,EQUAL EMPLOYMENT OPPORTUNITY TRAINING - SEXUAL HARASSMENT AWARENESS AND PREVENTION 2021
955033,4/27/2021,HEALTH AND WELLNESS SECTION - NUTRITIONAL SERIES: DIETING FOR WEIGHT LOSS - MODULE 1 - INTRODUCTION
955033,4/26/2021,EMPLOYEE ASSISTANCE UNIT-2021
955033,4/23/2021,PROFESSIONAL DEVELOPMENT - FTS - FBI LEOKA SAFETY AWARENESS TRAINING
955033,4/18/2021,HEALTH AND WELLNESS SECTION - MODULE 18 - YOGA MYTH BUSTING
955033,4/18/2021,HEALTH AND WELLNESS SECTION - MODULE 20 - POPPA TESTIMONIAL VIDEO
955033,4/16/2021,HEALTH AND WELLNESS SECTION - MODULE 19 - STOP SMOKING - NYC ESCAPE PROGRAM
955033,4/16/2021,HEALTH AND WELLNESS SECTION - MYPLATE APP TUTORIAL
955033,4/12/2021,HEALTH AND WELLNESS SECTION - MODULE 17 - FINANCIAL WILLS AND TRUSTS
955033,4/11/2021,HEALTH AND WELLNESS SECTION - MODULE 16 - GRIEF AND COPING
955033,4/9/2021,CITYTIME APPROVER TRAINING FOR SUPERVISORS APPROVING CMOS TIMESHEETS
955033,4/9/2021,CITYTIME USER TRAINING FOR MANAGERIAL CIVIL SERVICE TITLES
955033,4/9/2021,CITYTIME USER TRAINING FOR NON-MANAGERIAL CMOS
955033,4/8/2021,HEALTH AND WELLNESS SECTION - MODULE 15 - FINANCIAL WELLNESS PART 2
955033,4/3/2021,HEALTH AND WELLNESS SECTION - FINANCIAL LITERACY SERIES - MODULE 4 - MANAGING DEBT
955033,4/3/2021,HEALTH AND WELLNESS SECTION - MODULE 14 - FINANCIAL WELLNESS PART 1
955033,4/2/2021,HEALTH AND WELLNESS SECTION - CHILD MIND INSTITUTE VIDEO SERIES - MODULE 2 - WHEN TO WORRY ABOUT YOU
955033,4/2/2021,HEALTH AND WELLNESS SECTION - CHILD MIND INSTITUTE VIDEO SERIES - MODULE 3 - CHILDREN'S MENTAL HEALT
955033,4/2/2021,HEALTH AND WELLNESS SECTION - CHILD MIND INSTITUTE VIDEO SERIES - MODULE 4 - RAISING SELF SUFFICIENT
955033,4/2/2021,HEALTH AND WELLNESS SECTION - FINANCIAL LITERACY SERIES - MODULE 1 - YOUR MONEY VALUES AND INFLUENCE
955033,4/2/2021,HEALTH AND WELLNESS SECTION - FINANCIAL LITERACY SERIES - MODULE 2 - YOUR INCOME AND EXPENSES
955033,4/2/2021,HEALTH AND WELLNESS SECTION - FINANCIAL LITERACY SERIES - MODULE 3 - YOUR SPENDING AND SAVINGS PLAN
955033,4/1/2021,EQUAL EMPLOYMENT OPPORTUNITY TRAINING - LGBTQIA+ DIVERSITY AND INCLUSION / EXECUTIVE ORDER 16 OF 201
955033,3/27/2021,AXON TRAINING - MODULE 1 AXON BODY 2 BASIC OPERATION
955033,3/5/2021,HEALTH AND WELLNESS SECTION - CHILD MIND INSTITUTE VIDEO SERIES - MODULE 1 - BEHAVIOR MANAGEMENT STR
955033,3/3/2021,DESK APPEARANCE TICKETS: THE NEW LAW AND THE NEW GUIDELINES FOR PROCESSING DAT'S - 2021 REFRESHER
955033,1/23/2021,COVID VACCINE DISTRIBUTION AND EDUCATION
955033,1/16/2021,DIGNITARY PROTECTION COURSE
955033,11/30/2020,EQUAL EMPLOYMENT OPPORTUNITY TRAINING - LEAVE TO EXPRESS BREAST MILK
955033,8/31/2020,CLT-PROFESSIONAL DEVELOPMENT
955033,7/7/2020,VICTIM BLAMING AND RELEASE OF INFORMATION TO THE MEDIA
955033,7/1/2020,"EQUAL EMPLOYMENT OPPORTUNITY TRAINING - SEXUAL HARASSMENT, AWARENESS AND PREVENTION"
955033,7/1/2020,NEW LAWS AFFECTING POLICE OFFICERS’ CRIMINAL AND CIVIL LIABILITY
955033,6/24/2020,HEALTH AND WELLNESS SECTION - MODULE 13 - MINDFULNESS
955033,6/19/2020,HEALTH AND WELLNESS SECTION - MODULE 12 - IN THAT DARK PLACE - AN OFFICER'S JOURNEY
955033,5/23/2020,COVID-19: PREPAREDNESS YOUR FAMILY AND HOME
955033,5/23/2020,HEALTH AND WELLNESS SECTION - MODULE 1 - PSYCHOLOGICAL HEALTH AND WELLNESS
955033,5/23/2020,HEALTH AND WELLNESS SECTION - MODULE 10 - SEEKING AND RECEIVING MENTAL HEALTH SUPPORT
955033,5/23/2020,HEALTH AND WELLNESS SECTION - MODULE 11 - HEALTH AND RESILIENCY
955033,5/23/2020,HEALTH AND WELLNESS SECTION - MODULE 2 - JOB COUNSELING AND STRESS
955033,5/23/2020,HEALTH AND WELLNESS SECTION - MODULE 3 - WARNING SIGNS
955033,5/23/2020,HEALTH AND WELLNESS SECTION - MODULE 4 - CUMULATIVE TRAUMA
955033,5/23/2020,HEALTH AND WELLNESS SECTION - MODULE 5 - GAINING PERSPECTIVE
955033,5/23/2020,HEALTH AND WELLNESS SECTION - MODULE 6 - COPING WITH SIGNS OF ANXIETY DEPRESSION
955033,5/23/2020,HEALTH AND WELLNESS SECTION - MODULE 7 - LEADING WITH COMPASSION
955033,5/23/2020,"HEALTH AND WELLNESS SECTION - MODULE 8 - WARNING SIGNS, SUPPORT AND OUTREACH"
955033,5/23/2020,HEALTH AND WELLNESS SECTION - MODULE 9 - MANAGING STRESS ON THE JOB
955033,5/13/2020,COVID-19: PREPAREDENESS
955033,5/13/2020,COVID-19: PROTECTIVE MASKS
955033,4/29/2020,AXON CASES 2.0
955033,4/29/2020,SAFETY CONSIDERATIONS FOR PATROLLING THE NYC SUBWAY SYSTEM -DANGERS OF THE PLATFORM EDGE
955033,3/30/2020,FTS - CITYWIDE ALL OUT TASK FORCE PPE
955033,2/19/2020,UTILIZING BALLISTIC PROTECTION IN DEPARTMENT VEHICLES (4:09)
955033,2/11/2020,CRIMINAL JUSTICE BUREAU - GIGLIO MATERIAL DISCLOSURES UNDER THE NEW DISCOVERY LAWS
955033,1/13/2020,FACILITIES MANAGEMENT DIVISION - MUNICIPAL SEPERATE STORM SEWER SYSTEM (MS4)
955033,1/10/2020,PROCESSING DISCOVERY MATERIAL IN THE FORMS ARREST FOLDER
955033,1/3/2020,CROSSFIRE MITIGATION DURING CLOSE COMBAT INCIDENTS - PART 2
955033,1/1/2020,SAFEGUARDING HOSPITALIZED PRISONERS
955033,12/24/2019,2019-20 IN-SERVICE CYCLE - CRITICAL INCIDENT TACTICS AND DEVELOPING EFFECTIVE LEADERSHIP SKILLS
955033,12/18/2019,CPS FAIR AND IMPARTIAL POLICING - ALL POS AND DETS
955033,12/10/2019,ACTIVITY LOG FOR IPHONE
955033,12/10/2019,EXECUTIVE HEALTH AND WELLNESS TRAINING - MODULE 4
955033,12/10/2019,EXECUTIVE HEALTH AND WELLNESS TRAINING - MODULE 5
955033,12/10/2019,EXECUTIVE HEALTH AND WELLNESS TRAINING - MODULE 6
955033,12/10/2019,EXECUTIVE HEALTH AND WELLNESS TRAINING - MODULE 7
955033,12/10/2019,EXECUTIVE HEALTH AND WELLNESS TRAINING - MODULE 8
955033,12/10/2019,EXECUTIVE HEALTH AND WELLNESS TRAINING - MODULE 9
955033,12/6/2019,CROSSFIRE MITIGATION DURING CLOSE COMBAT INCIDENTS
955033,12/6/2019,EXECUTIVE HEALTH AND WELLNESS CONFERENCE - MODULE 1
955033,12/6/2019,EXECUTIVE HEALTH AND WELLNESS TRAINING - MODULE 10
955033,12/6/2019,EXECUTIVE HEALTH AND WELLNESS TRAINING - MODULE 2
955033,12/6/2019,EXECUTIVE HEALTH AND WELLNESS TRAINING - MODULE 3
955033,12/3/2019,CJB - DESK APPEARANCE TICKETS: THE NEW LAWS AND GUIDELINES FOR PROCESSING DATS
955033,12/3/2019,CJB - OVERVIEW OF THE NEW DISCOVERY LAWS
955033,11/27/2019,PROFESSIONAL DEVELOPMENT - FTS - AXON TASER X26P CEW INSTRUCTOR
955033,11/27/2019,RESPONDING TO COMMERCIAL ROBBERIES PART LL - MODULE 1 AND MODULE 2
955033,11/26/2019,FTS - ANNUAL CEW RECERTIFICATION
955033,11/26/2019,PROFESSIONAL DEVELOPMENT - FTS - DCJS - CONDUCTED ENERGY DEVICE COURSE
955033,11/25/2019,PROFESSIONAL DEVELOPMENT - FTS - DCJS AEROSOL SUBJECT RESTRAINT INSTRUCTOR
955033,11/22/2019,PROFESSIONAL DEVELOPMENT - FTS - FIREARMS INSTRUCTOR SCHOOL
955033,11/22/2019,PROFESSIONAL DEVELOPMENT - FTS - SABRE LAW ENFORCEMENT AEROSOL PROJECTORS INSTRUCTOR
955033,11/21/2019,FTS - FIREARMS INSTRUCTOR SCHOOL QUALIFICATION
955033,11/14/2019,DISCHARGING YOUR FIREARM AT A MOVING THREAT
955033,11/11/2019,INCREASE OFFICER SAFETY DURING VEHICLE STOPS
955033,11/11/2019,SUCCESSFULLY DISARMING AN EMOTIONALLY DISTURBED PERSON
955033,11/7/2019,METHODS OF INSTRUCTION
955033,10/18/2019,TRAINING BUREAU - ACCREDITATION FAMILIARIZATION TRAINING
955033,10/14/2019,CLT-PROCEDURAL OPERATIONS
955033,10/12/2019,CLT-TACTICAL AWARENESS AND OFFICER SAFETY
955033,10/11/2019,CLT-ENFORCEMENT ACTIONS
955033,10/11/2019,CRIMINAL JUSTICE BUREAU - DNA TRAINING VIDEO
955033,10/11/2019,PRISONER ESCAPE WARNING SIGNS
955033,10/8/2019,CLT-DOCUMENTATION AND FORMS
955033,10/8/2019,FORCE POLICY UPDATE VIDEO
955033,10/7/2019,CLT-SPECIAL POPULATIONS
955033,10/5/2019,SHIELD OF RESILIENCE TRAINING COURSE
955033,10/4/2019,CLT-PROFESSIONAL DEVELOPMENT
955033,9/25/2019,CRITICAL DECISION MAKING MODEL
955033,9/21/2019,MARIJUANA POLICY UPDATE
955033,9/20/2019,CLT-PROCEDURAL OPERATIONS
955033,9/4/2019,DOMESTIC VIOLENCE EDUCATION AND COUNSELING
955033,9/4/2019,SHIELD OF RESILIENCE TRAINING COURSE
955033,8/21/2019,CLT-PROCEDURAL OPERATIONS
955033,8/20/2019,CLT-HUMAN RESOURCES AND PERSONNEL MATTERS
955033,8/16/2019,CLT-PROCEDURAL OPERATIONS
955033,8/14/2019,CLT-PROCEDURAL OPERATIONS
955033,8/13/2019,CLT-DOCUMENTATION AND FORMS
955033,8/7/2019,CLT-PROCEDURAL OPERATIONS
955033,8/6/2019,CLT-LEGAL ISSUES
955033,8/5/2019,CLT-DOCUMENTATION AND FORMS
955033,8/3/2019,CRITICAL INCIDENT TACTICS - RESPONDING TO COMMERCIAL ROBBERIES (EXTENDED VERSION)
955033,8/3/2019,RESPONDING TO COMMERCIAL ROBBERIES
955033,8/1/2019,CRISIS INTERVENTION TEAM TRAINING
955033,7/9/2019,CLT-ENFORCEMENT ACTIONS
955033,7/8/2019,CLT-INFORMATION TECHNOLOGY
955033,7/6/2019,CLT-PROCEDURAL OPERATIONS
955033,7/3/2019,TRANSIT BUREAU - SAFETY CONSIDERATIONS FOR PATROLLING THE NYC SUBWAY SYSTEM
955033,7/3/2019,TRANSIT BUREAU - SAFETY CONSIDERATIONS FOR PATROLLING THE NYC SUBWAY SYSTEM - PART 2
955033,7/2/2019,CLT-PROCEDURAL OPERATIONS
955033,7/1/2019,CLT-PROCEDURAL OPERATIONS
955033,6/25/2019,CLT-DOCUMENTATION AND FORMS
955033,6/24/2019,RESPONDING TO PEOPLE IN CRISIS – MODULE 4: USING DEPARTMENT MOBILE DIGITAL DEVICES
955033,6/23/2019,CLT-DOCUMENTATION AND FORMS
955033,6/22/2019,CLT-PROCEDURAL OPERATIONS
955033,6/13/2019,CLT-PROPERTY
955033,6/9/2019,CLT-DOCUMENTATION AND FORMS
955033,6/8/2019,CLT-DOCUMENTATION AND FORMS
955033,6/6/2019,CLT-CRIME CONTROL STRATEGIES AND PROBLEM SOLVING
955033,6/6/2019,WORLDPRIDE NYC 2019
955033,6/5/2019,"EXECUTIVE CONFERENCE VIDEO 10-17-18: INTELLIGENT LEADERSHIP: GEORGE TENET, FORMER (DIRECTOR OF CENTR"
955033,6/5/2019,EXECUTIVE CONFERENCE VIDEO 10-17-18: LEADERSHIP ON AND OFF THE BATTLEFIELD: GENERAL JOHN R. ALLEN (P
955033,6/3/2019,DISCUSSION - BASED LEARNING MODULE # 1-3
955033,6/3/2019,"EXECUTIVE CONFERENCE VIDEO 10-17-18: DISCUSSION WITH INDRA NOOYI, CHAIRMAN OF PEPSI CO"
955033,6/3/2019,EXECUTIVE CONFERENCE VIDEO 10-17-18: MAKING IT REAL-GETTING FROM HERE TO THERE TOGETHER - DR SCOTT L
955033,5/26/2019,CLT-DOCUMENTATION AND FORMS
955033,5/25/2019,CLT-LEGAL ISSUES
955033,5/24/2019,COLLABORATIVE POLICING - MEDIATION REFERRAL PROGRAM FOR NON-CRIMINAL COMPLAINTS
955033,5/23/2019,CLT-LEGAL ISSUES
955033,5/22/2019,CLT-LEGAL ISSUES
955033,5/18/2019,CLT-DOCUMENTATION AND FORMS
955033,5/17/2019,CLT-DOCUMENTATION AND FORMS
955033,5/14/2019,CLT-DOCUMENTATION AND FORMS
955033,5/11/2019,CLT-DOCUMENTATION AND FORMS
955033,5/10/2019,CLT-ENFORCEMENT ACTIONS
955033,5/9/2019,CLT-DOCUMENTATION AND FORMS
955033,5/8/2019,CLT-PROCEDURAL OPERATIONS
955033,5/7/2019,CLT-COMMUNICATION STRATEGIES AND AIDS
955033,5/3/2019,CLT-LEGAL ISSUES
955033,4/30/2019,CLT-ENFORCEMENT ACTIONS
955033,4/29/2019,CLT-ENFORCEMENT ACTIONS
955033,4/24/2019,CLT-PROCEDURAL OPERATIONS
955033,4/23/2019,CLT-DOCUMENTATION AND FORMS
955033,4/22/2019,COUNTERTERRORISM BUREAU ACTIVE SHOOTER SCHOOL INCIDENTS AWARENESS
955033,4/22/2019,COUNTERTERRORISM BUREAU NH15 TRAINING
955033,4/18/2019,RESPONDING TO PEOPLE IN CRISIS - MODULES 2 AND 3: ACTIVE LISTENING PARTS 1 AND 2
955033,4/13/2019,COLLABORATIVE POLICING - THE DEAF AND HARD OF HEARING COMMUNITY
955033,4/11/2019,CLT-PROCEDURAL OPERATIONS
955033,4/9/2019,CLT-OCCUPATIONAL-WORKPLACE SAFETY AND HEALTH
955033,4/3/2019,CLT-PROPERTY
955033,4/2/2019,CLT-ENFORCEMENT ACTIONS
955033,4/1/2019,CLT-ENFORCEMENT ACTIONS
955033,4/1/2019,LEGAL BUREAU - PERJURY TRAINING MODULE
955033,3/26/2019,SAFEGUARDING PRISONERS - OFFICER SAFETY GUIDELINES
955033,3/23/2019,CLT-PROCEDURAL OPERATIONS
955033,3/18/2019,CLT-PROCEDURAL OPERATIONS
955033,3/17/2019,CLT-COUNTERTERRORISM AND INTELLIGENCE
955033,3/16/2019,CLT-PROCEDURAL OPERATIONS
955033,3/12/2019,CLT-TACTICAL AWARENESS AND OFFICER SAFETY
955033,3/10/2019,CLT-CRIME CONTROL STRATEGIES AND PROBLEM SOLVING
955033,3/9/2019,CLT-PROCEDURAL OPERATIONS
955033,3/3/2019,CLT-HUMAN RESOURCES AND PERSONNEL MATTERS
955033,3/1/2019,CLT-DOCUMENTATION AND FORMS
955033,2/28/2019,CLT-PROFESSIONAL DEVELOPMENT
955033,2/25/2019,CLT-DOCUMENTATION AND FORMS
955033,2/24/2019,CLT-DOCUMENTATION AND FORMS
955033,2/23/2019,CLT-PROCEDURAL OPERATIONS
955033,2/22/2019,CLT-PROCEDURAL OPERATIONS
955033,2/21/2019,CLT-ENFORCEMENT ACTIONS
955033,2/20/2019,COLLABORATIVE POLICING - ELDER ABUSE
955033,2/17/2019,CLT-DOCUMENTATION AND FORMS
955033,2/16/2019,CLT-PROCEDURAL OPERATIONS
955033,2/15/2019,CLT-DOCUMENTATION AND FORMS
955033,2/10/2019,CLT-DOCUMENTATION AND FORMS
955033,2/9/2019,CLT-INFORMATION TECHNOLOGY
955033,2/8/2019,CLT-PROCEDURAL OPERATIONS
955033,2/7/2019,2017-2019 IN-SERVICE CYCLE-INVESTIGATIVE ENCOUNTERS- BASIC TRAINING WITH SCENARIOS
955033,2/7/2019,CLT-PROCEDURAL OPERATIONS
955033,2/6/2019,CLT-INVESTIGATIONS
955033,2/2/2019,CLT-ENFORCEMENT ACTIONS
955033,2/1/2019,CLT-LEGAL ISSUES
955033,1/31/2019,CLT-OCCUPATIONAL-WORKPLACE SAFETY AND HEALTH
955033,1/31/2019,CLT-PROCEDURAL OPERATIONS
955033,1/31/2019,"SUPPORT SERVICES DIVISION - CLASS ""C"" OPERATOR"
955033,1/17/2019,CPS BODY-WORN CAMERA TRAINING WITH SCENARIOS
955033,1/15/2019,CLT-ENFORCEMENT ACTIONS
955033,1/14/2019,CLT-DOCUMENTATION AND FORMS
955033,1/11/2019,CLT-PROCEDURAL OPERATIONS
955033,1/10/2019,CLT-INVESTIGATIONS
955033,1/9/2019,RESPONDING TO PEOPLE IN CRISIS - MODULE 1: SENDING THE RIGHT SIGNALS
955033,1/9/2019,TEXT TO 911 - INTRODUCTION
955033,1/8/2019,TEXT TO 911 - INTRODUCTION
955033,1/2/2019,CLT-PROCEDURAL OPERATIONS
955033,12/31/2018,PATROL DOOR BAG - ROPE AND WEDGE INTRODUCTION
955033,12/30/2018,CLT-PROCEDURAL OPERATIONS
955033,12/27/2018,EQUAL EMPLOYMENT OPPORTUNITYTRAINING - SEXUAL HARASSMENT AWARENESS AND PREVENTION
955033,12/27/2018,PATROL DOOR BAG - ROPE AND WEDGE INTRODUCTION
955033,12/26/2018,CLT-DOCUMENTATION AND FORMS
955033,12/24/2018,CLT-ENFORCEMENT ACTIONS
955033,12/17/2018,CLT-ENFORCEMENT ACTIONS
955033,12/16/2018,"CLT-INTEGRITY, ETHICS AND DISCIPLINE"
955033,12/15/2018,CLT-PROCEDURAL OPERATIONS
955033,12/12/2018,VERTEX 949 RADIO OPERATIONAL INSTRUCTIONS
955033,12/11/2018,CLT-SPECIAL POPULATIONS
955033,12/11/2018,FTS - ANNUAL CEW RECERTIFICATION
955033,12/10/2018,CLT-TACTICAL AWARENESS AND OFFICER SAFETY
955033,12/9/2018,CLT-ENFORCEMENT ACTIONS
955033,12/5/2018,CLT-SPECIAL POPULATIONS
955033,12/4/2018,CLT-PROCEDURAL OPERATIONS
955033,12/2/2018,CLT-PROCEDURAL OPERATIONS
955033,12/1/2018,CLT-PROCEDURAL OPERATIONS
955033,11/30/2018,MARIJUANA BURNING ENFORCEMENT POLICY
955033,11/29/2018,CLT-PROFESSIONAL DEVELOPMENT
955033,11/26/2018,CLT-PROCEDURAL OPERATIONS
955033,11/25/2018,"CLT-INTEGRITY, ETHICS AND DISCIPLINE"
955033,11/24/2018,CLT-PROCEDURAL OPERATIONS
955033,11/19/2018,"CLT-UNIFORMS, PERSONAL APPEARANCE AND EQUIPMENT"
955033,11/17/2018,CLT-PROCEDURAL OPERATIONS
955033,11/16/2018,"CLT-UNIFORMS, PERSONAL APPEARANCE AND EQUIPMENT"
955033,11/11/2018,CLT-ENFORCEMENT ACTIONS
955033,11/10/2018,CLT-ENFORCEMENT ACTIONS
955033,11/8/2018,CLT-OCCUPATIONAL-WORKPLACE SAFETY AND HEALTH
955033,11/3/2018,AMERICANS WITH DISABILITIES ACT (ADA)
955033,11/3/2018,CLT-PROCEDURAL OPERATIONS
955033,10/31/2018,CLT-ENFORCEMENT ACTIONS
955033,10/28/2018,CLT-ENFORCEMENT ACTIONS
955033,10/27/2018,CLT-ENFORCEMENT ACTIONS
955033,10/27/2018,TRANSIT BUREAU - TIMELY RESUMPTION OF SERVICE IN NYC TRANSIT
955033,10/19/2018,CLT-LEGAL ISSUES
955033,10/18/2018,CLT-DOCUMENTATION AND FORMS
955033,10/17/2018,CLT-DOCUMENTATION AND FORMS
955033,10/16/2018,CLT-ENFORCEMENT ACTIONS
955033,10/13/2018,CLT-PROCEDURAL OPERATIONS
955033,10/12/2018,RESPONDING TO PEOPLE IN CRISIS-INTRODUCTION TO CIT VIDEO SERIES
955033,10/11/2018,CLT-PROCEDURAL OPERATIONS
955033,10/9/2018,CLT-DOCUMENTATION AND FORMS
955033,10/7/2018,AIM COMPONENTS 2.0
955033,10/7/2018,AIM REGISTRATION AND SYNCHRONIZATION 2.0
955033,10/3/2018,CLT-LEGAL ISSUES
955033,10/2/2018,CLT-LEGAL ISSUES
955033,10/1/2018,CLT-LEGAL ISSUES
955033,10/1/2018,NYC RIGHT TO KNOW ACT LEGISLATION - PART 2
955033,10/1/2018,NYC RIGHT TO KNOW ACT LEGISLATION – PART 1
955033,10/1/2018,RAISE THE AGE
955033,9/19/2018,CPS FAIR AND IMPARTIAL POLICING - ALL POS AND DETS
955033,9/18/2018,CLT-ENFORCEMENT ACTIONS
955033,9/17/2018,CLT-ENFORCEMENT ACTIONS
955033,9/16/2018,CLT-PROCEDURAL OPERATIONS
955033,8/31/2018,CLT-ENFORCEMENT ACTIONS
955033,8/31/2018,CLT-LEGAL ISSUES
955033,8/14/2018,DETECTIVE BUREAU RETRIEVING BODY WORN CAMERA DATA
955033,7/6/2018,AIM COMPONENTS
955033,7/6/2018,REGISTRATION OF AIM
955033,6/14/2018,CLT-PROFESSIONAL DEVELOPMENT
955033,6/13/2018,CLT-DOCUMENTATION AND FORMS
955033,6/11/2018,CLT-COMMUNICATION STRATEGIES AND AIDS
955033,6/6/2018,CLT-DOCUMENTATION AND FORMS
955033,6/5/2018,CLT-DOCUMENTATION AND FORMS
955033,6/1/2018,FTS - CEW X26P HOLSTER TRAINING AND DISTRIBUTION
955033,5/31/2018,FTS - CEW END USER CERTIFICATION
955033,5/29/2018,CLT-PROFESSIONAL DEVELOPMENT
955033,5/28/2018,CLT-PROFESSIONAL DEVELOPMENT
955033,5/23/2018,CLT-OCCUPATIONAL-WORKPLACE SAFETY AND HEALTH
955033,5/21/2018,CLT-COMMUNITY ENGAGEMENT
955033,5/15/2018,CLT-COMMUNITY ENGAGEMENT
955033,5/15/2018,COMMUNICATIONS- THE PROPER USAGE OF THE IDA RADIO CODES
955033,5/7/2018,CLT-ENFORCEMENT ACTIONS
955033,5/6/2018,CLT-DOCUMENTATION AND FORMS
955033,5/4/2018,"CLT-INTEGRITY, ETHICS AND DISCIPLINE"
955033,5/4/2018,COLLABORATIVE POLICING- HUMAN TRAFFICKING
955033,4/23/2018,CLT-TACTICAL AWARENESS AND OFFICER SAFETY
955033,4/20/2018,FORMS MEDICAL TREATMENT OF PRISONER TRAINING
955033,4/13/2018,CLT-INFORMATION TECHNOLOGY
955033,4/12/2018,CLT-LEGAL ISSUES
955033,4/6/2018,CLT-ENFORCEMENT ACTIONS
955033,4/4/2018,CLT-INVESTIGATIONS
955033,3/22/2018,2017-2019 IN-SERVICE CYCLE-INTEGRATED TACTICS
955033,3/21/2018,CLT-INVESTIGATIONS
955033,3/20/2018,CLT-CRIME CONTROL STRATEGIES AND PROBLEM SOLVING
955033,3/17/2018,DEATH BY POWERPOINT
955033,3/16/2018,CLT-LEGAL ISSUES
955033,3/14/2018,CLT-INVESTIGATIONS
955033,3/9/2018,CLT-DOCUMENTATION AND FORMS
955033,3/9/2018,"COUNTERTERRORISM BUREAU FACILITY AWARENESS- THE INTREPID SEA, AIR AND SPACE MUSEUM"
955033,3/9/2018,INVESTIGATIVE ENCOUNTERS-VIDEO #1 REQUEST FOR INFO-UNIT TRAINING FEB 2016
955033,3/9/2018,INVESTIGATIVE ENCOUNTERS-VIDEO #2 COMMON LAW RIGHT OF INQUIRY-UNIT TRAINING MAY 2016
955033,3/9/2018,INVESTIGATIVE ENCOUNTERS-VIDEO #3 TERRY STOPS AND REASONABLE SUSPICION-UNIT TRAINING JUNE 2016
955033,3/9/2018,INVESTIGATIVE ENCOUNTERS-VIDEO #4 DOCUMENTATION AND SUPERVISION-UNIT TRAINING JULY 2016
955033,3/9/2018,LEGAL BUREAU PERFORMANCE METRICS - PROHIBITED CONDUCT
955033,12/31/2017,COLLABORATIVE POLICING- FOREIGN LANGUAGE CERTIFICATION VIDEO
955033,12/31/2017,FORCE POLICY REVISION-VIDEO-PG 221-UNIT TRAINING MAY 2016
955033,12/31/2017,NEW YEAR'S EVE TACTICAL AWARENESS
955033,12/31/2017,POLICE COMMISSIONER MESSAGE- NYC GIVES
955033,12/5/2017,COBALT
955033,12/5/2017,COUNTERTERRORISM BUREAU INITIAL PATROL RESPONSE FOR ACTIVE SHOOTER
955033,12/5/2017,DAS MESSAGING
955033,12/5/2017,DOMAIN AWARENESS SYSTEM - SEARCH ACCURINT RESULTS
955033,12/5/2017,FORMS - AIDED AND MV104 (POLICE ACCIDENT REPORT)
955033,12/5/2017,"FORMS - THREAT,RESISTANCE,INJURY (TRI)"
955033,12/5/2017,FORMS SUMMONS
955033,12/5/2017,IPHONE AND DAS MOBILE OPERATION
955033,12/5/2017,MOBILE IDENTIFICATION DEVICE (MORPHO)
955033,12/5/2017,NARCAN NASAL SPRAY TRAINING
955033,12/5/2017,NYPD MOBILITY INITIATIVE - DEPARTMENT SMARTPHONE TRAINING
955033,12/5/2017,WARRANT CHECK IN DOMAIN AWARENESS SYSTEM (DAS LITE)
955033,11/28/2017,DAS PATTERN MODE
955033,11/28/2017,FAQ: HOW TO SYNC YOUR DEPARTMENT SMARTPHONE
955033,11/28/2017,NEW PERFORMANCE EVALUATION PROCESS
955033,11/28/2017,PUBLIC CONTACT AND CONSENT TO SEARCH (RIGHT TO KNOW) - UNIT TRAINING AUGUST 2016
955033,11/28/2017,TACTICAL AWARENESS-SMARTPHONE SAFETY
955033,11/17/2017,TACTICAL AWARENESS OF EXCITED DELIRIUM SYNDROME
955033,11/17/2017,TACTICAL AWARENESS- BALLISTIC VEST
955033,11/9/2017,COLLABORATIVE POLICING- ACCESSING TELEPHONIC INTERPRETERS VIA LANGUAGE LINE
955033,11/7/2017,NARCAN NASAL SPRAY TRAINING
955033,11/2/2017,NEW NYPD PORTAL
955033,11/2/2017,SEND TO DESKTOP
955033,11/2/2017,STOP REPORT
955033,11/1/2017,INFORMATION SECURITY AWARENESS TRAINING
955033,11/1/2017,NARCAN NASAL SPRAY TRAINING
955033,10/31/2017,HOW TO ENTER DOMESTIC INCIDENT REPORTS IN TO FORMS
955033,10/23/2017,COUNTER TERRORISM INITIAL PATROL RESPONSE TO AN ACTIVE SHOOTER
955033,10/17/2017,COLLABORATIVE POLICING- ACCESSING TELEPHONIC INTERPRETERS VIA LANGUAGE LINE
955033,10/17/2017,COLLABORATIVE POLICING- POLICING IN TODAY’S MULTI-FAITH NY
955033,10/10/2017,COLLABORATIVE POLICING- ACCESSING TELEPHONIC INTERPRETERS VIA LANGUAGE LINE
955033,10/8/2017,"CPS INTERIOR PATROL OF HOUSING AUTHORITY BUILDINGS, PG 212-60 ROLL CALL VIDEO 1"
955033,10/8/2017,"CPS INTERIOR PATROL OF HOUSING AUTHORITY BUILDINGS, PG 212-60 ROLL CALL VIDEO 2"
955033,10/8/2017,CPS INTERIOR PATROL TRESPASS AFFIDAVIT PROGRAM (TAP) VIDEO 1
955033,10/8/2017,CPS INTERIOR PATROL TRESPASS AFFIDAVIT PROGRAM (TAP) VIDEO 2
955033,10/8/2017,CRIMINAL JUSTICE REFORM ACT ROLL CALL TRAINING PART 1
955033,10/8/2017,CRIMINAL JUSTICE REFORM ACT ROLL CALL TRAINING PART 2
955033,10/7/2017,DAS OVERLAPPING LAYERS TUTORIAL
955033,10/7/2017,LOCATING APPLE DEVICES USING YOUR DEPARTMENT SMARTPHONE
955033,10/7/2017,TRAINING MATERIALS- CLOSING THE GAP ON VEHICLE INTELLIGENCE
955033,10/7/2017,TRAINING MATERIALS- PAWNSHOP AND 2ND HAND DEALER DATABASE
955033,10/7/2017,TRAINING MATERIALS- THE RECIDIVIST TRACKING AND REPORTING DATABASE (RTRD)
955033,10/7/2017,TRAINING MATERIALS- VIRTUAL CRIME INFORMATION CENTER
955033,10/2/2017,PATROL- POLYCARBONATE SHIELD
955033,9/30/2017,BELT TRAUMA KIT VIDEO
955033,9/30/2017,COUNTERTERRORISM ACTIVE SHOOTER TRAINING
955033,9/30/2017,COUNTERTERRORISM BUREAU FACILITY AWARENESS VIDEO- TIME WARNER BUILDING
955033,9/30/2017,COUNTERTERRORISM BUREAU FACILITY AWARENESS VIDEO-EMPIRE STATE BUILDING
955033,9/30/2017,COUNTERTERRORISM U.A.S. (UNMANNED AIRCRAFT SYSTEMS) DRONE AWARENESS
955033,9/30/2017,CRIME CONTROL STRATEGIES- COMMUNITY SUPERVISION
955033,9/30/2017,EQUAL EMPLOYMENT OPPORTUNITY TRANSGENDER DIVERSITY AND INCLUSION:EXECUTIVE ORDER 16
955033,9/22/2017,DOMAIN AWARNESS SYSTEM (DAS)
955033,9/22/2017,PATROL- POLYCARBONATE SHIELD
955033,9/22/2017,PERSONNEL BUREAU NYPD EMPLOYEE ASSISTANCE UNIT (EAU)
955033,9/22/2017,POLICE COMMISSIONERS MESSAGE - VICTIMS OF SEXUAL ASSAULT VIDEO
955033,9/18/2017,PATROL- POLYCARBONATE SHIELD
955033,7/3/2017,BICYCLE TRAINING (3-DAY)
955033,6/12/2017,CPS INTERIOR PATROL TRESPASS AFFIDAVIT PROGRAM (TAP) VIDEO 2
955033,5/12/2017,CRIMINAL JUSTICE REFORM ACT ROLL CALL TRAINING PART 2
955033,5/2/2017,CRIMINAL JUSTICE REFORM ACT ROLL CALL TRAINING PART 1
955033,2/16/2017,2016-17 INSERVICE CYCLE-PHYSICAL TACTICS
955033,12/26/2016,HATE CRIMES AND BIAS-RELATED INCIDENTS
955033,11/10/2016,FORCE POLICY REVISION-VIDEO-PG 221-UNIT TRAINING MAY 2016
955033,9/8/2016,PUBLIC CONTACT AND CONSENT TO SEARCH (RIGHT TO KNOW) - UNIT TRAINING AUGUST 2016
955033,7/6/2016,INVESTIGATIVE ENCOUNTERS-VIDEO #4 DOCUMENTATION AND SUPERVISION-UNIT TRAINING JULY 2016
955033,6/6/2016,INVESTIGATIVE ENCOUNTERS-VIDEO #3 TERRY STOPS AND REASONABLE SUSPICION-UNIT TRAINING JUNE 2016
955033,5/2/2016,INVESTIGATIVE ENCOUNTERS-VIDEO #2 COMMON LAW RIGHT OF INQUIRY-UNIT TRAINING MAY 2016
955033,3/4/2016,BTK (BELT TRAUMA KIT DISTRIBUTION AND FAMILIARIZATION)
955033,2/2/2016,INVESTIGATIVE ENCOUNTERS-VIDEO #1 REQUEST FOR INFO-UNIT TRAINING FEB 2016
955033,12/2/2015,FORCE POLICY REVISION-PAMPHLET - PG 221 - UNIT TRAINING DECEMBER 2015
955033,11/9/2015,EMERGENCY VEHICLE OPERATION JULY 07 - PRESENT
955033,11/9/2015,FIELD TRAINING PROGRAM JULY 07 - PRESENT
955033,11/9/2015,PHYSICAL EDUCATION PART 1: FOUNDATIONS OF PHYSICAL FITNESS
955033,11/9/2015,PHYSICAL EDUCATION PART 2: DEFENSIVE TACTICS JULY 07 - PRESENT
955033,11/9/2015,PHYSICAL EDUCATION PART 3: AMERICAN HEART ASSOCIATION BASIC LIFE SUPPORT
955033,11/9/2015,POLICE CRISIS INTERVENTION JULY 07 - PRESENT
955033,11/9/2015,POLICE FIELD PROBLEMS JULY 07 - PRESENT
955033,11/9/2015,POLICE INVESTIGATION AND REPORTING JULY 07 - PRESENT
955033,11/9/2015,POLICING A DEMOCRACY JULY 07 - PRESENT
955033,11/9/2015,POLICING SPECIAL POPULATIONS JULY 07 - PRESENT
955033,11/9/2015,PROCEDURAL LAW JULY 07 - PRESENT
955033,11/9/2015,SUBSTANTIVE LAW JULY 07 - PRESENT
955033,11/9/2015,TERRORISM AWARENESS AND RESPONSE JULY 07 - PRESENT
955033,7/16/2015,WINDOWS PHONE TRAINING AND DISTRIBUTION
955033,2/24/2015,20K TRAINING INITIATIVE - PHYSICAL TACTICS
955033,2/16/2015,20K TRAINING INITIATIVE - SMART POLICING
955033,2/9/2015,20K TRAINING INITIATIVE - FOUNDATIONS OF POLICING
955033,4/22/2014,HIGHWAY PRELIMINARY BREATH TEST INSTRUMENT TRAINING - PBT
955033,1/6/2014,POLICE ACADEMY RECRUIT CIMS WRITTEN EXAM
955033,1/6/2014,POLICE ACADEMY RECRUIT IMMERSION WRITTEN EXAM
955033,1/2/2014,POLICE ACADEMY RECRUIT NIMS 700 WRITTEN EXAM
955033,12/11/2013,PTTD DEFENSIVE TACTICS REVIEW WRITTEN EXAM
955033,12/9/2013,POLICE ACADEMY RECRUIT 3RD TRIMESTER EXAM
955033,11/27/2013,RECRUIT TACTICS FIREARMS QUALIFICATION
955033,11/27/2013,SPECIAL WEAPON FAMILIARIZATION CERTIFIED
955033,11/26/2013,COBRA - COHORT TRAINING
955033,11/26/2013,POLICE ACADEMY RECRUIT NCIC WRITTEN EXAM
955033,11/26/2013,POLICE ACADEMY RECRUIT STOP QUESTION & FRISK WRITTEN EXAM
955033,11/25/2013,COBRA - COHORT TRAINING
955033,11/23/2013,BATON
955033,11/22/2013,DISORDER CONTROL TRAINING
955033,11/21/2013,RECRUIT TACTICAL FIREARMS QUALIFICATION AND TRAINING
955033,11/19/2013,PROPERTY EVIDENCE TRACKING SYSTEM
955033,11/11/2013,POLICE ACADEMY RECRUIT CIMS WRITTEN EXAM
955033,11/8/2013,OFF DUTY PISTOL CERTIFIED
955033,11/8/2013,RECRUIT TACTICAL FIREARMS QUALIFICATION AND TRAINING OFF DUTY PISTOL CERTIFIED
955033,11/6/2013,PTTD WATER SAFETY
955033,11/1/2013,POLICE ACADEMY RECRUIT 2ND TRIMESTER EXAM
955033,10/31/2013,PTTD WEAPONS DEFENSE
955033,10/27/2013,THREE WHEEL SCOOTER CERTIFIED
955033,10/18/2013,RECRUIT BASIC FIREARMS QUALIFICATION AND TRAINING
955033,10/11/2013,LIVESCAN FINGERPRINT SYSTEM TRAINING
955033,10/10/2013,FINEST SYSTEM TRAINING
955033,9/30/2013,GROUND TACTICS
955033,9/30/2013,PTTD RECRUIT RUN DROPOUTS
955033,9/23/2013,POLICE ACADEMY RECRUIT JUSTIFICATION WRITTEN EXAM
955033,9/18/2013,PTTD EXPANDABLE BATON
955033,9/17/2013,JOB STANDARDS TEST ATTEMPT #2
955033,9/12/2013,"PTTD CARDIO ENDURANCE TEST, 1ST ATTEMPT"
955033,9/9/2013,POLICE ACADEMY RECRUIT 1ST TRIMESTER EXAM
955033,9/4/2013,RECRUIT RMP QUALIFICATION / RMP OPERATOR QUALIFIED
955033,8/30/2013,POLICE ACADEMY RECRUIT 1ST TRIMESTER PRACTICE WRITTEN EXAM
955033,8/29/2013,PTTD DEFENSIVE TACTICS PRACTICAL EXAM
955033,8/23/2013,POLICE ACADEMY RECRUIT STOP QUESTION & FRISK WRITTEN EXAM
955033,8/22/2013,FRISKING AND HANDCUFFING
955033,8/21/2013,PTTD RECRUIT RUN DROPOUTS
955033,8/7/2013,PTTD RECRUIT RUN DROPOUTS
955033,8/6/2013,PTTD CPR PRACTICAL EXAM
955033,7/29/2013,PTTD RECRUIT RUN DROPOUTS
955033,7/16/2013,POLICE ACADEMY RECRUIT PREREADING EXAM
982411,6/26/2025,POLICE ACADEMY RECRUIT 1ST SEMESTER EXAM
982411,6/25/2025,POLICE ACADEMY RECRUIT STOP QUESTION & FRISK WRITTEN EXAM
982411,6/19/2025,2025 BWC PROFICIENCY TRAINING
982411,6/19/2025,EAU 2025 POLICE COMMISSIONER JESSICA S. TISCH
982411,6/19/2025,POLICE ACADEMY RECRUIT 1ST SEMESTER PRACTICE WRITTEN EXAM
982411,6/17/2025,RTS ACADEMIC - DISCRETION
982411,6/17/2025,RTS ACADEMIC - DOMESTIC VIOLENCE
982411,6/17/2025,RTS ACADEMIC - INTRODUCTION TO PUBLIC SERVICE
982411,6/17/2025,RTS ACADEMIC - NEIGHBORHOOD POLICING
982411,6/17/2025,RTS ACADEMIC - POLICING IMPARTIALLY
982411,6/17/2025,RTS ACADEMIC - POLICING PROFESSIONALLY
982411,6/11/2025,2025 EQUAL EMPLOYMENT OPPORTUNITY TRAINING - SEXUAL HARASSMENT AWARENESS AND PREVENTION
982411,6/11/2025,SQF REVIEW AND DOCUMENTATION: SQF MODULE 10
982411,6/5/2025,JOB STANDARDS TEST ATTEMPT #1
982411,5/29/2025,"PTTD CARDIO ENDURANCE TEST, 1ST ATTEMPT"
982411,5/1/2025,EQUAL EMPLOYMENT OPPORTUNITY FOR NEW HIRES
945892,6/19/2025,2025 BWC PROFICIENCY TRAINING
945892,6/19/2025,CLT-DOCUMENTATION AND FORMS
945892,6/10/2025,CLT-ENFORCEMENT ACTIONS
945892,6/7/2025,EAU 2025 POLICE COMMISSIONER JESSICA S. TISCH
945892,6/6/2025,SQF REVIEW AND DOCUMENTATION: SQF MODULE 10
945892,6/3/2025,2025 EQUAL EMPLOYMENT OPPORTUNITY TRAINING - SEXUAL HARASSMENT AWARENESS AND PREVENTION
945892,6/3/2025,ASSISTING SURVIVORS OF SEXUAL BASED VIOLENCE WITH ACCESS TO RESOURCES
945892,5/27/2025,CLT-ENFORCEMENT ACTIONS
945892,5/23/2025,CLT-TACTICAL AWARENESS AND OFFICER SAFETY
945892,5/20/2025,CLT-DOCUMENTATION AND FORMS
945892,5/9/2025,CLT-DOCUMENTATION AND FORMS
945892,5/1/2025,FTS - TASER 7 ANNUAL RECERTIFICATION
945892,3/5/2025,CLT-OCCUPATIONAL-WORKPLACE SAFETY AND HEALTH
945892,2/13/2025,LEAVING THE SCENE COLLISIONS INVESTIGATIVE BEST PRACTICES
945892,1/29/2025,INFORMATION SECURITY AWARENESS TRAINING 2024
945892,1/29/2025,RIGHT TO KNOW ACT SQF MODULE 9
945892,1/22/2025,CLT-LEGAL ISSUES
945892,1/22/2025,KEVIN AND AVONTE SAFE HOME PROGRAM
945892,1/22/2025,VEHICLE PURSUITS
945892,1/9/2025,CELL BLOCK FIRESHIELD EV BLANKETS
945892,1/7/2025,CLT-DOCUMENTATION AND FORMS
945892,1/4/2025,2025 IDENTIFYING THE IMPAIRED DRIVER REFRESHER
945892,1/4/2025,ACTIVE SHOOTER - SCHOOL RESPONSE PROTOCOL
945892,12/5/2024,BEHAVIORAL HEALTH EMERGENCY ASSISTANCE RESPONSE DIVISION B-HEARD
945892,12/5/2024,DRIVING WHILE INTOXICATED AWARENESS VIDEO MODULE 1
945892,11/20/2024,CLT-PROCEDURAL OPERATIONS
945892,11/1/2024,CLT-DOMESTIC VIOLENCE TRAINING
945892,10/30/2024,CLT-COMMUNICATION STRATEGIES AND AIDS
945892,10/22/2024,CLT-DOCUMENTATION AND FORMS
945892,10/10/2024,APX NEXT PORTABLE AND RADIO DISCIPLINE TRAINING VIDEO
945892,10/10/2024,NORTHWELL DIRECT FINEST CARE PROGRAM FOR UMOS
945892,9/26/2024,CLT-PROCEDURAL OPERATIONS
945892,9/18/2024,RACIAL PROFILING AND BIASED BASED POLICING: SQF MODULE 8
945892,9/10/2024,"CLT-UNIFORMS, PERSONAL APPEARANCE AND EQUIPMENT"
945892,9/5/2024,EMPLOYEE ASSISTANCE UNIT (E.A.U.) IS HERE FOR YOU- 2024
945892,8/20/2024,RAPE IS RAPE
945892,8/20/2024,UNMANNED AIRCRAFT SYSTEMS VISUAL OBSERVER
945892,8/1/2024,2024 EQUAL EMPLOYMENT OPPORTUNITY TRAINING - SEXUAL HARASSMENT AWARENESS AND PREVENTION
945892,7/30/2024,CLT - OATH VS. CRIMINAL COURT SUMMONS ROLL CALL TRAINING
945892,7/27/2024,MENTAL HEALTH INVOLUNTARY REMOVALS MHL 9.41 AND MHL 9.58
945892,7/19/2024,FIELD FORCE OPERATIONS (FFO) - 5 DAY
945892,6/29/2024,LEVEL 1 AND LEVEL 2 INVESTIGATIVE ENCOUNTERS
945892,6/7/2024,CLT-PROCEDURAL OPERATIONS
945892,5/16/2024,CLT-PROCEDURAL OPERATIONS
945892,5/7/2024,CLT-SPECIAL POPULATIONS
945892,5/2/2024,CLT-PROCEDURAL OPERATIONS
945892,4/26/2024,HOUSING BUREAU INTERIOR PATROL TACTICS
945892,4/25/2024,CLT-BWC POLICY UPDATES
945892,4/24/2024,CLT-DOMESTIC VIOLENCE TRAINING
945892,4/18/2024,CLT-DOMESTIC VIOLENCE TRAINING
945892,4/17/2024,"CLT-UNIFORMS, PERSONAL APPEARANCE AND EQUIPMENT"
945892,4/11/2024,CLT-PROCEDURAL OPERATIONS
945892,4/11/2024,POLICING THE SUBWAY 2024
945892,4/4/2024,CLT-DOCUMENTATION AND FORMS
945892,3/28/2024,CLT-ENFORCEMENT ACTIONS
945892,3/27/2024,FTS - CEW TASER 7 TRANSITION COURSE
945892,3/27/2024,FTS - TASER 7 HOLSTER DISTRIBUTION
945892,3/22/2024,CLT-ENFORCEMENT ACTIONS
945892,3/20/2024,CLT - OATH VS. CRIMINAL COURT SUMMONS ROLL CALL TRAINING
945892,3/12/2024,CLT-BWC POLICY UPDATES
945892,3/12/2024,LGBTQIA PLUS - DIVERSITY AND INCLUSION
945892,2/16/2024,"CLT-UNIFORMS, PERSONAL APPEARANCE AND EQUIPMENT"
945892,2/15/2024,"CLT-UNIFORMS, PERSONAL APPEARANCE AND EQUIPMENT"
945892,2/14/2024,"CLT-UNIFORMS, PERSONAL APPEARANCE AND EQUIPMENT"
945892,2/2/2024,FIELD TRAINING OFFICER - DCJS - 5-DAY CERTIFICATION
945892,1/18/2024,CLT-CRIME CONTROL STRATEGIES AND PROBLEM SOLVING
945892,1/11/2024,CLT-PROCEDURAL OPERATIONS
945892,12/9/2023,2023 SUMMER ALL-OUT BODY WORN CAMERA TRAINING
945892,12/9/2023,CONVICTED OFFENDER DNA DATABANK SPECIMEN COLLECTION KIT
945892,12/9/2023,ELDER ABUSE -2023 REFRESHER
945892,12/9/2023,ESPER POLICY LIBRARY
945892,12/9/2023,"INVESTIGATIVE ENCOUNTERS 2023: MODULE 4 SQF LEVELS 2, 3 AND 4"
945892,12/9/2023,NYPD RECRUITMENT TRAINING VIDEO
945892,12/9/2023,PROCESSING CIVILIAN COMPLAINTS
945892,12/9/2023,RAISING THE LOWER AGE OF JUVENILE DELINQUENCY
945892,12/9/2023,THE EMPLOYEE ASSISTANCE UNIT (EAU) IS HERE FOR YOU
945892,12/9/2023,UNMANNED AIRCRAFT PERMIT: DRONES FOR PUBLIC USE
945892,12/9/2023,VEHICLE MOUNTED VIDEO SYSTEM
945892,12/9/2023,VEHICLE SEIZURE FORM
945892,12/9/2023,VIDEO 4 - PLATFORM SAFETY 2022
945892,12/5/2023,1-DAY LAW ENFORCEMENT ACTIVE SHOOTER EMERGENCY RESPONSE (PER-375-C)
945892,11/26/2023,CLT-PROCEDURAL OPERATIONS
945892,11/21/2023,AUGMENTED REALITY FEATURE
945892,11/16/2023,EFFECTIVE COMMUNICATION SKILLS - DEAF OR HARD OF HEARING
945892,11/16/2023,INFORMATION SECURITY AWARENESS TRAINING - 2023
945892,11/15/2023,INVESTIGATIVE ENCOUNTERS 2023: MODULE 5 SQF LEVELS 3 AND 4
945892,10/18/2023,CLT-PROCEDURAL OPERATIONS
945892,9/21/2023,CLT-CRIME CONTROL STRATEGIES AND PROBLEM SOLVING
945892,9/2/2023,TRAFFIC COURT TESTIMONY VIDEO
945892,8/26/2023,NYPD JOUVERT AND WEST INDIAN DAY-2023
945892,7/11/2023,FTS - ANNUAL CEW RECERTIFICATION
945892,7/2/2023,CLT-PROCEDURAL OPERATIONS
945892,6/10/2023,2023 LANGUAGE MATTERS - FOSTERING A POSITIVE WORK ENVIRONMENT
945892,5/30/2023,CLT-PROCEDURAL OPERATIONS
945892,5/19/2023,CLT-PROCEDURAL OPERATIONS
945892,5/18/2023,2023 EQUAL EMPLOYMENT OPPORTUNITY TRAINING-SEXUAL HARASSMENT AWARENESS AND PREVENTION
945892,5/17/2023,CLT-PROCEDURAL OPERATIONS
945892,5/12/2023,CLT-PROFESSIONAL DEVELOPMENT
945892,5/3/2023,CLT-PARK SMART ROLLCALL PRESENTATION
945892,5/1/2023,CLT-PROCEDURAL OPERATIONS
945892,4/30/2023,CLT-PROCEDURAL OPERATIONS
945892,4/27/2023,CLT-CRIME CONTROL STRATEGIES AND PROBLEM SOLVING
945892,4/27/2023,CLT-DOCUMENTATION AND FORMS
945892,4/20/2023,CLT-PROCEDURAL OPERATIONS
945892,4/19/2023,CLT-INFORMATION TECHNOLOGY
945892,4/11/2023,CLT-PROCEDURAL OPERATIONS
945892,4/8/2023,INVESTIGATIVE ENCOUNTERS 2023: MODULE 2 SQF LEVEL 1
945892,4/8/2023,INVESTIGATIVE ENCOUNTERS 2023: MODULE 3 SQF LEVEL 2
945892,4/5/2023,NYPD-U VOLUNTARY - INVOLUNTARY TRANSPORTS
945892,3/26/2023,CLT-PROCEDURAL OPERATIONS
945892,3/16/2023,COUNTER TERRORISM LAW ENFORCEMENT PREVENTION AND DETERRENCE OF TERRORIST ATTACKS
945892,3/11/2023,CLT-LEGAL ISSUES
945892,3/10/2023,CLT-DOCUMENTATION AND FORMS
945892,3/4/2023,INFORMATION SECURITY CRIMINAL JUSTICE TRAINING 2023
945892,2/24/2023,CLT-PROCEDURAL OPERATIONS
945892,2/22/2023,CLT-PROCEDURAL OPERATIONS
945892,2/17/2023,CLT-DOCUMENTATION AND FORMS
945892,2/17/2023,CLT-TACTICAL AWARENESS AND OFFICER SAFETY
945892,2/15/2023,CLT- RESPONDING TO COMMERCIAL ROBBERIES 2023
945892,2/10/2023,CLT-DOCUMENTATION AND FORMS
945892,1/19/2023,CLT-CRIME CONTROL STRATEGIES AND PROBLEM SOLVING
945892,1/19/2023,CLT-PROCEDURAL OPERATIONS
945892,1/18/2023,CLT-DOCUMENTATION AND FORMS
945892,1/17/2023,CLT-LEGAL ISSUES
945892,1/17/2023,CLT-PROCEDURAL OPERATIONS
945892,1/12/2023,CLT-TACTICAL AWARENESS AND OFFICER SAFETY
945892,1/10/2023,CLT-PROCEDURAL OPERATIONS
945892,1/6/2023,CLT-PROCEDURAL OPERATIONS
945892,1/3/2023,CLT-PROCEDURAL OPERATIONS
945892,12/27/2022,CLT-PROCEDURAL OPERATIONS
945892,12/24/2022,INVESTIGATIVE ENCOUNTERS 2023 - MODULE 1 INTRODUCTION TO SQF
945892,12/24/2022,VIDEO 1 - PATROLLING THE NYC SUBWAY SYSTEM 2022
945892,12/24/2022,VIDEO 2 -TACTICAL CONSIDERATIONS FOR TRANSIT PATROL 2022 (PART 1)
945892,12/24/2022,VIDEO 3 - TACTICAL CONSIDERATIONS FOR TRANSIT PATROL 2022 (PART 2)
945892,12/21/2022,CLT-VOLUNTARY - INVOLUNTARY TRANSPORTS
945892,11/21/2022,CLT-PROCEDURAL OPERATIONS
945892,11/13/2022,CLT-PROCEDURAL OPERATIONS
945892,11/9/2022,CLT-PROCEDURAL OPERATIONS
945892,11/2/2022,LGBTQIA PLUS AWARENESS
945892,10/26/2022,CLT-BWC POLICY UPDATES
945892,10/25/2022,CLT-PROCEDURAL OPERATIONS
945892,10/22/2022,CLT-TACTICAL AWARENESS AND OFFICER SAFETY
945892,10/21/2022,CLT-DOCUMENTATION AND FORMS
945892,10/19/2022,CLT-DOCUMENTATION AND FORMS
945892,10/19/2022,CLT-PROCEDURAL OPERATIONS
945892,10/18/2022,CLT-COMMUNITY ENGAGEMENT
945892,10/13/2022,CLT-DOCUMENTATION AND FORMS
945892,10/12/2022,BELT-WORN TRAUMA KIT REFRESHER TRAINING VIDEO-2022
945892,10/7/2022,CLT-PROCEDURAL OPERATIONS
945892,9/20/2022,CLT-PROCEDURAL OPERATIONS
945892,9/14/2022,CLT-PROCEDURAL OPERATIONS
945892,9/13/2022,NYPD JOUVERT  WEST INDIAN DAY
945892,8/19/2022,2022 EQUAL EMPLOYMENT OPPORTUNITY TRAINING-SEXUAL HARASSMENT AWARENESS AND PREVENTION
945892,8/18/2022,DRONE ASSESSMENT AND RESPONSE TACTICS (AWR-404)
945892,8/15/2022,FTS - ANNUAL CEW RECERTIFICATION
945892,8/13/2022,CLT-COMMUNICATION STRATEGIES AND AIDS
945892,8/6/2022,CLT-PROCEDURAL OPERATIONS
945892,7/12/2022,CLT-PROCEDURAL OPERATIONS
945892,6/30/2022,CLT-PROCEDURAL OPERATIONS
945892,6/30/2022,NATIONAL INCIDENT-BASED REPORTING SYSTEM (NIBRS) UPDATES TO THE OMNIFORM COMPLAINT SYSTEMV
945892,6/27/2022,CLT-PROCEDURAL OPERATIONS
945892,6/21/2022,CLT-NIBRS ROLL CALL TRAINING
945892,6/21/2022,CLT-PROCEDURAL OPERATIONS
945892,6/10/2022,HIGHWAY DISTRICT MOTORCYCLE SAFETY AND FAMILIARIZATION EXCERCISE (S.A.F.E.)
945892,6/6/2022,CLT-PROCEDURAL OPERATIONS
945892,6/1/2022,CLT-TACTICAL AWARENESS AND OFFICER SAFETY
945892,5/31/2022,CLT-PROFESSIONAL DEVELOPMENT
945892,5/25/2022,PROHIBITED METHODS OF RESTRAINT
945892,5/11/2022,CLT-BWC POLICY UPDATES
945892,5/10/2022,CLT-SPECIAL POPULATIONS
945892,5/3/2022,CLT-OCCUPATIONAL-WORKPLACE SAFETY AND HEALTH
945892,4/21/2022,CLT-PROCEDURAL OPERATIONS
945892,4/4/2022,DOCUMENT INSPECTION FOR LAW ENFORCEMENT (PER-383)
945892,3/24/2022,CLT-PROCEDURAL OPERATIONS
945892,3/17/2022,CLT-PROCEDURAL OPERATIONS
945892,3/15/2022,CLT-TACTICAL AWARENESS AND OFFICER SAFETY
945892,3/12/2022,CLT-PROCEDURAL OPERATIONS
945892,3/12/2022,CLT-TACTICAL AWARENESS AND OFFICER SAFETY
945892,3/3/2022,CLT-PROCEDURAL OPERATIONS
945892,2/25/2022,CLT-PROCEDURAL OPERATIONS
945892,2/10/2022,CLT-LEGAL ISSUES
945892,1/27/2022,CLT-PROCEDURAL OPERATIONS
945892,1/27/2022,CONTERTERRORISM BUREAU SITE PROTECTION THROUGH OBSERVATIONAL TECHNIQUES
945892,1/25/2022,CLT-EPERMIT SYSTEM
945892,1/9/2022,LOCAL LAW 45 OF 2021-TRAFFIC ENCOUNTERS
945892,12/18/2021,CLT-PROCEDURAL OPERATIONS
945892,12/17/2021,CLT-BWC POLICY UPDATES
945892,12/17/2021,CLT-EJUSTICE ORDER OF PROTECTION SEARCH
945892,12/17/2021,CLT-LEGAL ISSUES
945892,12/9/2021,ARRESTS - RELIGIOUS HEAD COVERING GUIDELINES (PG 208-83)
945892,12/9/2021,IDENTIFYING THE IMPAIRED DRIVER
945892,12/2/2021,CLT-PROCEDURAL OPERATIONS
945892,11/26/2021,CLT-PROCEDURAL OPERATIONS
945892,11/18/2021,CLT-PROCEDURAL OPERATIONS
945892,11/17/2021,CLT-TACTICAL AWARENESS AND OFFICER SAFETY
945892,11/15/2021,FTS - ANNUAL CEW RECERTIFICATION
945892,11/10/2021,CLT-PROCEDURAL OPERATIONS
945892,10/15/2021,CLT-PROCEDURAL OPERATIONS
945892,10/14/2021,BODY-WORN CAMERA REVIEW PART TWO
945892,10/4/2021,OPIOID OVERDOSE RECOGNITION AND NARCAN ADMINISTRATION -2021
945892,10/1/2021,CLT-PROCEDURAL OPERATIONS
945892,9/30/2021,CLT-PROCEDURAL OPERATIONS
945892,9/17/2021,BODY-WORN CAMERA REVIEW PART ONE
945892,9/15/2021,INFORMATION SECURITY AWARENESS TRAINING 2021
945892,9/13/2021,ILERSBA - INITIAL LAW ENFORCMENT RESPONSE TO SUICIDE BOMBING ATTACKS
945892,9/10/2021,MAYOR EXECUTIVE ORDER 78 VACCINATION - TESTING COMPLIANCE POLICY
945892,8/12/2021,CLT-OCCUPATIONAL-WORKPLACE SAFETY AND HEALTH
945892,8/11/2021,EQUAL EMPLOYMENT OPPORTUNITY TRAINING - SEXUAL HARASSMENT AWARENESS AND PREVENTION 2021
945892,7/28/2021,CLT-PROCEDURAL OPERATIONS
945892,7/25/2021,PATROL GUIDE 215-17 POLICE ACTIONS RELATED QUESTIONING ARRESTS AND INVESTIGATIONS AT A NYC DEPARTMEN
945892,7/15/2021,CHEST SEAL DISTRIBUTION AND FAMILIARIZATION
945892,6/29/2021,"CLT-UNIFORMS, PERSONAL APPEARANCE AND EQUIPMENT"
945892,6/22/2021,AWARENESS AND RESPONSE TO BIOLOGICAL INCIDENTS
945892,6/18/2021,CLT-OCCUPATIONAL-WORKPLACE SAFETY AND HEALTH
945892,6/18/2021,CLT-PROCEDURAL OPERATIONS
945892,6/17/2021,CLT-LEGAL ISSUES
945892,6/3/2021,CLT-ENFORCEMENT ACTIONS
945892,6/3/2021,OVERVIEW OF THE NEW DISCOVERY LAWS 2021 REFRESHER
945892,6/3/2021,PUBLIC CONTACT AND CONSENT TO SEARCH (RIGHT TO KNOW) - UNIT TRAINING AUGUST 2016
945892,5/21/2021,CHILD SENSITIVE ARREST POLICY GUIDELINES AND PROCEDURES
945892,5/14/2021,CLT-HUMAN RESOURCES AND PERSONNEL MATTERS
945892,5/13/2021,CLT-OCCUPATIONAL-WORKPLACE SAFETY AND HEALTH
945892,5/12/2021,CLT-PROCEDURAL OPERATIONS
945892,5/1/2021,CLT-OCCUPATIONAL-WORKPLACE SAFETY AND HEALTH
945892,4/30/2021,CLT-TACTICAL AWARENESS AND OFFICER SAFETY
945892,4/23/2021,EMPLOYEE ASSISTANCE UNIT-2021
945892,4/19/2021,BALLISTIC VEST MEASUREMENT PROGRAM
945892,4/14/2021,EQUAL EMPLOYMENT OPPORTUNITY IN-SERVICE TRAINING
945892,4/14/2021,TACTICAL COMMUNICATIONS
945892,4/12/2021,CLT-OCCUPATIONAL-WORKPLACE SAFETY AND HEALTH
945892,4/5/2021,CLT-LEGAL ISSUES
945892,3/31/2021,CLT-DOCUMENTATION AND FORMS
945892,3/31/2021,EQUAL EMPLOYMENT OPPORTUNITY TRAINING - LGBTQIA+ DIVERSITY AND INCLUSION / EXECUTIVE ORDER 16 OF 201
945892,3/23/2021,ACTIVE BYSTANDERSHIP FOR LAW ENFORCEMENT (ABLE): ONE DAY COURSE
945892,3/20/2021,CLT-OCCUPATIONAL-WORKPLACE SAFETY AND HEALTH
945892,3/12/2021,CLT-PROCEDURAL OPERATIONS
945892,3/5/2021,DESK APPEARANCE TICKETS: THE NEW LAW AND THE NEW GUIDELINES FOR PROCESSING DAT'S - 2021 REFRESHER
945892,2/20/2021,CLT-OCCUPATIONAL-WORKPLACE SAFETY AND HEALTH
945892,2/19/2021,CLT-LEGAL ISSUES
945892,2/18/2021,CLT-OCCUPATIONAL-WORKPLACE SAFETY AND HEALTH
945892,2/17/2021,"CUSTOMER SERVICE PROGRAM:  ROLL CALL MODULE 2, COMMUNICATION SKILLS"
945892,2/12/2021,CLT-LEGAL ISSUES
945892,2/6/2021,CLT-DOCUMENTATION AND FORMS
945892,2/3/2021,CLT-DOCUMENTATION AND FORMS
945892,2/2/2021,"CUSTOMER SERVICE PROGRAM:  ROLL CALL MODULE 1, INTRODUCTION TO PRECINCT GREETER PROGRAM"
945892,1/30/2021,CLT-LEGAL ISSUES
945892,1/28/2021,"CUSTOMER SERVICE PROGRAM:  ROLL CALL MODULE 1, INTRODUCTION TO PRECINCT GREETER PROGRAM"
945892,1/26/2021,CLT-LEGAL ISSUES
945892,1/25/2021,CLT-OCCUPATIONAL-WORKPLACE SAFETY AND HEALTH
945892,1/22/2021,COVID VACCINE DISTRIBUTION AND EDUCATION
945892,1/21/2021,CUSTOMER SERVICE PROGRAM: HOW DID WE DO
945892,1/20/2021,CUSTOMER SERVICE PROGRAM: HOW DID WE DO
945892,1/15/2021,CLT-OCCUPATIONAL-WORKPLACE SAFETY AND HEALTH
945892,1/12/2021,CLT-TACTICAL AWARENESS AND OFFICER SAFETY
945892,12/23/2020,CLT-OCCUPATIONAL-WORKPLACE SAFETY AND HEALTH
945892,12/8/2020,CLT-DOCUMENTATION AND FORMS
945892,12/5/2020,EQUAL EMPLOYMENT OPPORTUNITY TRAINING - LEAVE TO EXPRESS BREAST MILK
945892,12/1/2020,CLT-DOCUMENTATION AND FORMS
945892,11/23/2020,SRG - RAPID MOBILIZATION (PATROL) LEVEL 3
945892,11/12/2020,CLT-PROCEDURAL OPERATIONS
945892,11/8/2020,CLT-PROCEDURAL OPERATIONS
945892,11/6/2020,CLT-TACTICAL AWARENESS AND OFFICER SAFETY
945892,11/5/2020,CLT-TACTICAL AWARENESS AND OFFICER SAFETY
945892,11/4/2020,CLT-PROCEDURAL OPERATIONS
945892,10/29/2020,CLT-PROCEDURAL OPERATIONS
945892,10/22/2020,CLT-PROCEDURAL OPERATIONS
945892,10/20/2020,CLT-DOCUMENTATION AND FORMS
945892,10/13/2020,FTS - ANNUAL CEW RECERTIFICATION
945892,10/6/2020,CLT-PROCEDURAL OPERATIONS
945892,10/1/2020,CLT-TACTICAL AWARENESS AND OFFICER SAFETY
945892,9/30/2020,CLT-MEMBER-EMPLOYEE WELLNESS
945892,9/29/2020,CLT-PROCEDURAL OPERATIONS
945892,9/28/2020,CLT-MEMBER-EMPLOYEE WELLNESS
945892,9/24/2020,CLT-PROCEDURAL OPERATIONS
945892,9/23/2020,CLT-PROCEDURAL OPERATIONS
945892,9/22/2020,CLT-PROCEDURAL OPERATIONS
945892,9/16/2020,CLT-PROCEDURAL OPERATIONS
945892,9/15/2020,CONSTITUTIONAL POLICING AT COMMUNITY EVENTS (CPACE)
945892,7/16/2020,CLT-PROCEDURAL OPERATIONS
945892,7/16/2020,"EQUAL EMPLOYMENT OPPORTUNITY TRAINING - SEXUAL HARASSMENT, AWARENESS AND PREVENTION"
945892,7/16/2020,VICTIM BLAMING AND RELEASE OF INFORMATION TO THE MEDIA
945892,7/13/2020,CLT-OCCUPATIONAL-WORKPLACE SAFETY AND HEALTH
945892,7/7/2020,NEW LAWS AFFECTING POLICE OFFICERS’ CRIMINAL AND CIVIL LIABILITY
945892,7/6/2020,HEALTH AND WELLNESS SECTION - MODULE 1 - PSYCHOLOGICAL HEALTH AND WELLNESS
945892,7/6/2020,HEALTH AND WELLNESS SECTION - MODULE 10 - SEEKING AND RECEIVING MENTAL HEALTH SUPPORT
945892,7/6/2020,HEALTH AND WELLNESS SECTION - MODULE 11 - HEALTH AND RESILIENCY
945892,7/6/2020,HEALTH AND WELLNESS SECTION - MODULE 12 - IN THAT DARK PLACE - AN OFFICER'S JOURNEY
945892,7/6/2020,HEALTH AND WELLNESS SECTION - MODULE 2 - JOB COUNSELING AND STRESS
945892,7/6/2020,HEALTH AND WELLNESS SECTION - MODULE 3 - WARNING SIGNS
945892,7/6/2020,HEALTH AND WELLNESS SECTION - MODULE 4 - CUMULATIVE TRAUMA
945892,7/6/2020,HEALTH AND WELLNESS SECTION - MODULE 5 - GAINING PERSPECTIVE
945892,7/6/2020,HEALTH AND WELLNESS SECTION - MODULE 6 - COPING WITH SIGNS OF ANXIETY DEPRESSION
945892,7/6/2020,HEALTH AND WELLNESS SECTION - MODULE 7 - LEADING WITH COMPASSION
945892,7/6/2020,"HEALTH AND WELLNESS SECTION - MODULE 8 - WARNING SIGNS, SUPPORT AND OUTREACH"
945892,7/6/2020,HEALTH AND WELLNESS SECTION - MODULE 9 - MANAGING STRESS ON THE JOB
945892,6/11/2020,COVID-19: PREPAREDNESS YOUR FAMILY AND HOME
945892,5/21/2020,CLT-PROCEDURAL OPERATIONS
945892,5/20/2020,CLT-PROCEDURAL OPERATIONS
945892,5/13/2020,CLT-PROCEDURAL OPERATIONS
945892,5/10/2020,COVID-19: PREPAREDENESS
945892,5/10/2020,COVID-19: PROTECTIVE MASKS
945892,5/5/2020,CLT-PROCEDURAL OPERATIONS
945892,4/30/2020,SAFETY CONSIDERATIONS FOR PATROLLING THE NYC SUBWAY SYSTEM -DANGERS OF THE PLATFORM EDGE
945892,4/28/2020,CLT-PROCEDURAL OPERATIONS
945892,4/1/2020,"AXON BODY-WORN CAMERA TRAINING - CAMERA OPERATION, AXON VIEW AND EVIDENCE.COM (REQUIRED FOR LE4 COMM"
945892,4/1/2020,PROCESSING DISCOVERY MATERIAL IN THE FORMS ARREST FOLDER
945892,3/20/2020,CLT-TACTICAL AWARENESS AND OFFICER SAFETY
945892,3/19/2020,CLT-PROCEDURAL OPERATIONS
945892,3/19/2020,CLT-TACTICAL AWARENESS AND OFFICER SAFETY
945892,3/17/2020,INVESTIGATIVE ENCOUNTERS-VIDEO #1 REQUEST FOR INFO-UNIT TRAINING FEB 2016
945892,3/17/2020,INVESTIGATIVE ENCOUNTERS-VIDEO #2 COMMON LAW RIGHT OF INQUIRY-UNIT TRAINING MAY 2016
945892,3/17/2020,INVESTIGATIVE ENCOUNTERS-VIDEO #3 TERRY STOPS AND REASONABLE SUSPICION-UNIT TRAINING JUNE 2016
945892,3/17/2020,INVESTIGATIVE ENCOUNTERS-VIDEO #4 DOCUMENTATION AND SUPERVISION-UNIT TRAINING JULY 2016
945892,3/12/2020,CLT-PROCEDURAL OPERATIONS
945892,3/11/2020,CLT-PROCEDURAL OPERATIONS
945892,3/9/2020,CLT-DOCUMENTATION AND FORMS
945892,2/18/2020,UTILIZING BALLISTIC PROTECTION IN DEPARTMENT VEHICLES (4:09)
945892,2/17/2020,CRIMINAL JUSTICE BUREAU - GIGLIO MATERIAL DISCLOSURES UNDER THE NEW DISCOVERY LAWS
945892,2/14/2020,FTS - TACTICAL TRAINING CENTER 047 PCT - SESSION 1
945892,1/12/2020,CROSSFIRE MITIGATION DURING CLOSE COMBAT INCIDENTS - PART 2
945892,1/9/2020,2019-20 IN-SERVICE CYCLE - CRITICAL INCIDENT TACTICS AND DEVELOPING EFFECTIVE LEADERSHIP SKILLS
945892,12/16/2019,ACTIVITY LOG FOR IPHONE
945892,12/16/2019,RESPONDING TO COMMERCIAL ROBBERIES PART LL - MODULE 1 AND MODULE 2
945892,12/11/2019,CJB - DESK APPEARANCE TICKETS: THE NEW LAWS AND GUIDELINES FOR PROCESSING DATS
945892,12/11/2019,CJB - OVERVIEW OF THE NEW DISCOVERY LAWS
945892,12/11/2019,CROSSFIRE MITIGATION DURING CLOSE COMBAT INCIDENTS
945892,11/13/2019,DISCHARGING YOUR FIREARM AT A MOVING THREAT
945892,11/13/2019,FORCE POLICY UPDATE VIDEO
945892,10/22/2019,CRIMINAL JUSTICE BUREAU - DNA TRAINING VIDEO
945892,10/22/2019,CRITICAL DECISION MAKING MODEL
945892,10/17/2019,FTS - ANNUAL CEW RECERTIFICATION
945892,10/16/2019,DOMESTIC VIOLENCE EDUCATION AND COUNSELING
945892,10/16/2019,MARIJUANA POLICY UPDATE
945892,10/15/2019,CLT-DOCUMENTATION AND FORMS
945892,9/16/2019,SHIELD OF RESILIENCE TRAINING COURSE
945892,8/21/2019,CLT-MEMBER-EMPLOYEE WELLNESS
945892,8/7/2019,RESPONDING TO COMMERCIAL ROBBERIES
945892,7/18/2019,FTS - BALLISTIC VEST REPLACEMENT - DISTRIBUTION - PRE AUGUST 2020
945892,7/9/2019,COLLABORATIVE POLICING - MEDIATION REFERRAL PROGRAM FOR NON-CRIMINAL COMPLAINTS
945892,7/9/2019,RESPONDING TO PEOPLE IN CRISIS – MODULE 4: USING DEPARTMENT MOBILE DIGITAL DEVICES
945892,7/9/2019,TRANSIT BUREAU - SAFETY CONSIDERATIONS FOR PATROLLING THE NYC SUBWAY SYSTEM
945892,7/9/2019,TRANSIT BUREAU - SAFETY CONSIDERATIONS FOR PATROLLING THE NYC SUBWAY SYSTEM - PART 2
945892,7/9/2019,TRANSIT BUREAU - TIMELY RESUMPTION OF SERVICE IN NYC TRANSIT
945892,7/3/2019,DISCUSSION - BASED LEARNING MODULE # 1-3
945892,6/20/2019,2017-2019 IN-SERVICE CYCLE-INVESTIGATIVE ENCOUNTERS- BASIC TRAINING WITH SCENARIOS
945892,6/13/2019,WORLDPRIDE NYC 2019
945892,6/11/2019,SITE PROTECTION & DOCUMENT SCREENING TECHNIQUES
945892,6/6/2019,SOUND LEVEL METER TRAINING
945892,5/29/2019,COLLABORATIVE POLICING - THE DEAF AND HARD OF HEARING COMMUNITY
945892,5/16/2019,FTS - BALLISTIC VEST REPLACEMENT - MEASUREMENT - PRE AUG 2020
945892,4/25/2019,LEGAL BUREAU - PERJURY TRAINING MODULE
945892,4/25/2019,RESPONDING TO PEOPLE IN CRISIS - MODULES 2 AND 3: ACTIVE LISTENING PARTS 1 AND 2
945892,4/15/2019,FTS - SMITH AND WESSON MODEL 5946 BARREL REMEDIATION
945892,4/2/2019,SAFEGUARDING PRISONERS - OFFICER SAFETY GUIDELINES
945892,3/21/2019,2017-2019 IN-SERVICE CYCLE-INTEGRATED TACTICS
945892,3/18/2019,PSB MARIJUANA FIELD TESTING
945892,3/5/2019,CLT-PROCEDURAL OPERATIONS
945892,3/5/2019,COLLABORATIVE POLICING - ELDER ABUSE
945892,2/27/2019,STREET NARCOTICS ENFORCEMENT UNIT SNEU
945892,2/18/2019,RESPONDING TO PEOPLE IN CRISIS - MODULE 1: SENDING THE RIGHT SIGNALS
945892,2/13/2019,COUNTERTERRORISM PERSONAL RADIATION DETECTION COURSE
945892,2/7/2019,TEXT TO 911 - INTRODUCTION
945892,2/5/2019,PATROL DOOR BAG - ROPE AND WEDGE INTRODUCTION
945892,2/4/2019,EQUAL EMPLOYMENT OPPORTUNITYTRAINING - SEXUAL HARASSMENT AWARENESS AND PREVENTION
945892,2/4/2019,"SUPPORT SERVICES DIVISION - CLASS ""C"" OPERATOR"
945892,1/30/2019,STREET NARCOTICS ENFORCEMENT UNIT SNEU
945892,1/28/2019,STREET NARCOTICS ENFORCEMENT UNIT SNEU
945892,1/3/2019,"HME - HOMEMADE EXPLOSIVES: AWARENESS, RECOGNITION, AND RESPONSE"
945892,12/19/2018,CLT-LEGAL ISSUES
945892,12/19/2018,CLT-OCCUPATIONAL-WORKPLACE SAFETY AND HEALTH
945892,12/18/2018,CLT-OCCUPATIONAL-WORKPLACE SAFETY AND HEALTH
945892,12/9/2018,AMERICANS WITH DISABILITIES ACT (ADA)
945892,12/6/2018,MARIJUANA BURNING ENFORCEMENT POLICY
945892,11/30/2018,CLT-INVESTIGATIONS
945892,11/28/2018,CLT-PROCEDURAL OPERATIONS
945892,11/12/2018,CLT-DOCUMENTATION AND FORMS
945892,10/23/2018,RESPONDING TO PEOPLE IN CRISIS-INTRODUCTION TO CIT VIDEO SERIES
945892,10/19/2018,NYC RIGHT TO KNOW ACT LEGISLATION – PART 1
945892,10/18/2018,NYC RIGHT TO KNOW ACT LEGISLATION - PART 2
945892,10/15/2018,CPS FAIR AND IMPARTIAL POLICING - ALL POS AND DETS
945892,9/27/2018,FTS - ANNUAL CEW RECERTIFICATION
945892,9/16/2018,CLT-LEGAL ISSUES
945892,9/12/2018,RAISE THE AGE
945892,9/9/2018,CLT-ENFORCEMENT ACTIONS
945892,7/11/2018,BTK (BELT TRAUMA KIT DISTRIBUTION AND FAMILIARIZATION)
945892,6/12/2018,CLT-PROCEDURAL OPERATIONS
945892,6/11/2018,COMMUNICATIONS- THE PROPER USAGE OF THE IDA RADIO CODES
945892,5/9/2018,CLT-PROCEDURAL OPERATIONS
945892,4/26/2018,FTS - CEW X26P HOLSTER TRAINING AND DISTRIBUTION
945892,4/18/2018,AWARENESS AND RESPONSE TO BIOLOGICAL INCIDENTS
945892,4/10/2018,ROCKWALL CERTIFICATION
945892,3/23/2018,NEIGHBORHOOD COORDINATION OFFICER (NCO)
945892,3/22/2018,NEIGHBORHOOD COORDINATION OFFICER (NCO)
945892,3/22/2018,NEIGHBORHOOD COORDINATION OFFICER COMPUTER TRAINING COURSE
945892,3/21/2018,CRIMINAL INVESTIGATORS COURSE
945892,3/20/2018,NCO ECMS TRAINING
945892,3/19/2018,NEIGHBORHOOD COORDINATION OFFICER (NCO)
945892,3/10/2018,CPS BODY-WORN CAMERA TRAINING WITH SCENARIOS
945892,2/24/2018,LEGAL BUREAU PERFORMANCE METRICS - PROHIBITED CONDUCT
945892,2/21/2018,CLT-OCCUPATIONAL-WORKPLACE SAFETY AND HEALTH
945892,2/16/2018,COLLABORATIVE POLICING- FOREIGN LANGUAGE CERTIFICATION VIDEO
945892,12/28/2017,INFORMATION SECURITY AWARENESS TRAINING
945892,12/2/2017,NARCAN NASAL SPRAY TRAINING
945892,12/2/2017,TACTICAL AWARENESS-SMARTPHONE SAFETY
945892,11/30/2017,NARCAN NASAL SPRAY TRAINING
945892,10/11/2017,COLLABORATIVE POLICING- ACCESSING TELEPHONIC INTERPRETERS VIA LANGUAGE LINE
945892,9/29/2017,2017-2019 IN-SERVICE CYCLE-INVESTIGATIVE ENCOUNTERS-SUPERVISOR TRAINING WITHOUT SCENARIOS
945892,9/20/2017,PATROL- POLYCARBONATE SHIELD
945892,9/20/2017,PERSONNEL BUREAU NYPD EMPLOYEE ASSISTANCE UNIT (EAU)
945892,8/9/2017,FTS - ANNUAL CEW RECERTIFICATION
945892,8/4/2017,HOW TO ENTER DOMESTIC INCIDENT REPORTS IN TO FORMS
945892,8/4/2017,POLICE COMMISSIONERS MESSAGE - VICTIMS OF SEXUAL ASSAULT VIDEO
945892,6/14/2017,"CPS INTERIOR PATROL OF HOUSING AUTHORITY BUILDINGS, PG 212-60 ROLL CALL VIDEO 1"
945892,6/14/2017,"CPS INTERIOR PATROL OF HOUSING AUTHORITY BUILDINGS, PG 212-60 ROLL CALL VIDEO 2"
945892,6/14/2017,CPS INTERIOR PATROL TRESPASS AFFIDAVIT PROGRAM (TAP) VIDEO 1
945892,6/14/2017,CPS INTERIOR PATROL TRESPASS AFFIDAVIT PROGRAM (TAP) VIDEO 2
945892,5/25/2017,CRIMINAL JUSTICE REFORM ACT ROLL CALL TRAINING PART 1
945892,5/25/2017,CRIMINAL JUSTICE REFORM ACT ROLL CALL TRAINING PART 2
945892,5/25/2017,X26P TRANSITION COURSE FOR CURRENT X26 END-USER TRAINING
945892,5/11/2017,EQUAL EMPLOYMENT OPPORTUNITY TRANSGENDER DIVERSITY AND INCLUSION:EXECUTIVE ORDER 16
945892,4/19/2017,ADVANCED TACTICAL FIREARMS TRAINING COURSE
945892,3/7/2017,2016-17 INSERVICE CYCLE-PHYSICAL TACTICS
945892,2/7/2017,FTS - CEW END USER CERT
945892,12/20/2016,PUBLIC CONTACT AND CONSENT TO SEARCH (RIGHT TO KNOW) - UNIT TRAINING AUGUST 2016
945892,12/15/2016,HATE CRIMES AND BIAS-RELATED INCIDENTS
945892,12/14/2016,HATE CRIMES AND BIAS-RELATED INCIDENTS
945892,12/13/2016,FORCE POLICY REVISION-VIDEO-PG 221-UNIT TRAINING MAY 2016
945892,12/13/2016,INVESTIGATIVE ENCOUNTERS-VIDEO #3 TERRY STOPS AND REASONABLE SUSPICION-UNIT TRAINING JUNE 2016
945892,11/17/2016,INVESTIGATIVE ENCOUNTERS-VIDEO #3 TERRY STOPS AND REASONABLE SUSPICION-UNIT TRAINING JUNE 2016
945892,8/31/2016,INVESTIGATIVE ENCOUNTERS-VIDEO #4 DOCUMENTATION AND SUPERVISION-UNIT TRAINING JULY 2016
945892,6/2/2016,FORCE POLICY REVISION-VIDEO-PG 221-UNIT TRAINING MAY 2016
945892,5/25/2016,INVESTIGATIVE ENCOUNTERS-VIDEO #2 COMMON LAW RIGHT OF INQUIRY-UNIT TRAINING MAY 2016
945892,2/25/2016,INVESTIGATIVE ENCOUNTERS-VIDEO #1 REQUEST FOR INFO-UNIT TRAINING FEB 2016
945892,12/14/2015,FORCE POLICY REVISION-PAMPHLET - PG 221 - UNIT TRAINING DECEMBER 2015
945892,12/3/2015,WINDOWS PHONE TRAINING AND DISTRIBUTION
945892,11/9/2015,EMERGENCY VEHICLE OPERATION JULY 07 - PRESENT
945892,11/9/2015,FIELD TRAINING PROGRAM JULY 07 - PRESENT
945892,11/9/2015,PHYSICAL EDUCATION PART 1: FOUNDATIONS OF PHYSICAL FITNESS
945892,11/9/2015,PHYSICAL EDUCATION PART 2: DEFENSIVE TACTICS JULY 07 - PRESENT
945892,11/9/2015,PHYSICAL EDUCATION PART 3: AMERICAN HEART ASSOCIATION BASIC LIFE SUPPORT
945892,11/9/2015,POLICE CRISIS INTERVENTION JULY 07 - PRESENT
945892,11/9/2015,POLICE FIELD PROBLEMS JULY 07 - PRESENT
945892,11/9/2015,POLICE INVESTIGATION AND REPORTING JULY 07 - PRESENT
945892,11/9/2015,POLICING A DEMOCRACY JULY 07 - PRESENT
945892,11/9/2015,POLICING SPECIAL POPULATIONS JULY 07 - PRESENT
945892,11/9/2015,PROCEDURAL LAW JULY 07 - PRESENT
945892,11/9/2015,SUBSTANTIVE LAW JULY 07 - PRESENT
945892,11/9/2015,TERRORISM AWARENESS AND RESPONSE JULY 07 - PRESENT
945892,7/24/2015,HIGHWAY 3-DAY STATIONARY STEP-OUT LIDAR COURSE
945892,6/11/2015,TINT-METER OPERATION TINTED WINDOW VIOLATIONS
945892,5/20/2015,20K TRAINING INITIATIVE - PHYSICAL TACTICS
945892,5/12/2015,20K TRAINING INITIATIVE - SMART POLICING
945892,5/6/2015,20K TRAINING INITIATIVE - FOUNDATIONS OF POLICING
945892,3/28/2014,IN-TAC TRAINING PROGRAM
945892,12/19/2013,ALERRT-ACTIVE SHOOTER LEVEL I (CTD)
945892,11/19/2013,ADVANCED EXPLOSIVE TRACE DETECTION COURSE
945892,6/26/2013,PLAIN CLOTHES TRAINING CERTIFIED BASIC PLAIN-CLOTHES COURSE
945892,3/19/2013,DISORDER CONTROL TRAINING
945892,12/4/2012,FUNDAMENTALS OF AUTO THEFT INVESTIGATION
945892,8/8/2012,UF 250 - OPERATION IMPACT REFRESHER CERTIFIED
945892,3/24/2011,PROPERTY EVIDENCE TRACKING SYSTEM
945892,6/14/2008,COBRA - COHORT TRAINING
945892,1/7/2008,12 PASSENGER VAN / UTILITY VEHICLE QUALIFICATION
945892,1/7/2008,FOUR WHEEL DRIVE TRAINING
945892,,COLLISION REFRESHER (2 DAY)
945892,,COLLISION RETRAINING
945892,,FOUR WHEEL DRIVE TRAINING
945892,,RECRUIT 12 PASSENGER VAN / UTILITY VEHICLE QUALIFICATION
945892,,RECRUIT RMP QUALIFICATION / RMP OPERATOR QUALIFIED
969161,6/14/2025,2025 EQUAL EMPLOYMENT OPPORTUNITY TRAINING - SEXUAL HARASSMENT AWARENESS AND PREVENTION
969161,6/14/2025,EAU 2025 POLICE COMMISSIONER JESSICA S. TISCH
969161,6/14/2025,SQF REVIEW AND DOCUMENTATION: SQF MODULE 10
969161,5/21/2025,CLT-DOMESTIC VIOLENCE TRAINING
969161,5/13/2025,CLT-ENFORCEMENT ACTIONS
969161,4/17/2025,FTS - TASER 7 ANNUAL RECERTIFICATION
969161,2/12/2025,2025 IDENTIFYING THE IMPAIRED DRIVER REFRESHER
969161,2/12/2025,BEHAVIORAL HEALTH EMERGENCY ASSISTANCE RESPONSE DIVISION B-HEARD
969161,2/12/2025,KEVIN AND AVONTE SAFE HOME PROGRAM
969161,2/12/2025,NOTIFICATION OF ALLEGATIONS AND EMPLOYEE RIGHTS
969161,2/12/2025,RIGHT TO KNOW ACT SQF MODULE 9
969161,2/1/2025,ACTIVE SHOOTER - SCHOOL RESPONSE PROTOCOL
969161,2/1/2025,CELL BLOCK FIRESHIELD EV BLANKETS
969161,2/1/2025,INFORMATION SECURITY AWARENESS TRAINING 2024
969161,2/1/2025,LEAVING THE SCENE COLLISIONS INVESTIGATIVE BEST PRACTICES
969161,2/1/2025,MULTI-FACTOR AUTHENTICATION MFA TRAINING
969161,1/31/2025,VEHICLE PURSUITS
969161,12/19/2024,DRIVING WHILE INTOXICATED AWARENESS VIDEO MODULE 1
969161,12/17/2024,FTS - CEW TASER 7 TRANSITION COURSE
969161,12/17/2024,FTS - TASER 7 HOLSTER DISTRIBUTION
969161,10/18/2024,FAMILY BUILDING
969161,10/18/2024,RACIAL PROFILING AND BIASED BASED POLICING: SQF MODULE 8
969161,10/1/2024,CLT-PROCEDURAL OPERATIONS
969161,9/26/2024,NORTHWELL DIRECT FINEST CARE PROGRAM FOR UMOS
969161,9/19/2024,RAPE IS RAPE
969161,8/11/2024,MENTAL HEALTH INVOLUNTARY REMOVALS MHL 9.41 AND MHL 9.58
969161,8/11/2024,NYCHA INTERIOR PATROL: SQF MODULE 7
969161,8/11/2024,TACTICS WHEN ENGAGING INDIVIDUALS IN A MENTAL HEALTH CRISIS
969161,8/11/2024,UNMANNED AIRCRAFT SYSTEMS VISUAL OBSERVER
969161,8/10/2024,ACCURATE COMPLAINT REPORT CLASSIFICATION
969161,8/10/2024,APX NEXT PORTABLE AND RADIO DISCIPLINE TRAINING VIDEO
969161,7/26/2024,CLT-OCCUPATIONAL-WORKPLACE SAFETY AND HEALTH
969161,7/13/2024,CLT-OCCUPATIONAL-WORKPLACE SAFETY AND HEALTH
969161,7/12/2024,CLT-DOCUMENTATION AND FORMS
969161,6/28/2024,LEVEL 1 AND LEVEL 2 INVESTIGATIVE ENCOUNTERS
969161,6/22/2024,CLT-LEGAL ISSUES
969161,6/19/2024,CLT-OCCUPATIONAL-WORKPLACE SAFETY AND HEALTH
969161,6/6/2024,CLT-OCCUPATIONAL-WORKPLACE SAFETY AND HEALTH
969161,5/28/2024,CLT-NIBRS ROLL CALL TRAINING
969161,5/25/2024,CLT-LEGAL ISSUES
969161,5/24/2024,CLT-DOCUMENTATION AND FORMS
969161,5/24/2024,CLT-PROCEDURAL OPERATIONS
969161,5/15/2024,2024 VEHICLE SEIZURE FORM REFRESHER
969161,5/15/2024,CLT-DOCUMENTATION AND FORMS
969161,5/15/2024,CLT-TACTICAL AWARENESS AND OFFICER SAFETY
969161,5/15/2024,DRIVE SMART 2024
969161,5/7/2024,ASSISTING SURVIVORS OF SEXUAL BASED VIOLENCE WITH ACCESS TO RESOURCES
969161,5/1/2024,CLT-DOCUMENTATION AND FORMS
969161,5/1/2024,CLT-OCCUPATIONAL-WORKPLACE SAFETY AND HEALTH
969161,4/29/2024,2024 EQUAL EMPLOYMENT OPPORTUNITY TRAINING - SEXUAL HARASSMENT AWARENESS AND PREVENTION
969161,4/29/2024,CLT-LEGAL ISSUES
969161,4/29/2024,EMPLOYEE ASSISTANCE UNIT (E.A.U.) IS HERE FOR YOU- 2024
969161,4/29/2024,HOUSING BUREAU INTERIOR PATROL TACTICS
969161,4/29/2024,POLICING THE SUBWAY 2024
969161,4/20/2024,CLT-DOCUMENTATION AND FORMS
969161,4/20/2024,CLT-INFORMATION TECHNOLOGY
969161,3/19/2024,CLT - OATH VS. CRIMINAL COURT SUMMONS ROLL CALL TRAINING
969161,3/13/2024,CLT-DOMESTIC VIOLENCE TRAINING
969161,3/13/2024,CLT-ENFORCEMENT ACTIONS
969161,3/12/2024,CLT-TACTICAL AWARENESS AND OFFICER SAFETY
969161,3/6/2024,CLT-PROCEDURAL OPERATIONS
969161,2/28/2024,CLT-DOMESTIC VIOLENCE TRAINING
969161,2/27/2024,CLT-DOMESTIC VIOLENCE TRAINING
969161,2/23/2024,CLT-PROCEDURAL OPERATIONS
969161,2/21/2024,CLT-OCCUPATIONAL-WORKPLACE SAFETY AND HEALTH
969161,2/20/2024,CLT-PROCEDURAL OPERATIONS
969161,2/15/2024,CLT-COUNTERTERRORISM AND INTELLIGENCE
969161,2/14/2024,CLT-INFORMATION TECHNOLOGY
969161,2/14/2024,CLT-PROCEDURAL OPERATIONS
969161,2/13/2024,CLT-PROCEDURAL OPERATIONS
969161,2/8/2024,CLT-DOCUMENTATION AND FORMS
969161,2/6/2024,CLT-PROCEDURAL OPERATIONS
969161,2/6/2024,"CLT-UNIFORMS, PERSONAL APPEARANCE AND EQUIPMENT"
969161,1/31/2024,CLT-INFORMATION TECHNOLOGY
969161,1/30/2024,CLT-DOCUMENTATION AND FORMS
969161,1/24/2024,AUTISM SPECTRUM DISORDER
969161,1/24/2024,CLT-PROCEDURAL OPERATIONS
969161,1/10/2024,CLT-DOCUMENTATION AND FORMS
969161,1/10/2024,CLT-VOLUNTARY - INVOLUNTARY TRANSPORTS
969161,1/6/2024,ELDER ABUSE -2023 REFRESHER
969161,1/6/2024,INVESTIGATIVE ENCOUNTERS SUMMARY: SQF MODULE 6
969161,12/27/2023,LGBTQIA PLUS - DIVERSITY AND INCLUSION
969161,12/27/2023,OPIOID DANGERS- FENTANYL AND CARFENTANIL
969161,12/27/2023,"POSSESSION OR INGESTION OF ANABOLIC STEROIDS, HUMAN GROWTH HORMONE, AND NUTRITIONAL SUPPLEMENTS"
969161,12/26/2023,CLT-DOCUMENTATION AND FORMS
969161,12/16/2023,SRG - RAPID MOBILIZATION (PATROL) LEVEL 4
969161,12/14/2023,CLT-DOCUMENTATION AND FORMS
969161,11/16/2023,CLT-CRIME CONTROL STRATEGIES AND PROBLEM SOLVING
969161,11/16/2023,CLT-PROCEDURAL OPERATIONS
969161,11/9/2023,CLT-CRIME CONTROL STRATEGIES AND PROBLEM SOLVING
969161,10/30/2023,EFFECTIVE COMMUNICATION SKILLS - DEAF OR HARD OF HEARING
969161,10/30/2023,INFORMATION SECURITY AWARENESS TRAINING - 2023
969161,10/30/2023,INVESTIGATIVE ENCOUNTERS 2023: MODULE 5 SQF LEVELS 3 AND 4
969161,10/30/2023,NYPD RECRUITMENT TRAINING VIDEO
969161,10/30/2023,VEHICLE MOUNTED VIDEO SYSTEM
969161,10/26/2023,CLT-DOCUMENTATION AND FORMS
969161,10/26/2023,CLT-PROCEDURAL OPERATIONS
969161,10/25/2023,CLT-CRIME CONTROL STRATEGIES AND PROBLEM SOLVING
969161,10/25/2023,CLT-PROCEDURAL OPERATIONS
969161,10/10/2023,CLT-DOCUMENTATION AND FORMS
969161,10/4/2023,2023 TASER X26P RE-QUALIFICATION
969161,10/4/2023,CLT-DOCUMENTATION AND FORMS
969161,10/4/2023,CLT-PROCEDURAL OPERATIONS
969161,9/30/2023,CLT-DOCUMENTATION AND FORMS
969161,9/30/2023,CLT-INFORMATION TECHNOLOGY
969161,9/27/2023,CLT-PROCEDURAL OPERATIONS
969161,9/16/2023,CLT-CRIME CONTROL STRATEGIES AND PROBLEM SOLVING
969161,9/9/2023,CLT-INVESTIGATIONS
969161,8/28/2023,2023 SUMMER ALL-OUT BODY WORN CAMERA TRAINING
969161,8/28/2023,UNMANNED AIRCRAFT PERMIT: DRONES FOR PUBLIC USE
969161,8/26/2023,CLT-PATROL TACTICS ROLLCALL TRAINING VIDEO SERIES
969161,8/25/2023,AUGMENTED REALITY FEATURE
969161,8/25/2023,CLT-DOCUMENTATION AND FORMS
969161,8/25/2023,NYPD JOUVERT AND WEST INDIAN DAY-2023
969161,8/25/2023,TRAFFIC COURT TESTIMONY VIDEO
969161,8/2/2023,CLT-DOCUMENTATION AND FORMS
969161,8/2/2023,CLT-LEGAL ISSUES
969161,7/12/2023,CLT-PROCEDURAL OPERATIONS
969161,7/6/2023,CLT-OCCUPATIONAL-WORKPLACE SAFETY AND HEALTH
969161,6/28/2023,CLT-PROCEDURAL OPERATIONS
969161,6/21/2023,CLT-DOCUMENTATION AND FORMS
969161,6/6/2023,CLT-OCCUPATIONAL-WORKPLACE SAFETY AND HEALTH
969161,6/2/2023,2023 EQUAL EMPLOYMENT OPPORTUNITY TRAINING-SEXUAL HARASSMENT AWARENESS AND PREVENTION
969161,6/2/2023,CLT-OCCUPATIONAL-WORKPLACE SAFETY AND HEALTH
969161,6/2/2023,"INVESTIGATIVE ENCOUNTERS 2023: MODULE 4 SQF LEVELS 2, 3 AND 4"
969161,5/14/2023,2023 LANGUAGE MATTERS - FOSTERING A POSITIVE WORK ENVIRONMENT
969161,4/21/2023,CLT-PROCEDURAL OPERATIONS
969161,4/5/2023,ESPER POLICY LIBRARY
969161,4/5/2023,INVESTIGATIVE ENCOUNTERS 2023: MODULE 3 SQF LEVEL 2
969161,3/31/2023,CLT-PROCEDURAL OPERATIONS
969161,3/29/2023,CLT-BWC POLICY UPDATES
969161,3/28/2023,CLT-BWC POLICY UPDATES
969161,3/21/2023,CLT-COMMUNITY ENGAGEMENT
969161,3/21/2023,CLT-DOCUMENTATION AND FORMS
969161,3/16/2023,CLT-LEGAL ISSUES
969161,3/14/2023,CLT-COMMUNITY ENGAGEMENT
969161,3/14/2023,CLT-DOCUMENTATION AND FORMS
969161,3/7/2023,CLT-DOCUMENTATION AND FORMS
969161,3/4/2023,CLT-DOCUMENTATION AND FORMS
969161,2/22/2023,INFORMATION SECURITY CRIMINAL JUSTICE TRAINING 2023
969161,2/21/2023,CLT-TACTICAL AWARENESS AND OFFICER SAFETY
969161,2/20/2023,INVESTIGATIVE ENCOUNTERS 2023: MODULE 2 SQF LEVEL 1
969161,2/20/2023,NYPD-U VOLUNTARY - INVOLUNTARY TRANSPORTS
969161,2/17/2023,CLT-VOLUNTARY - INVOLUNTARY TRANSPORTS
969161,2/7/2023,CLT-PROFESSIONAL DEVELOPMENT
969161,2/3/2023,"CLT-INTEGRITY, ETHICS AND DISCIPLINE"
969161,2/3/2023,CLT-OCCUPATIONAL-WORKPLACE SAFETY AND HEALTH
969161,2/3/2023,CLT-PROFESSIONAL DEVELOPMENT
969161,1/28/2023,SRG - RAPID MOBILIZATION (PATROL) LEVEL 3
969161,1/21/2023,CLT-CRIME CONTROL STRATEGIES AND PROBLEM SOLVING
969161,1/20/2023,CLT-DOCUMENTATION AND FORMS
969161,1/20/2023,INVESTIGATIVE ENCOUNTERS 2023 - MODULE 1 INTRODUCTION TO SQF
969161,1/20/2023,RAISING THE LOWER AGE OF JUVENILE DELINQUENCY
969161,1/18/2023,CLT-CRIME CONTROL STRATEGIES AND PROBLEM SOLVING
969161,12/29/2022,CLT-VOLUNTARY - INVOLUNTARY TRANSPORTS
969161,12/23/2022,CLT-VOLUNTARY - INVOLUNTARY TRANSPORTS
969161,12/16/2022,CLT-LEGAL ISSUES
969161,12/13/2022,VIDEO 1 - PATROLLING THE NYC SUBWAY SYSTEM 2022
969161,12/13/2022,VIDEO 2 -TACTICAL CONSIDERATIONS FOR TRANSIT PATROL 2022 (PART 1)
969161,12/13/2022,VIDEO 3 - TACTICAL CONSIDERATIONS FOR TRANSIT PATROL 2022 (PART 2)
969161,12/13/2022,VIDEO 4 - PLATFORM SAFETY 2022
969161,12/7/2022,CLT-LEGAL ISSUES
969161,12/1/2022,CLT-DOCUMENTATION AND FORMS
969161,12/1/2022,CLT-PROCEDURAL OPERATIONS
969161,11/16/2022,CLT-INFORMATION TECHNOLOGY
969161,11/16/2022,CLT-OCCUPATIONAL-WORKPLACE SAFETY AND HEALTH
969161,11/15/2022,BELT-WORN TRAUMA KIT REFRESHER TRAINING VIDEO-2022
969161,11/15/2022,LGBTQIA PLUS AWARENESS
969161,11/12/2022,CLT-ENFORCEMENT ACTIONS
969161,11/5/2022,CLT-DOCUMENTATION AND FORMS
969161,11/4/2022,CLT-CRIME CONTROL STRATEGIES AND PROBLEM SOLVING
969161,11/4/2022,CLT-DOCUMENTATION AND FORMS
969161,11/4/2022,CLT-PROCEDURAL OPERATIONS
969161,11/2/2022,CLT-BWC POLICY UPDATES
969161,11/2/2022,CLT-PROCEDURAL OPERATIONS
969161,10/22/2022,CLT-PROCEDURAL OPERATIONS
969161,10/22/2022,CLT-TACTICAL AWARENESS AND OFFICER SAFETY
969161,10/21/2022,CLT-PROCEDURAL OPERATIONS
969161,10/20/2022,CLT-PROCEDURAL OPERATIONS
969161,10/8/2022,CLT-PROCEDURAL OPERATIONS
969161,9/30/2022,CLT-PROFESSIONAL DEVELOPMENT
969161,9/22/2022,CLT-PROFESSIONAL DEVELOPMENT
969161,9/21/2022,CLT-OCCUPATIONAL-WORKPLACE SAFETY AND HEALTH
969161,9/21/2022,CLT-PROFESSIONAL DEVELOPMENT
969161,9/21/2022,"CLT-UNIFORMS, PERSONAL APPEARANCE AND EQUIPMENT"
969161,9/21/2022,THE EMPLOYEE ASSISTANCE UNIT (EAU) IS HERE FOR YOU
969161,9/17/2022,CLT-OCCUPATIONAL-WORKPLACE SAFETY AND HEALTH
969161,9/16/2022,CLT-PROFESSIONAL DEVELOPMENT
969161,9/7/2022,CLT-PROFESSIONAL DEVELOPMENT
969161,9/7/2022,CLT-PROPERTY
969161,8/30/2022,NYPD JOUVERT  WEST INDIAN DAY
969161,8/11/2022,CLT-TACTICAL AWARENESS AND OFFICER SAFETY
969161,8/10/2022,2022 EQUAL EMPLOYMENT OPPORTUNITY TRAINING-SEXUAL HARASSMENT AWARENESS AND PREVENTION
969161,8/10/2022,CAR STOP TACTICS FOR PATROL OFFICERS - MODULE 1: CONTROLLING THE STOP
969161,8/10/2022,CAR STOP TACTICS FOR PATROL OFFICERS - MODULE 2: PROHIBITED MANEUVERS
969161,8/10/2022,CAR STOP TACTICS FOR PATROL OFFICERS - MODULE 3: THE UNKNOWN RISK STOP
969161,8/10/2022,CONVICTED OFFENDER DNA DATABANK SPECIMEN COLLECTION KIT
969161,8/10/2022,VEHICLE SEIZURE FORM
969161,8/4/2022,CLT-PROCEDURAL OPERATIONS
969161,8/3/2022,CLT-ENFORCEMENT ACTIONS
969161,7/28/2022,CLT-BWC POLICY UPDATES
969161,7/28/2022,CLT-PROFESSIONAL DEVELOPMENT
969161,7/26/2022,"INTEGRATING COMMUNICATION, ASSESSMENT AND TACTICS (ICAT) MODULE 6"
969161,7/26/2022,"INTEGRATING COMMUNICATION, ASSESSMENT, AND TACTICS (ICAT) MODULE 7"
969161,7/15/2022,CLT-CRIME CONTROL STRATEGIES AND PROBLEM SOLVING
969161,7/15/2022,CLT-NIBRS ROLL CALL TRAINING
969161,7/10/2022,CAR STOP TACTICS FOR PATROL OFFICERS - MODULE 4: THE HIGH-RISK STOP
969161,7/10/2022,NATIONAL INCIDENT-BASED REPORTING SYSTEM (NIBRS) UPDATES TO THE OMNIFORM COMPLAINT SYSTEMV
969161,6/24/2022,CLT-DOCUMENTATION AND FORMS
969161,6/24/2022,CLT-INFORMATION TECHNOLOGY
969161,6/24/2022,CLT-NIBRS ROLL CALL TRAINING
969161,6/23/2022,CLT-COMMUNITY ENGAGEMENT
969161,6/23/2022,CLT-ENFORCEMENT ACTIONS
969161,6/16/2022,CLT-INFORMATION TECHNOLOGY
969161,6/11/2022,CLT-NIBRS ROLL CALL TRAINING
969161,6/10/2022,CLT-NIBRS ROLL CALL TRAINING
969161,6/8/2022,CLT-NIBRS ROLL CALL TRAINING
969161,6/3/2022,BEST PRACTICES IN STRUCTURED INTERVIEWING
969161,6/3/2022,CLT-ENFORCEMENT ACTIONS
969161,6/2/2022,CLT-ENFORCEMENT ACTIONS
969161,6/1/2022,CLT-DOCUMENTATION AND FORMS
969161,6/1/2022,CLT-TACTICAL AWARENESS AND OFFICER SAFETY
969161,5/31/2022,PROHIBITED METHODS OF RESTRAINT
969161,5/24/2022,CLT-DOCUMENTATION AND FORMS
969161,5/24/2022,FTS - ANNUAL CEW RECERTIFICATION
969161,5/19/2022,CLT-PROCEDURAL OPERATIONS
969161,5/14/2022,CLT-ENFORCEMENT ACTIONS
969161,5/10/2022,CLT-DOCUMENTATION AND FORMS
969161,4/29/2022,ILLEGAL EVICTIONS
969161,4/29/2022,"INTEGRATING COMMUNICATION, ASSESSMENT AND TACTICS (ICAT) MODULE 5"
969161,4/29/2022,LOCAL LAW 45 OF 2021-TRAFFIC ENCOUNTERS
969161,4/12/2022,CLT-TACTICAL AWARENESS AND OFFICER SAFETY
969161,4/9/2022,CLT-COMMUNITY ENGAGEMENT
969161,4/9/2022,CLT-ENFORCEMENT ACTIONS
969161,4/8/2022,CLT-SEARCHING PRISONERS MODULE 1
969161,4/6/2022,CLT-BWC POLICY UPDATES
969161,2/24/2022,CLT-DOCUMENTATION AND FORMS
969161,2/23/2022,"INTEGRATING COMMUNICATION, ASSESSMENT AND TACTICS (ICAT) MODULE 4"
969161,2/19/2022,CHILD SENSITIVE ARREST POLICY GUIDELINES AND PROCEDURES
969161,2/4/2022,CLT-INVESTIGATIONS
969161,2/1/2022,ACTIVE BYSTANDERSHIP FOR LAW ENFORCEMENT (ABLE): ONE DAY COURSE
969161,1/27/2022,"CLT-UNIFORMS, PERSONAL APPEARANCE AND EQUIPMENT"
969161,1/22/2022,CLT-BWC POLICY UPDATES
969161,1/22/2022,CLT-EJUSTICE ORDER OF PROTECTION SEARCH
969161,1/22/2022,CLT-EPERMIT SYSTEM
969161,1/21/2022,CLT-EJUSTICE ORDER OF PROTECTION SEARCH
969161,1/19/2022,CLT-EPERMIT SYSTEM
969161,1/12/2022,CLT-EPERMIT SYSTEM
969161,1/12/2022,"INTEGRATING COMMUNICATION, ASSESSMENT AND TACTICS (ICAT) MODULE 3"
969161,1/5/2022,CLT-BWC POLICY UPDATES
969161,1/1/2022,CLT-DOCUMENTATION AND FORMS
969161,12/2/2021,CLT-ENFORCEMENT ACTIONS
969161,12/2/2021,IDENTIFYING THE IMPAIRED DRIVER
969161,11/12/2021,"INTEGRATING COMMUNICATION, ASSESSMENT AND TACTICS (ICAT) MODULE 2"
969161,11/11/2021,CLT-DOCUMENTATION AND FORMS
969161,11/11/2021,COUNTER TERRORISM INITIAL PATROL RESPONSE TO AN ACTIVE SHOOTER
969161,10/28/2021,ARRESTS - RELIGIOUS HEAD COVERING GUIDELINES (PG 208-83)
969161,10/25/2021,BODY-WORN CAMERA REVIEW PART TWO
969161,10/21/2021,CLT-OCCUPATIONAL-WORKPLACE SAFETY AND HEALTH
969161,10/20/2021,CLT-DOCUMENTATION AND FORMS
969161,10/20/2021,CLT-INFORMATION TECHNOLOGY
969161,10/18/2021,BODY-WORN CAMERA REVIEW PART ONE
969161,10/18/2021,CLT-INFORMATION TECHNOLOGY
969161,10/18/2021,"INTEGRATING COMMUNICATION, ASSESSMENT AND TACTICS (ICAT) MODULE 1"
969161,10/18/2021,OPIOID OVERDOSE RECOGNITION AND NARCAN ADMINISTRATION -2021
969161,10/5/2021,CLT-MEMBER-EMPLOYEE WELLNESS
969161,9/15/2021,INFORMATION SECURITY AWARENESS TRAINING 2021
969161,9/10/2021,MAYOR EXECUTIVE ORDER 78 VACCINATION - TESTING COMPLIANCE POLICY
969161,8/5/2021,CLT-TACTICAL AWARENESS AND OFFICER SAFETY
969161,8/4/2021,CLT-DOCUMENTATION AND FORMS
969161,8/4/2021,MARIJUANA BURNING ENFORCEMENT POLICY
969161,7/28/2021,CLT-LEGAL ISSUES
969161,7/27/2021,CLT-OCCUPATIONAL-WORKPLACE SAFETY AND HEALTH
969161,7/14/2021,EQUAL EMPLOYMENT OPPORTUNITY TRAINING - SEXUAL HARASSMENT AWARENESS AND PREVENTION 2021
969161,6/29/2021,CLT-PROCEDURAL OPERATIONS
969161,6/25/2021,PTTD WEAPONS DEFENSE
969161,6/8/2021,FTS - ANNUAL CEW RECERTIFICATION
969161,5/25/2021,CLT-OCCUPATIONAL-WORKPLACE SAFETY AND HEALTH
969161,5/24/2021,CLT-DOCUMENTATION AND FORMS
969161,5/24/2021,OVERVIEW OF THE NEW DISCOVERY LAWS 2021 REFRESHER
969161,5/24/2021,PATROL GUIDE 215-17 POLICE ACTIONS RELATED QUESTIONING ARRESTS AND INVESTIGATIONS AT A NYC DEPARTMEN
969161,5/21/2021,CLT-TACTICAL AWARENESS AND OFFICER SAFETY
969161,5/20/2021,PTTD DEFENSIVE TACTICS PRACTICAL EXAM
969161,5/7/2021,CLT-TACTICAL AWARENESS AND OFFICER SAFETY
969161,4/24/2021,EMPLOYEE ASSISTANCE UNIT-2021
969161,4/8/2021,EQUAL EMPLOYMENT OPPORTUNITY TRAINING - LGBTQIA+ DIVERSITY AND INCLUSION / EXECUTIVE ORDER 16 OF 201
969161,4/1/2021,CLT-LEGAL ISSUES
969161,3/27/2021,"CLT-UNIFORMS, PERSONAL APPEARANCE AND EQUIPMENT"
969161,3/18/2021,CLT-OCCUPATIONAL-WORKPLACE SAFETY AND HEALTH
969161,3/17/2021,CLT-DOCUMENTATION AND FORMS
969161,3/17/2021,CLT-INFORMATION TECHNOLOGY
969161,3/16/2021,DESK APPEARANCE TICKETS: THE NEW LAW AND THE NEW GUIDELINES FOR PROCESSING DAT'S - 2021 REFRESHER
969161,3/9/2021,SRG - RAPID MOBILIZATION (PATROL) LEVEL 3
969161,3/8/2021,CLT-INFORMATION TECHNOLOGY
969161,3/3/2021,CLT-TACTICAL AWARENESS AND OFFICER SAFETY
969161,2/27/2021,CLT-OCCUPATIONAL-WORKPLACE SAFETY AND HEALTH
969161,2/24/2021,CUSTOMER SERVICE PROGRAM: HOW DID WE DO
969161,2/23/2021,CUSTOMER SERVICE PROGRAM: HOW DID WE DO
969161,2/17/2021,CLT-TACTICAL AWARENESS AND OFFICER SAFETY
969161,2/6/2021,"CUSTOMER SERVICE PROGRAM:  ROLL CALL MODULE 2, COMMUNICATION SKILLS"
969161,2/5/2021,CLT-DOCUMENTATION AND FORMS
969161,1/29/2021,"CUSTOMER SERVICE PROGRAM:  ROLL CALL MODULE 1, INTRODUCTION TO PRECINCT GREETER PROGRAM"
969161,1/28/2021,CLT-LEGAL ISSUES
969161,1/23/2021,CLT-MEMBER-EMPLOYEE WELLNESS
969161,1/23/2021,CLT-OCCUPATIONAL-WORKPLACE SAFETY AND HEALTH
969161,1/21/2021,CLT-MEMBER-EMPLOYEE WELLNESS
969161,1/21/2021,COVID VACCINE DISTRIBUTION AND EDUCATION
969161,1/16/2021,CLT-ENFORCEMENT ACTIONS
969161,1/8/2021,CLT-ENFORCEMENT ACTIONS
969161,12/19/2020,CLT-DOCUMENTATION AND FORMS
969161,12/18/2020,CONSTITUTIONAL POLICING AT COMMUNITY EVENTS (CPACE)
969161,12/1/2020,EQUAL EMPLOYMENT OPPORTUNITY TRAINING - LEAVE TO EXPRESS BREAST MILK
969161,11/14/2020,CLT-DOCUMENTATION AND FORMS
969161,10/27/2020,"CLT-UNIFORMS, PERSONAL APPEARANCE AND EQUIPMENT"
969161,10/23/2020,CLT-DOCUMENTATION AND FORMS
969161,10/19/2020,FTS - ANNUAL CEW RECERTIFICATION
969161,10/17/2020,CLT-DOCUMENTATION AND FORMS
969161,10/16/2020,EMPLOYEE RELATIONS - NYPD CUMC ONE-DAY RESILIENCE TRAINING
969161,10/15/2020,CLT-OCCUPATIONAL-WORKPLACE SAFETY AND HEALTH
969161,10/7/2020,CLT-TACTICAL AWARENESS AND OFFICER SAFETY
969161,10/2/2020,CLT-MEMBER-EMPLOYEE WELLNESS
969161,10/1/2020,CLT-ENFORCEMENT ACTIONS
969161,9/3/2020,"CLT-INTEGRITY, ETHICS AND DISCIPLINE"
969161,8/26/2020,"CLT-UNIFORMS, PERSONAL APPEARANCE AND EQUIPMENT"
969161,8/20/2020,CLT-DOCUMENTATION AND FORMS
969161,7/30/2020,2019-2020 IN-SERVICE CYCLE - TEAM TACTICS REFRESHER
969161,7/3/2020,"AXON BODY-WORN CAMERA TRAINING - CAMERA OPERATION, AXON VIEW AND EVIDENCE.COM (REQUIRED FOR LE4 COMM"
969161,7/3/2020,NEW LAWS AFFECTING POLICE OFFICERS’ CRIMINAL AND CIVIL LIABILITY
969161,6/30/2020,BTK (BELT TRAUMA KIT DISTRIBUTION AND FAMILIARIZATION)
969161,6/30/2020,CPS BODY-WORN CAMERA TRAINING WITH SCENARIOS
969161,6/30/2020,"EQUAL EMPLOYMENT OPPORTUNITY TRAINING - SEXUAL HARASSMENT, AWARENESS AND PREVENTION"
969161,6/30/2020,VICTIM BLAMING AND RELEASE OF INFORMATION TO THE MEDIA
969161,6/24/2020,HEALTH AND WELLNESS SECTION - MODULE 12 - IN THAT DARK PLACE - AN OFFICER'S JOURNEY
969161,6/22/2020,PTTD EXPANDABLE BATON
969161,6/16/2020,PTTD DEFENSIVE TACTICS PRACTICAL EXAM
969161,6/16/2020,PTTD WATER SAFETY
969161,6/15/2020,GROUND TACTICS
969161,6/12/2020,PTTD EXPANDABLE BATON
969161,6/11/2020,RECRUIT RAPID DEPLOYMENT-ACTIVE SHOOTER
969161,6/10/2020,HEALTH AND WELLNESS SECTION - MODULE 5 - GAINING PERSPECTIVE
969161,6/10/2020,HEALTH AND WELLNESS SECTION - MODULE 6 - COPING WITH SIGNS OF ANXIETY DEPRESSION
969161,6/10/2020,HEALTH AND WELLNESS SECTION - MODULE 7 - LEADING WITH COMPASSION
969161,6/10/2020,"HEALTH AND WELLNESS SECTION - MODULE 8 - WARNING SIGNS, SUPPORT AND OUTREACH"
969161,6/10/2020,HEALTH AND WELLNESS SECTION - MODULE 9 - MANAGING STRESS ON THE JOB
969161,6/10/2020,POLICE ACADEMY RECRUIT 3RD TRIMESTER EXAM
969161,6/10/2020,SAFETY CONSIDERATIONS FOR PATROLLING THE NYC SUBWAY SYSTEM -DANGERS OF THE PLATFORM EDGE
969161,6/8/2020,PTTD WEAPONS DEFENSE
969161,6/5/2020,RTS ACADEMIC - INTERIOR PATROL
969161,6/5/2020,RTS ACADEMIC - TRANSIT OPERATIONS
969161,6/1/2020,RTS ACADEMIC - INTERIOR PATROL
969161,5/28/2020,COVID-19: PREPAREDNESS YOUR FAMILY AND HOME
969161,5/28/2020,HEALTH AND WELLNESS SECTION - MODULE 1 - PSYCHOLOGICAL HEALTH AND WELLNESS
969161,5/28/2020,HEALTH AND WELLNESS SECTION - MODULE 10 - SEEKING AND RECEIVING MENTAL HEALTH SUPPORT
969161,5/28/2020,HEALTH AND WELLNESS SECTION - MODULE 11 - HEALTH AND RESILIENCY
969161,5/28/2020,HEALTH AND WELLNESS SECTION - MODULE 2 - JOB COUNSELING AND STRESS
969161,5/28/2020,HEALTH AND WELLNESS SECTION - MODULE 3 - WARNING SIGNS
969161,5/28/2020,HEALTH AND WELLNESS SECTION - MODULE 4 - CUMULATIVE TRAUMA
969161,5/27/2020,RECRUIT RMP QUALIFICATION / RMP OPERATOR QUALIFIED
969161,5/27/2020,RTS ACADEMIC - AIDED AND MISSING
969161,5/22/2020,RTS ACADEMIC - AUTO-RELATED PROCEDURES AND CRIMES PART 1
969161,5/22/2020,RTS ACADEMIC - AUTO-RELATED PROCEDURES AND CRIMES PART 2
969161,5/22/2020,RTS ACADEMIC - DRUG OFFENSES
969161,5/22/2020,RTS ACADEMIC - POLICING WITH INTEGRITY
969161,5/20/2020,RTS ACADEMIC - CHILDREN AND ADOLESCENTS
969161,5/20/2020,RTS ACADEMIC - CIVIL DISORDER OFFENSES
969161,5/19/2020,RTS ACADEMIC - WEAPONS OFFENSES
969161,5/15/2020,POLICE ACADEMY RECRUIT JUSTIFICATION WRITTEN EXAM
969161,5/14/2020,RTS ACADEMIC - SUMMONSES
969161,5/11/2020,COVID-19: PREPAREDENESS
969161,5/11/2020,COVID-19: PROTECTIVE MASKS
969161,5/11/2020,POLICE ACADEMY RECRUIT 2ND TRIMESTER EXAM
969161,5/11/2020,RTS ACADEMIC - CIVIL DISORDER OFFENSES
969161,5/7/2020,RTS ACADEMIC - INTEGRITY CRIMES AND CIVIL LIABILITIES
969161,5/6/2020,RTS ACADEMIC - CUSTODIAL OFFENSES
969161,4/29/2020,OFF DUTY PISTOL CERTIFIED
969161,4/29/2020,RECRUIT TACTICAL FIREARMS QUALIFICATION AND TRAINING OFF DUTY PISTOL CERTIFIED
969161,4/27/2020,FTS - CEW END USER CERTIFICATION
969161,4/24/2020,P.A. RECRUIT NCIC/III EXAM
969161,4/24/2020,P.A. RECRUIT NYPD COMPUTER USE POLICY AND MONITORING NOTICE
969161,4/24/2020,RECRUIT TRAINING COMPUTER COURSE
969161,4/20/2020,FIREARMS 5 DAY TACTICAL APPLICATION V2
969161,4/7/2020,VEHICLE STOP SOLUTIONS MODULE
969161,4/1/2020,RTS ACADEMIC - CRIMES AGAINST PERSONS
969161,4/1/2020,RTS ACADEMIC - INTRODUCTION TO PENAL LAW
969161,4/1/2020,RTS ACADEMIC - PROPERTY CRIMES
969161,4/1/2020,RTS ACADEMIC - SEARCH AND SEIZURE
969161,4/1/2020,RTS ACADEMIC - SEX OFFENSES
969161,4/1/2020,RTS ACADEMIC - THEFT OFFENSES
969161,3/31/2020,RTS ACADEMIC - DOMESTIC VIOLENCE
969161,3/19/2020,RTS ACADEMIC - POLICING THE EMOTIONALLY DISTURBED
969161,3/18/2020,RTS ACADEMIC - PEOPLE IN CRISIS
969161,3/12/2020,BATON
969161,3/12/2020,RTS ACADEMIC - COLLECTING AND PROCESSING EVIDENCE
969161,3/10/2020,HIGHWAY DRUG IMPAIRED DRIVING COURSE
969161,3/10/2020,HIGHWAY PRELIMINARY BREATH TEST INSTRUMENT TRAINING - PBT
969161,3/10/2020,"PTTD CARDIO ENDURANCE TEST, 1ST ATTEMPT"
969161,3/6/2020,RECRUIT BASIC FIREARMS QUALIFICATION AND TRAINING
969161,2/28/2020,FIRST AID WRITEN EXAM
969161,2/27/2020,RTS ACADEMIC - ARREST PROCESSING
969161,2/27/2020,RTS ACADEMIC - STRESS MANAGEMENT FOR POLICE OFFICERS
969161,2/26/2020,CROSSFIRE MITIGATION DURING CLOSE COMBAT INCIDENTS
969161,2/26/2020,CROSSFIRE MITIGATION DURING CLOSE COMBAT INCIDENTS - PART 2
969161,2/26/2020,DISCHARGING YOUR FIREARM AT A MOVING THREAT
969161,2/26/2020,"SUPPORT SERVICES DIVISION - CLASS ""C"" OPERATOR"
969161,2/26/2020,TRANSIT BUREAU - SAFETY CONSIDERATIONS FOR PATROLLING THE NYC SUBWAY SYSTEM
969161,2/26/2020,TRANSIT BUREAU - SAFETY CONSIDERATIONS FOR PATROLLING THE NYC SUBWAY SYSTEM - PART 2
969161,2/26/2020,TRANSIT BUREAU - TIMELY RESUMPTION OF SERVICE IN NYC TRANSIT
969161,2/26/2020,UTILIZING BALLISTIC PROTECTION IN DEPARTMENT VEHICLES (4:09)
969161,2/25/2020,ACTIVITY LOG FOR IPHONE
969161,2/25/2020,"CPS INTERIOR PATROL OF HOUSING AUTHORITY BUILDINGS, PG 212-60 ROLL CALL VIDEO 1"
969161,2/25/2020,"CPS INTERIOR PATROL OF HOUSING AUTHORITY BUILDINGS, PG 212-60 ROLL CALL VIDEO 2"
969161,2/25/2020,CPS INTERIOR PATROL TRESPASS AFFIDAVIT PROGRAM (TAP) VIDEO 1
969161,2/25/2020,CPS INTERIOR PATROL TRESPASS AFFIDAVIT PROGRAM (TAP) VIDEO 2
969161,2/25/2020,CRIMINAL JUSTICE REFORM ACT ROLL CALL TRAINING PART 1
969161,2/25/2020,CRIMINAL JUSTICE REFORM ACT ROLL CALL TRAINING PART 2
969161,2/25/2020,PATROL- POLYCARBONATE SHIELD
969161,2/25/2020,PERSONNEL BUREAU NYPD EMPLOYEE ASSISTANCE UNIT (EAU)
969161,2/25/2020,POLICE COMMISSIONERS MESSAGE - VICTIMS OF SEXUAL ASSAULT VIDEO
969161,2/25/2020,PROCESSING DISCOVERY MATERIAL IN THE FORMS ARREST FOLDER
969161,2/24/2020,AMERICANS WITH DISABILITIES ACT (ADA)
969161,2/24/2020,COLLABORATIVE POLICING - ELDER ABUSE
969161,2/24/2020,COLLABORATIVE POLICING - MEDIATION REFERRAL PROGRAM FOR NON-CRIMINAL COMPLAINTS
969161,2/24/2020,COLLABORATIVE POLICING - THE DEAF AND HARD OF HEARING COMMUNITY
969161,2/24/2020,COLLABORATIVE POLICING- ACCESSING TELEPHONIC INTERPRETERS VIA LANGUAGE LINE
969161,2/24/2020,COLLABORATIVE POLICING- FOREIGN LANGUAGE CERTIFICATION VIDEO
969161,2/24/2020,COMMUNICATIONS- THE PROPER USAGE OF THE IDA RADIO CODES
969161,2/24/2020,EQUAL EMPLOYMENT OPPORTUNITY TRANSGENDER DIVERSITY AND INCLUSION:EXECUTIVE ORDER 16
969161,2/24/2020,EQUAL EMPLOYMENT OPPORTUNITYTRAINING - SEXUAL HARASSMENT AWARENESS AND PREVENTION
969161,2/24/2020,LEGAL BUREAU - PERJURY TRAINING MODULE
969161,2/24/2020,LEGAL BUREAU PERFORMANCE METRICS - PROHIBITED CONDUCT
969161,2/24/2020,NYC RIGHT TO KNOW ACT LEGISLATION - PART 2
969161,2/24/2020,RAISE THE AGE
969161,2/24/2020,SHIELD OF RESILIENCE TRAINING COURSE
969161,2/21/2020,CJB - DESK APPEARANCE TICKETS: THE NEW LAWS AND GUIDELINES FOR PROCESSING DATS
969161,2/21/2020,CJB - OVERVIEW OF THE NEW DISCOVERY LAWS
969161,2/21/2020,CRIMINAL JUSTICE BUREAU - DNA TRAINING VIDEO
969161,2/21/2020,CRIMINAL JUSTICE BUREAU - GIGLIO MATERIAL DISCLOSURES UNDER THE NEW DISCOVERY LAWS
969161,2/21/2020,CRITICAL DECISION MAKING MODEL
969161,2/21/2020,DOMESTIC VIOLENCE EDUCATION AND COUNSELING
969161,2/21/2020,FORCE POLICY UPDATE VIDEO
969161,2/21/2020,INVESTIGATIVE ENCOUNTERS-VIDEO #1 REQUEST FOR INFO-UNIT TRAINING FEB 2016
969161,2/21/2020,INVESTIGATIVE ENCOUNTERS-VIDEO #2 COMMON LAW RIGHT OF INQUIRY-UNIT TRAINING MAY 2016
969161,2/21/2020,INVESTIGATIVE ENCOUNTERS-VIDEO #3 TERRY STOPS AND REASONABLE SUSPICION-UNIT TRAINING JUNE 2016
969161,2/21/2020,INVESTIGATIVE ENCOUNTERS-VIDEO #4 DOCUMENTATION AND SUPERVISION-UNIT TRAINING JULY 2016
969161,2/21/2020,MARIJUANA POLICY UPDATE
969161,2/21/2020,NARCAN NASAL SPRAY TRAINING
969161,2/21/2020,NEW PERFORMANCE EVALUATION PROCESS
969161,2/21/2020,NYC RIGHT TO KNOW ACT LEGISLATION – PART 1
969161,2/21/2020,PUBLIC CONTACT AND CONSENT TO SEARCH (RIGHT TO KNOW) - UNIT TRAINING AUGUST 2016
969161,2/21/2020,RESPONDING TO COMMERCIAL ROBBERIES
969161,2/21/2020,RESPONDING TO COMMERCIAL ROBBERIES PART LL - MODULE 1 AND MODULE 2
969161,2/21/2020,RESPONDING TO PEOPLE IN CRISIS - MODULE 1: SENDING THE RIGHT SIGNALS
969161,2/21/2020,RESPONDING TO PEOPLE IN CRISIS - MODULES 2 AND 3: ACTIVE LISTENING PARTS 1 AND 2
969161,2/21/2020,RESPONDING TO PEOPLE IN CRISIS – MODULE 4: USING DEPARTMENT MOBILE DIGITAL DEVICES
969161,2/21/2020,RESPONDING TO PEOPLE IN CRISIS-INTRODUCTION TO CIT VIDEO SERIES
969161,2/21/2020,SAFEGUARDING PRISONERS - OFFICER SAFETY GUIDELINES
969161,2/21/2020,TACTICAL AWARENESS-SMARTPHONE SAFETY
969161,2/21/2020,TRAINING BUREAU - ACCREDITATION FAMILIARIZATION TRAINING
969161,2/21/2020,WORLDPRIDE NYC 2019
969161,2/20/2020,PTTD C.P.R. / A.E.D. WRITTEN EXAM
969161,2/20/2020,RTS ACADEMIC - DISCRETION
969161,2/20/2020,RTS ACADEMIC - NEIGHBORHOOD POLICING
969161,2/20/2020,RTS ACADEMIC - POLICING A MULTICULTURAL SOCIETY
969161,2/20/2020,RTS ACADEMIC - POLICING IMPARTIALLY
969161,2/20/2020,RTS ACADEMIC - POLICING PROFESSIONALLY
969161,2/19/2020,RTS ACADEMIC - FAIR AND IMPARCIAL POLICING
969161,2/18/2020,PTTD CPR PRACTICAL EXAM
969161,2/18/2020,RTS ACADEMIC - AUTHORITY TO ARREST
969161,2/18/2020,RTS ACADEMIC - INTRODUCTION TO LAW AND JUSTICE
969161,2/18/2020,RTS ACADEMIC - POLICING LEGALLY
969161,2/18/2020,RTS ACADEMIC - USE OF FORCE
969161,2/17/2020,POLICE ACADEMY RECRUIT 1ST TRIMESTER EXAM
969161,2/14/2020,POLICE ACADEMY RECRUIT STOP QUESTION & FRISK WRITTEN EXAM
969161,2/14/2020,RTS ACADEMIC - BODY-WORN CAMERA TRAINING WITH SCENARIOS
969161,2/13/2020,PTTD DEFENSIVE TACTICS PRACTICAL EXAM
969161,2/11/2020,RTS ACADEMIC - INVESTIGATION AND REPORT WRITING
969161,2/10/2020,JOB STANDARDS TEST ATTEMPT #1
969161,1/31/2020,FRISKING AND HANDCUFFING
969161,1/31/2020,RTS ACADEMIC - GENERAL REGULATIONS
969161,1/17/2020,RTS ACADEMIC - INTRO TO NYPD
969161,1/9/2020,EQUAL EMPLOYMENT OPPORTUNITY FOR NEW HIRES
969161,1/6/2020,POLICE ACADEMY RECRUIT PREREADING EXAM
969161,11/9/2015,EMERGENCY VEHICLE OPERATION JULY 07 - PRESENT
969161,11/9/2015,FIELD TRAINING PROGRAM JULY 07 - PRESENT
969161,11/9/2015,PHYSICAL EDUCATION PART 1: FOUNDATIONS OF PHYSICAL FITNESS
969161,11/9/2015,PHYSICAL EDUCATION PART 2: DEFENSIVE TACTICS JULY 07 - PRESENT
969161,11/9/2015,PHYSICAL EDUCATION PART 3: AMERICAN HEART ASSOCIATION BASIC LIFE SUPPORT
969161,11/9/2015,POLICE CRISIS INTERVENTION JULY 07 - PRESENT
969161,11/9/2015,POLICE FIELD PROBLEMS JULY 07 - PRESENT
969161,11/9/2015,POLICE INVESTIGATION AND REPORTING JULY 07 - PRESENT
969161,11/9/2015,POLICING A DEMOCRACY JULY 07 - PRESENT
969161,11/9/2015,POLICING SPECIAL POPULATIONS JULY 07 - PRESENT
969161,11/9/2015,PROCEDURAL LAW JULY 07 - PRESENT
969161,11/9/2015,SUBSTANTIVE LAW JULY 07 - PRESENT
969161,11/9/2015,TERRORISM AWARENESS AND RESPONSE JULY 07 - PRESENT
954037,6/16/2025,SQF REVIEW AND DOCUMENTATION: SQF MODULE 10
954037,5/19/2025,CONVICTED OFFENDER DNA DATABANK SPECIMEN COLLECTION KIT
954037,3/3/2025,MULTI-FACTOR AUTHENTICATION MFA TRAINING
954037,2/12/2025,2025 IDENTIFYING THE IMPAIRED DRIVER REFRESHER
954037,2/12/2025,CELL BLOCK FIRESHIELD EV BLANKETS
954037,2/12/2025,KEVIN AND AVONTE SAFE HOME PROGRAM
954037,2/11/2025,ACTIVE SHOOTER - SCHOOL RESPONSE PROTOCOL
954037,1/27/2025,RIGHT TO KNOW ACT SQF MODULE 9
954037,1/27/2025,VEHICLE PURSUITS
954037,12/17/2024,INFORMATION SECURITY AWARENESS TRAINING 2024
954037,12/17/2024,NOTIFICATION OF ALLEGATIONS AND EMPLOYEE RIGHTS
954037,12/2/2024,BEHAVIORAL HEALTH EMERGENCY ASSISTANCE RESPONSE DIVISION B-HEARD
954037,12/2/2024,DRIVING WHILE INTOXICATED AWARENESS VIDEO MODULE 1
954037,12/2/2024,EMPLOYEE ASSISTANCE UNIT (E.A.U.) IS HERE FOR YOU- 2024
954037,12/2/2024,LEAVING THE SCENE COLLISIONS INVESTIGATIVE BEST PRACTICES
954037,12/2/2024,NYCHA INTERIOR PATROL: SQF MODULE 7
954037,11/12/2024,FAMILY BUILDING
954037,11/12/2024,NORTHWELL DIRECT FINEST CARE PROGRAM FOR UMOS
954037,8/28/2024,APX NEXT PORTABLE AND RADIO DISCIPLINE TRAINING VIDEO
954037,8/28/2024,MENTAL HEALTH INVOLUNTARY REMOVALS MHL 9.41 AND MHL 9.58
954037,8/28/2024,RACIAL PROFILING AND BIASED BASED POLICING: SQF MODULE 8
954037,8/28/2024,RAPE IS RAPE
954037,8/28/2024,UNMANNED AIRCRAFT SYSTEMS VISUAL OBSERVER
954037,8/5/2024,ASSISTING SURVIVORS OF SEXUAL BASED VIOLENCE WITH ACCESS TO RESOURCES
954037,8/5/2024,DRIVE SMART 2024
954037,7/24/2024,2024 EQUAL EMPLOYMENT OPPORTUNITY TRAINING - SEXUAL HARASSMENT AWARENESS AND PREVENTION
954037,6/26/2024,LEVEL 1 AND LEVEL 2 INVESTIGATIVE ENCOUNTERS
954037,6/26/2024,TACTICS WHEN ENGAGING INDIVIDUALS IN A MENTAL HEALTH CRISIS
954037,5/31/2024,2024 VEHICLE SEIZURE FORM REFRESHER
954037,5/31/2024,ACCURATE COMPLAINT REPORT CLASSIFICATION
954037,5/31/2024,HOUSING BUREAU INTERIOR PATROL TACTICS
954037,4/22/2024,POLICING THE SUBWAY 2024
954037,3/14/2024,LGBTQIA PLUS - DIVERSITY AND INCLUSION
954037,10/10/2023,2023 SUMMER ALL-OUT BODY WORN CAMERA TRAINING
954037,7/1/2023,2023 EQUAL EMPLOYMENT OPPORTUNITY TRAINING-SEXUAL HARASSMENT AWARENESS AND PREVENTION
954037,6/21/2023,FTS - ANNUAL CEW RECERTIFICATION
954037,1/4/2023,CLT-VOLUNTARY - INVOLUNTARY TRANSPORTS
954037,9/16/2022,FTS - ANNUAL CEW RECERTIFICATION
954037,6/9/2022,ACTIVE BYSTANDERSHIP FOR LAW ENFORCEMENT (ABLE): ONE DAY COURSE
954037,5/25/2022,PROHIBITED METHODS OF RESTRAINT
954037,10/29/2021,FTS - ANNUAL CEW RECERTIFICATION
954037,10/12/2021,ECMS TRAINING BUREAU
954037,9/16/2021,MAYOR EXECUTIVE ORDER 78 VACCINATION - TESTING COMPLIANCE POLICY
954037,8/4/2021,EQUAL EMPLOYMENT OPPORTUNITY TRAINING - SEXUAL HARASSMENT AWARENESS AND PREVENTION 2021
954037,5/13/2021,EQUAL EMPLOYMENT OPPORTUNITY TRAINING - LGBTQIA+ DIVERSITY AND INCLUSION / EXECUTIVE ORDER 16 OF 201
954037,4/6/2021,SRG - RAPID MOBILIZATION (PATROL) LEVEL 3
954037,3/8/2021,"CUSTOMER SERVICE PROGRAM:  ROLL CALL MODULE 2, COMMUNICATION SKILLS"
954037,2/15/2021,CLT-OCCUPATIONAL-WORKPLACE SAFETY AND HEALTH
954037,2/14/2021,"CUSTOMER SERVICE PROGRAM:  ROLL CALL MODULE 1, INTRODUCTION TO PRECINCT GREETER PROGRAM"
954037,12/8/2020,EQUAL EMPLOYMENT OPPORTUNITY TRAINING - LEAVE TO EXPRESS BREAST MILK
954037,10/27/2020,SRG - RAPID MOBILIZATION (PATROL) LEVEL 3
954037,9/25/2020,"EQUAL EMPLOYMENT OPPORTUNITY TRAINING - SEXUAL HARASSMENT, AWARENESS AND PREVENTION"
954037,9/16/2020,2020-2021 DETECTIVE BUREAU - TEAM TACTICS REFRESHER
954037,7/21/2020,NEW LAWS AFFECTING POLICE OFFICERS’ CRIMINAL AND CIVIL LIABILITY
954037,6/11/2020,COVID-19: PREPAREDNESS YOUR FAMILY AND HOME
954037,6/3/2020,"AXON BODY-WORN CAMERA TRAINING - CAMERA OPERATION, AXON VIEW AND EVIDENCE.COM (REQUIRED FOR LE4 COMM"
954037,6/3/2020,COVID-19: PREPAREDENESS
954037,6/3/2020,COVID-19: PROTECTIVE MASKS
954037,6/2/2020,CLT-MEMBER-EMPLOYEE WELLNESS
954037,3/21/2020,PROCESSING DISCOVERY MATERIAL IN THE FORMS ARREST FOLDER
954037,3/21/2020,UTILIZING BALLISTIC PROTECTION IN DEPARTMENT VEHICLES (4:09)
954037,3/18/2020,CRIMINAL JUSTICE BUREAU - GIGLIO MATERIAL DISCLOSURES UNDER THE NEW DISCOVERY LAWS
954037,1/31/2020,"CLT-UNIFORMS, PERSONAL APPEARANCE AND EQUIPMENT"
954037,1/14/2020,CROSSFIRE MITIGATION DURING CLOSE COMBAT INCIDENTS
954037,1/14/2020,CROSSFIRE MITIGATION DURING CLOSE COMBAT INCIDENTS - PART 2
954037,12/28/2019,ACTIVITY LOG FOR IPHONE
954037,12/28/2019,CJB - DESK APPEARANCE TICKETS: THE NEW LAWS AND GUIDELINES FOR PROCESSING DATS
954037,12/28/2019,CJB - OVERVIEW OF THE NEW DISCOVERY LAWS
954037,12/21/2019,DISCHARGING YOUR FIREARM AT A MOVING THREAT
954037,12/21/2019,RESPONDING TO COMMERCIAL ROBBERIES PART LL - MODULE 1 AND MODULE 2
954037,11/20/2019,2019-20 IN-SERVICE CYCLE - CRITICAL INCIDENT TACTICS AND DEVELOPING EFFECTIVE LEADERSHIP SKILLS
954037,11/13/2019,TACTICAL COMMUNICATIONS
954037,11/12/2019,PROFESSIONAL CONDUCT IN THE WORKPLACE
954037,11/7/2019,CRIMINAL JUSTICE BUREAU - DNA TRAINING VIDEO
954037,11/7/2019,CRITICAL DECISION MAKING MODEL
954037,11/1/2019,FORCE POLICY UPDATE VIDEO
954037,11/1/2019,MARIJUANA POLICY UPDATE
954037,10/31/2019,DOMESTIC VIOLENCE EDUCATION AND COUNSELING
954037,10/29/2019,FTS - ANNUAL CEW RECERTIFICATION
954037,9/7/2019,SHIELD OF RESILIENCE TRAINING COURSE
954037,8/29/2019,RESPONDING TO COMMERCIAL ROBBERIES
954037,7/25/2019,RESPONDING TO PEOPLE IN CRISIS – MODULE 4: USING DEPARTMENT MOBILE DIGITAL DEVICES
954037,7/25/2019,TRANSIT BUREAU - SAFETY CONSIDERATIONS FOR PATROLLING THE NYC SUBWAY SYSTEM
954037,7/25/2019,TRANSIT BUREAU - SAFETY CONSIDERATIONS FOR PATROLLING THE NYC SUBWAY SYSTEM - PART 2
954037,7/25/2019,TRANSIT BUREAU - TIMELY RESUMPTION OF SERVICE IN NYC TRANSIT
954037,6/25/2019,WORLDPRIDE NYC 2019
954037,6/7/2019,COLLABORATIVE POLICING - MEDIATION REFERRAL PROGRAM FOR NON-CRIMINAL COMPLAINTS
954037,5/24/2019,COLLABORATIVE POLICING - THE DEAF AND HARD OF HEARING COMMUNITY
954037,5/24/2019,RESPONDING TO PEOPLE IN CRISIS - MODULES 2 AND 3: ACTIVE LISTENING PARTS 1 AND 2
954037,5/1/2019,2017-2019 IN-SERVICE CYCLE-INVESTIGATIVE ENCOUNTERS- BASIC TRAINING WITH SCENARIOS
954037,4/9/2019,LEGAL BUREAU - PERJURY TRAINING MODULE
954037,4/9/2019,SAFEGUARDING PRISONERS - OFFICER SAFETY GUIDELINES
954037,4/4/2019,2017-2019 IN-SERVICE CYCLE-INTEGRATED TACTICS
954037,2/23/2019,CLT-ENFORCEMENT ACTIONS
954037,2/23/2019,COLLABORATIVE POLICING - ELDER ABUSE
954037,2/12/2019,RESPONDING TO PEOPLE IN CRISIS - MODULE 1: SENDING THE RIGHT SIGNALS
954037,2/12/2019,"SUPPORT SERVICES DIVISION - CLASS ""C"" OPERATOR"
954037,2/5/2019,EQUAL EMPLOYMENT OPPORTUNITYTRAINING - SEXUAL HARASSMENT AWARENESS AND PREVENTION
954037,2/1/2019,TEXT TO 911 - INTRODUCTION
954037,1/15/2019,PATROL DOOR BAG - ROPE AND WEDGE INTRODUCTION
954037,1/8/2019,BTK (BELT TRAUMA KIT DISTRIBUTION AND FAMILIARIZATION)
954037,12/18/2018,MARIJUANA BURNING ENFORCEMENT POLICY
954037,12/12/2018,AMERICANS WITH DISABILITIES ACT (ADA)
954037,11/21/2018,CLT-PROCEDURAL OPERATIONS
954037,11/7/2018,FTS - CEW END USER CERTIFICATION
954037,11/7/2018,FTS - CEW X26P HOLSTER TRAINING AND DISTRIBUTION
954037,10/19/2018,RESPONDING TO PEOPLE IN CRISIS-INTRODUCTION TO CIT VIDEO SERIES
954037,10/9/2018,NYC RIGHT TO KNOW ACT LEGISLATION - PART 2
954037,10/9/2018,NYC RIGHT TO KNOW ACT LEGISLATION – PART 1
954037,9/14/2018,RAISE THE AGE
954037,8/31/2018,CLT-ENFORCEMENT ACTIONS
954037,8/31/2018,CLT-LEGAL ISSUES
954037,8/29/2018,CLT-ENFORCEMENT ACTIONS
954037,8/29/2018,CLT-SPECIAL POPULATIONS
954037,8/23/2018,CLT-PROCEDURAL OPERATIONS
954037,8/15/2018,CLT-ENFORCEMENT ACTIONS
954037,8/7/2018,CPS FAIR AND IMPARTIAL POLICING - ALL POS AND DETS
954037,8/2/2018,"CLT-UNIFORMS, PERSONAL APPEARANCE AND EQUIPMENT"
954037,7/7/2018,CLT-ENFORCEMENT ACTIONS
954037,7/7/2018,CLT-LEGAL ISSUES
954037,7/7/2018,CLT-PROCEDURAL OPERATIONS
954037,6/27/2018,COMMUNICATIONS- THE PROPER USAGE OF THE IDA RADIO CODES
954037,5/29/2018,CLT-DOCUMENTATION AND FORMS
954037,5/29/2018,CLT-INFORMATION TECHNOLOGY
954037,3/1/2018,LEGAL BUREAU PERFORMANCE METRICS - PROHIBITED CONDUCT
954037,1/17/2018,COLLABORATIVE POLICING- FOREIGN LANGUAGE CERTIFICATION VIDEO
954037,12/28/2017,INFORMATION SECURITY AWARENESS TRAINING
954037,12/12/2017,PSB MARIJUANA FIELD TESTING
954037,12/5/2017,CPS BODY-WORN CAMERA TRAINING WITH SCENARIOS
954037,11/1/2017,NARCAN NASAL SPRAY TRAINING
954037,10/12/2017,COLLABORATIVE POLICING- ACCESSING TELEPHONIC INTERPRETERS VIA LANGUAGE LINE
954037,9/21/2017,PATROL- POLYCARBONATE SHIELD
954037,7/26/2017,ADVANCED TACTICAL FIREARMS TRAINING COURSE
954037,7/14/2017,"CPS INTERIOR PATROL OF HOUSING AUTHORITY BUILDINGS, PG 212-60 ROLL CALL VIDEO 1"
954037,7/14/2017,"CPS INTERIOR PATROL OF HOUSING AUTHORITY BUILDINGS, PG 212-60 ROLL CALL VIDEO 2"
954037,7/14/2017,CPS INTERIOR PATROL TRESPASS AFFIDAVIT PROGRAM (TAP) VIDEO 1
954037,7/14/2017,CPS INTERIOR PATROL TRESPASS AFFIDAVIT PROGRAM (TAP) VIDEO 2
954037,7/14/2017,PERSONNEL BUREAU NYPD EMPLOYEE ASSISTANCE UNIT (EAU)
954037,7/14/2017,POLICE COMMISSIONERS MESSAGE - VICTIMS OF SEXUAL ASSAULT VIDEO
954037,5/25/2017,CRIMINAL JUSTICE REFORM ACT ROLL CALL TRAINING PART 1
954037,5/25/2017,CRIMINAL JUSTICE REFORM ACT ROLL CALL TRAINING PART 2
954037,5/25/2017,EQUAL EMPLOYMENT OPPORTUNITY TRANSGENDER DIVERSITY AND INCLUSION:EXECUTIVE ORDER 16
954037,5/10/2017,2016-17 INSERVICE CYCLE-PHYSICAL TACTICS
954037,4/27/2017,PUBLIC CONTACT AND CONSENT TO SEARCH (RIGHT TO KNOW) - UNIT TRAINING AUGUST 2016
954037,1/5/2017,HATE CRIMES AND BIAS-RELATED INCIDENTS
954037,11/4/2016,FORCE POLICY REVISION-VIDEO-PG 221-UNIT TRAINING MAY 2016
954037,8/5/2016,PLAIN CLOTHES TRAINING CERTIFIED BASIC PLAIN-CLOTHES COURSE
954037,6/30/2016,INVESTIGATIVE ENCOUNTERS-VIDEO #4 DOCUMENTATION AND SUPERVISION-UNIT TRAINING JULY 2016
954037,6/14/2016,INVESTIGATIVE ENCOUNTERS-VIDEO #3 TERRY STOPS AND REASONABLE SUSPICION-UNIT TRAINING JUNE 2016
954037,5/24/2016,INVESTIGATIVE ENCOUNTERS-VIDEO #2 COMMON LAW RIGHT OF INQUIRY-UNIT TRAINING MAY 2016
954037,4/21/2016,CABARET/CLUB ENFORCEMENT TRAINING
954037,2/23/2016,INVESTIGATIVE ENCOUNTERS-VIDEO #1 REQUEST FOR INFO-UNIT TRAINING FEB 2016
954037,2/22/2016,FORCE POLICY REVISION-PAMPHLET - PG 221 - UNIT TRAINING DECEMBER 2015
954037,1/7/2016,DOMAIN AWARENESS SYSTEM
954037,11/24/2015,FORCE POLICY REVISION-PAMPHLET - PG 221 - UNIT TRAINING DECEMBER 2015
954037,11/9/2015,EMERGENCY VEHICLE OPERATION JULY 07 - PRESENT
954037,11/9/2015,FIELD TRAINING PROGRAM JULY 07 - PRESENT
954037,11/9/2015,PHYSICAL EDUCATION PART 1: FOUNDATIONS OF PHYSICAL FITNESS
954037,11/9/2015,PHYSICAL EDUCATION PART 2: DEFENSIVE TACTICS JULY 07 - PRESENT
954037,11/9/2015,PHYSICAL EDUCATION PART 3: AMERICAN HEART ASSOCIATION BASIC LIFE SUPPORT
954037,11/9/2015,POLICE CRISIS INTERVENTION JULY 07 - PRESENT
954037,11/9/2015,POLICE FIELD PROBLEMS JULY 07 - PRESENT
954037,11/9/2015,POLICE INVESTIGATION AND REPORTING JULY 07 - PRESENT
954037,11/9/2015,POLICING A DEMOCRACY JULY 07 - PRESENT
954037,11/9/2015,POLICING SPECIAL POPULATIONS JULY 07 - PRESENT
954037,11/9/2015,PROCEDURAL LAW JULY 07 - PRESENT
954037,11/9/2015,SUBSTANTIVE LAW JULY 07 - PRESENT
954037,11/9/2015,TERRORISM AWARENESS AND RESPONSE JULY 07 - PRESENT
954037,11/3/2015,FUNDAMENTALS OF AUTO THEFT INVESTIGATION
954037,11/3/2015,WINDOWS PHONE TRAINING AND DISTRIBUTION
954037,8/7/2015,CRISIS INTERVENTION TEAM TRAINING
954037,7/9/2015,12 PASSENGER VAN / UTILITY VEHICLE QUALIFICATION
954037,6/12/2015,20K TRAINING INITIATIVE - PHYSICAL TACTICS
954037,6/5/2015,20K TRAINING INITIATIVE - SMART POLICING
954037,5/27/2015,20K TRAINING INITIATIVE - FOUNDATIONS OF POLICING
954037,6/27/2013,POLICE ACADEMY RECRUIT CIMS WRITTEN EXAM
954037,6/25/2013,POLICE ACADEMY RECRUIT IMMERSION WRITTEN EXAM
954037,6/24/2013,POLICE ACADEMY RECRUIT NCIC WRITTEN EXAM
954037,6/24/2013,POLICE ACADEMY RECRUIT NIMS 700 WRITTEN EXAM
954037,6/21/2013,PTTD DEFENSIVE TACTICS REVIEW WRITTEN EXAM
954037,6/7/2013,DISORDER CONTROL TRAINING
954037,6/7/2013,POLICE ACADEMY RECRUIT 3RD TRIMESTER EXAM
954037,6/4/2013,RECRUIT TACTICS FIREARMS QUALIFICATION
954037,6/4/2013,SPECIAL WEAPON FAMILIARIZATION CERTIFIED
954037,5/29/2013,RECRUIT TACTICAL FIREARMS QUALIFICATION AND TRAINING
954037,5/21/2013,OFF DUTY PISTOL CERTIFIED
954037,5/21/2013,RECRUIT TACTICAL FIREARMS QUALIFICATION AND TRAINING OFF DUTY PISTOL CERTIFIED
954037,5/19/2013,THREE WHEEL SCOOTER CERTIFIED
954037,5/7/2013,COBRA - COHORT TRAINING
954037,5/6/2013,COBRA - COHORT TRAINING
954037,5/3/2013,PTTD WEAPONS DEFENSE
954037,5/3/2013,RECRUIT BASIC FIREARMS QUALIFICATION AND TRAINING
954037,4/24/2013,PROPERTY EVIDENCE TRACKING SYSTEM
954037,4/17/2013,RECRUIT TRAINING COMPUTER COURSE
954037,4/11/2013,RECRUIT RMP QUALIFICATION / RMP OPERATOR QUALIFIED
954037,4/8/2013,POLICE ACADEMY RECRUIT 2ND TRIMESTER EXAM
954037,4/4/2013,FIRST AID WRITEN EXAM
954037,4/2/2013,PTTD WATER SAFETY
954037,3/28/2013,GROUND TACTICS
954037,3/15/2013,PTTD EXPANDABLE BATON
954037,3/13/2013,BATON
954037,3/6/2013,PTTD DEFENSIVE TACTICS PRACTICAL EXAM
954037,3/5/2013,"PTTD CARDIO ENDURANCE TEST, 1ST ATTEMPT"
954037,3/1/2013,POLICE ACADEMY RECRUIT JUSTIFICATION WRITTEN EXAM
954037,2/25/2013,POLICE ACADEMY RECRUIT 1ST TRIMESTER EXAM
954037,2/19/2013,JOB STANDARDS TEST ATTEMPT #1
954037,2/18/2013,POLICE ACADEMY RECRUIT 1ST TRIMESTER PRACTICE WRITTEN EXAM
954037,2/15/2013,POLICE ACADEMY RECRUIT STOP QUESTION & FRISK WRITTEN EXAM
954037,2/11/2013,FRISKING AND HANDCUFFING
954037,2/6/2013,PTTD C.P.R. / A.E.D. WRITTEN EXAM
954037,2/5/2013,PTTD CPR PRACTICAL EXAM
954037,1/22/2013,PTTD JOB STANDARDS TEST ASSESSMENT
954037,1/15/2013,POLICE ACADEMY RECRUIT PREREADING EXAM
954037,1/9/2013,THREE WHEEL SCOOTER CERTIFIED
954037,1/9/2013,TWO WHEEL SCOOTER (WITH TACTICS) CERTIFIED
951364,6/4/2025,2025 EQUAL EMPLOYMENT OPPORTUNITY TRAINING - SEXUAL HARASSMENT AWARENESS AND PREVENTION
951364,6/4/2025,NOTIFICATION OF ALLEGATIONS AND EMPLOYEE RIGHTS
951364,6/4/2025,SQF REVIEW AND DOCUMENTATION: SQF MODULE 10
951364,5/26/2025,NORTHWELL DIRECT FINEST CARE PROGRAM FOR UMOS
951364,5/1/2025,CRISIS INTERVENTION TEAM TRAINING
951364,1/24/2025,ACCURATE COMPLAINT REPORT CLASSIFICATION
951364,1/24/2025,ASSISTING SURVIVORS OF SEXUAL BASED VIOLENCE WITH ACCESS TO RESOURCES
951364,1/24/2025,DRIVE SMART 2024
951364,1/24/2025,RIGHT TO KNOW ACT SQF MODULE 9
951364,1/24/2025,UNMANNED AIRCRAFT SYSTEMS VISUAL OBSERVER
951364,1/24/2025,VEHICLE PURSUITS
951364,1/15/2025,2025 IDENTIFYING THE IMPAIRED DRIVER REFRESHER
951364,1/15/2025,DRIVING WHILE INTOXICATED AWARENESS VIDEO MODULE 1
951364,1/15/2025,RACIAL PROFILING AND BIASED BASED POLICING: SQF MODULE 8
951364,1/10/2025,ACTIVE SHOOTER - SCHOOL RESPONSE PROTOCOL
951364,8/21/2024,RAPE IS RAPE
951364,6/28/2024,LEVEL 1 AND LEVEL 2 INVESTIGATIVE ENCOUNTERS
951364,6/12/2024,FTS - ANNUAL CEW RECERTIFICATION
951364,4/30/2024,2024 EQUAL EMPLOYMENT OPPORTUNITY TRAINING - SEXUAL HARASSMENT AWARENESS AND PREVENTION
951364,4/8/2024,2024 VEHICLE SEIZURE FORM REFRESHER
951364,4/8/2024,NYCHA INTERIOR PATROL: SQF MODULE 7
951364,4/8/2024,POLICING THE SUBWAY 2024
951364,3/5/2024,AUTISM SPECTRUM DISORDER
951364,3/5/2024,LGBTQIA PLUS - DIVERSITY AND INCLUSION
951364,12/20/2023,"INVESTIGATIVE ENCOUNTERS 2023: MODULE 4 SQF LEVELS 2, 3 AND 4"
951364,12/20/2023,INVESTIGATIVE ENCOUNTERS SUMMARY: SQF MODULE 6
951364,12/20/2023,OPIOID DANGERS- FENTANYL AND CARFENTANIL
951364,12/13/2023,AUGMENTED REALITY FEATURE
951364,12/13/2023,INVESTIGATIVE ENCOUNTERS 2023: MODULE 5 SQF LEVELS 3 AND 4
951364,8/2/2023,TRAFFIC COURT TESTIMONY VIDEO
951364,7/7/2023,FTS - ANNUAL CEW RECERTIFICATION
951364,6/27/2023,2023 EQUAL EMPLOYMENT OPPORTUNITY TRAINING-SEXUAL HARASSMENT AWARENESS AND PREVENTION
951364,6/9/2023,INTERNAL INVESTIGATORS COURSE
951364,6/7/2023,2023 LANGUAGE MATTERS - FOSTERING A POSITIVE WORK ENVIRONMENT
951364,3/29/2023,INVESTIGATIVE ENCOUNTERS 2023: MODULE 3 SQF LEVEL 2
951364,2/17/2023,CLT-PROFESSIONAL DEVELOPMENT
951364,2/3/2023,NYPD-U VOLUNTARY - INVOLUNTARY TRANSPORTS
951364,2/3/2023,RAISING THE LOWER AGE OF JUVENILE DELINQUENCY
951364,1/11/2023,CLT-VOLUNTARY - INVOLUNTARY TRANSPORTS
951364,1/11/2023,INVESTIGATIVE ENCOUNTERS 2023 - MODULE 1 INTRODUCTION TO SQF
951364,1/11/2023,INVESTIGATIVE ENCOUNTERS 2023: MODULE 2 SQF LEVEL 1
951364,1/6/2023,CLT-VOLUNTARY - INVOLUNTARY TRANSPORTS
951364,12/2/2022,VIDEO 2 -TACTICAL CONSIDERATIONS FOR TRANSIT PATROL 2022 (PART 1)
951364,12/2/2022,VIDEO 3 - TACTICAL CONSIDERATIONS FOR TRANSIT PATROL 2022 (PART 2)
951364,12/2/2022,VIDEO 4 - PLATFORM SAFETY 2022
951364,12/1/2022,VIDEO 1 - PATROLLING THE NYC SUBWAY SYSTEM 2022
951364,11/15/2022,CLT-BWC POLICY UPDATES
951364,11/8/2022,CLT-COMMUNICATION STRATEGIES AND AIDS
951364,11/4/2022,CLT-BWC POLICY UPDATES
951364,10/28/2022,BELT-WORN TRAUMA KIT REFRESHER TRAINING VIDEO-2022
951364,10/28/2022,CONVICTED OFFENDER DNA DATABANK SPECIMEN COLLECTION KIT
951364,10/28/2022,VEHICLE SEIZURE FORM
951364,10/26/2022,CLT-BWC POLICY UPDATES
951364,10/21/2022,FTS - ANNUAL CEW RECERTIFICATION
951364,10/14/2022,FIELD TRAINING OFFICER - DCJS - 5-DAY CERTIFICATION
951364,10/3/2022,CLT-LEGAL ISSUES
951364,9/27/2022,THE EMPLOYEE ASSISTANCE UNIT (EAU) IS HERE FOR YOU
951364,9/26/2022,CLT-DOCUMENTATION AND FORMS
951364,9/19/2022,CLT-ENFORCEMENT ACTIONS
951364,9/9/2022,CLT-PROCEDURAL OPERATIONS
951364,9/3/2022,CLT-PROCEDURAL OPERATIONS
951364,9/1/2022,CLT-COMMUNICATION STRATEGIES AND AIDS
951364,8/31/2022,NYPD JOUVERT  WEST INDIAN DAY
951364,8/20/2022,2022 EQUAL EMPLOYMENT OPPORTUNITY TRAINING-SEXUAL HARASSMENT AWARENESS AND PREVENTION
951364,8/19/2022,CLT-PROFESSIONAL DEVELOPMENT
951364,8/11/2022,CLT-NIBRS ROLL CALL TRAINING
951364,8/5/2022,CLT-BWC POLICY UPDATES
951364,7/29/2022,CLT-BWC POLICY UPDATES
951364,7/21/2022,CLT-CRIME CONTROL STRATEGIES AND PROBLEM SOLVING
951364,7/15/2022,CLT-CRIME CONTROL STRATEGIES AND PROBLEM SOLVING
951364,7/7/2022,CLT-NIBRS ROLL CALL TRAINING
951364,7/6/2022,"INTEGRATING COMMUNICATION, ASSESSMENT AND TACTICS (ICAT) MODULE 6"
951364,6/24/2022,BEST PRACTICES IN STRUCTURED INTERVIEWING
951364,6/24/2022,CAR STOP TACTICS FOR PATROL OFFICERS - MODULE 1: CONTROLLING THE STOP
951364,6/24/2022,CAR STOP TACTICS FOR PATROL OFFICERS - MODULE 2: PROHIBITED MANEUVERS
951364,6/24/2022,CAR STOP TACTICS FOR PATROL OFFICERS - MODULE 3: THE UNKNOWN RISK STOP
951364,6/24/2022,CAR STOP TACTICS FOR PATROL OFFICERS - MODULE 4: THE HIGH-RISK STOP
951364,6/23/2022,CLT-NIBRS ROLL CALL TRAINING
951364,6/21/2022,CLT-DOCUMENTATION AND FORMS
951364,6/16/2022,NATIONAL INCIDENT-BASED REPORTING SYSTEM (NIBRS) UPDATES TO THE OMNIFORM COMPLAINT SYSTEMV
951364,6/15/2022,CLT-NIBRS ROLL CALL TRAINING
951364,6/13/2022,CLT-ENFORCEMENT ACTIONS
951364,6/9/2022,CLT-ENFORCEMENT ACTIONS
951364,6/7/2022,CLT-ENFORCEMENT ACTIONS
951364,6/1/2022,"INTEGRATING COMMUNICATION, ASSESSMENT AND TACTICS (ICAT) MODULE 5"
951364,5/31/2022,CLT-ENFORCEMENT ACTIONS
951364,5/28/2022,PROHIBITED METHODS OF RESTRAINT
951364,5/17/2022,CLT-COMMUNICATION STRATEGIES AND AIDS
951364,4/22/2022,ILERSBA - INITIAL LAW ENFORCMENT RESPONSE TO SUICIDE BOMBING ATTACKS
951364,4/15/2022,CLT-TACTICAL AWARENESS AND OFFICER SAFETY
951364,4/13/2022,CLT-TACTICAL AWARENESS AND OFFICER SAFETY
951364,4/7/2022,CLT-SEARCHING PRISONERS MODULE 1
951364,4/1/2022,CLT-EQUAL EMPLOYMENT OPPORTUNITY
951364,3/31/2022,CLT-BWC POLICY UPDATES
951364,3/29/2022,CLT-OCCUPATIONAL-WORKPLACE SAFETY AND HEALTH
951364,3/23/2022,CLT-BWC POLICY UPDATES
951364,3/22/2022,CLT-OCCUPATIONAL-WORKPLACE SAFETY AND HEALTH
951364,3/17/2022,"INTEGRATING COMMUNICATION, ASSESSMENT AND TACTICS (ICAT) MODULE 4"
951364,3/15/2022,CLT-TACTICAL AWARENESS AND OFFICER SAFETY
951364,3/9/2022,ACTIVE BYSTANDERSHIP FOR LAW ENFORCEMENT (ABLE): ONE DAY COURSE
951364,3/7/2022,CLT-OCCUPATIONAL-WORKPLACE SAFETY AND HEALTH
951364,2/23/2022,CLT-OCCUPATIONAL-WORKPLACE SAFETY AND HEALTH
951364,2/20/2022,ILLEGAL EVICTIONS
951364,2/16/2022,"INTEGRATING COMMUNICATION, ASSESSMENT AND TACTICS (ICAT) MODULE 3"
951364,2/15/2022,CLT-LEGAL ISSUES
951364,1/25/2022,CLT-EJUSTICE ORDER OF PROTECTION SEARCH
951364,1/25/2022,IDENTIFYING THE IMPAIRED DRIVER
951364,1/21/2022,CLT-EPERMIT SYSTEM
951364,1/14/2022,"INTEGRATING COMMUNICATION, ASSESSMENT AND TACTICS (ICAT) MODULE 2"
951364,1/13/2022,CLT-EPERMIT SYSTEM
951364,1/13/2022,LOCAL LAW 45 OF 2021-TRAFFIC ENCOUNTERS
951364,12/24/2021,CLT-OCCUPATIONAL-WORKPLACE SAFETY AND HEALTH
951364,12/20/2021,AWARENESS AND RESPONSE TO BIOLOGICAL INCIDENTS
951364,12/15/2021,CLT-EJUSTICE ORDER OF PROTECTION SEARCH
951364,12/8/2021,"INTEGRATING COMMUNICATION, ASSESSMENT AND TACTICS (ICAT) MODULE 1"
951364,12/7/2021,CLT-EQUAL EMPLOYMENT OPPORTUNITY
951364,11/23/2021,NEIGHBORHOOD POLICING APPLICATION TRAINING VIDEO
951364,11/17/2021,CLT-OCCUPATIONAL-WORKPLACE SAFETY AND HEALTH
951364,11/9/2021,CLT-OCCUPATIONAL-WORKPLACE SAFETY AND HEALTH
951364,11/3/2021,CLT-OCCUPATIONAL-WORKPLACE SAFETY AND HEALTH
951364,10/26/2021,FTS - CEW END USER CERTIFICATION
951364,10/23/2021,ARRESTS - RELIGIOUS HEAD COVERING GUIDELINES (PG 208-83)
951364,10/22/2021,CPS BODY-WORN CAMERA TRAINING WITH SCENARIOS
951364,10/21/2021,SERGEANTS DEVELOPMENT COURSE
951364,10/19/2021,BODY-WORN CAMERA REVIEW PART TWO
951364,10/19/2021,CLT-OCCUPATIONAL-WORKPLACE SAFETY AND HEALTH
951364,10/11/2021,CLT-OCCUPATIONAL-WORKPLACE SAFETY AND HEALTH
951364,10/7/2021,BODY-WORN CAMERA REVIEW PART ONE
951364,10/7/2021,OPIOID OVERDOSE RECOGNITION AND NARCAN ADMINISTRATION -2021
951364,9/28/2021,EQUAL EMPLOYMENT OPPORTUNITY TRAINING FOR UNIFORM SUPERVISORS
951364,9/27/2021,TACTICAL LEADERSHIP
951364,9/15/2021,INFORMATION SECURITY AWARENESS TRAINING 2021
951364,9/14/2021,MAYOR EXECUTIVE ORDER 78 VACCINATION - TESTING COMPLIANCE POLICY
951364,8/25/2016,NON-STANDARD WEAPONS SCHOOL
951364,3/7/2016,FORCE POLICY REVISION-PAMPHLET - PG 221 - UNIT TRAINING DECEMBER 2015
951364,11/9/2015,EMERGENCY VEHICLE OPERATION JULY 07 - PRESENT
951364,11/9/2015,FIELD TRAINING PROGRAM JULY 07 - PRESENT
951364,11/9/2015,PHYSICAL EDUCATION PART 1: FOUNDATIONS OF PHYSICAL FITNESS
951364,11/9/2015,PHYSICAL EDUCATION PART 2: DEFENSIVE TACTICS JULY 07 - PRESENT
951364,11/9/2015,PHYSICAL EDUCATION PART 3: AMERICAN HEART ASSOCIATION BASIC LIFE SUPPORT
951364,11/9/2015,POLICE CRISIS INTERVENTION JULY 07 - PRESENT
951364,11/9/2015,POLICE FIELD PROBLEMS JULY 07 - PRESENT
951364,11/9/2015,POLICE INVESTIGATION AND REPORTING JULY 07 - PRESENT
951364,11/9/2015,POLICING A DEMOCRACY JULY 07 - PRESENT
951364,11/9/2015,POLICING SPECIAL POPULATIONS JULY 07 - PRESENT
951364,11/9/2015,PROCEDURAL LAW JULY 07 - PRESENT
951364,11/9/2015,SUBSTANTIVE LAW JULY 07 - PRESENT
951364,11/9/2015,TERRORISM AWARENESS AND RESPONSE JULY 07 - PRESENT
951364,11/3/2015,FUNDAMENTALS OF AUTO THEFT INVESTIGATION
951364,9/3/2015,DOMAIN AWARENESS SYSTEM
951364,9/13/2014,DETECTIVE BUREAU: BASIC UNDERCOVER COURSE
951364,5/8/2014,COBRA - COHORT TRAINING
951364,4/16/2014,IN-TAC TRAINING PROGRAM
951364,3/5/2014,PLAIN CLOTHES TRAINING CERTIFIED BASIC PLAIN-CLOTHES COURSE
951364,2/26/2014,STREET NARCOTICS ENFORCEMENT UNIT SNEU
951364,4/24/2013,DISORDER CONTROL TRAINING
951364,5/4/2012,UF 250 - OPERATION IMPACT REFRESHER CERTIFIED
951364,4/19/2012,DISORDER CONTROL TRAINING
951364,11/30/2011,PROPERTY EVIDENCE TRACKING SYSTEM
951364,11/17/2011,COBRA - COHORT TRAINING
951364,,RECRUIT RMP QUALIFICATION / RMP OPERATOR QUALIFIED
960264,6/24/2025,EAU 2025 POLICE COMMISSIONER JESSICA S. TISCH
960264,5/21/2025,2025 EQUAL EMPLOYMENT OPPORTUNITY TRAINING - SEXUAL HARASSMENT AWARENESS AND PREVENTION
960264,3/25/2025,FTS - CEW TASER 7 TRANSITION COURSE
960264,2/28/2025,LEAVING THE SCENE COLLISIONS INVESTIGATIVE BEST PRACTICES
960264,2/28/2025,RIGHT TO KNOW ACT SQF MODULE 9
960264,1/23/2025,CELL BLOCK FIRESHIELD EV BLANKETS
960264,1/23/2025,KEVIN AND AVONTE SAFE HOME PROGRAM
960264,1/23/2025,VEHICLE PURSUITS
960264,1/8/2025,ACTIVE SHOOTER - SCHOOL RESPONSE PROTOCOL
960264,12/17/2024,2024 EQUAL EMPLOYMENT OPPORTUNITY TRAINING - SEXUAL HARASSMENT AWARENESS AND PREVENTION
960264,12/3/2024,DRIVING WHILE INTOXICATED AWARENESS VIDEO MODULE 1
960264,11/12/2024,FAMILY BUILDING
960264,11/12/2024,NORTHWELL DIRECT FINEST CARE PROGRAM FOR UMOS
960264,8/20/2024,RAPE IS RAPE
960264,8/20/2024,UNMANNED AIRCRAFT PERMIT: DRONES FOR PUBLIC USE
960264,7/10/2024,MENTAL HEALTH INVOLUNTARY REMOVALS MHL 9.41 AND MHL 9.58
960264,7/10/2024,OPIOID DANGERS- FENTANYL AND CARFENTANIL
960264,7/10/2024,TACTICS WHEN ENGAGING INDIVIDUALS IN A MENTAL HEALTH CRISIS
960264,6/26/2024,ASSISTING SURVIVORS OF SEXUAL BASED VIOLENCE WITH ACCESS TO RESOURCES
960264,6/26/2024,AUTISM SPECTRUM DISORDER
960264,6/26/2024,LEVEL 1 AND LEVEL 2 INVESTIGATIVE ENCOUNTERS
960264,4/12/2024,POLICING THE SUBWAY 2024
960264,11/13/2023,2023 SUMMER ALL-OUT BODY WORN CAMERA TRAINING
960264,11/13/2023,EFFECTIVE COMMUNICATION SKILLS - DEAF OR HARD OF HEARING
960264,11/13/2023,INFORMATION SECURITY AWARENESS TRAINING - 2023
960264,11/13/2023,INVESTIGATIVE ENCOUNTERS 2023: MODULE 5 SQF LEVELS 3 AND 4
960264,11/13/2023,NYPD JOUVERT AND WEST INDIAN DAY-2023
960264,11/13/2023,NYPD RECRUITMENT TRAINING VIDEO
960264,11/13/2023,VEHICLE MOUNTED VIDEO SYSTEM
960264,8/1/2023,ELDER ABUSE -2023 REFRESHER
960264,7/12/2023,TRAFFIC COURT TESTIMONY VIDEO
960264,6/9/2023,2023 EQUAL EMPLOYMENT OPPORTUNITY TRAINING-SEXUAL HARASSMENT AWARENESS AND PREVENTION
960264,6/9/2023,"INVESTIGATIVE ENCOUNTERS 2023: MODULE 4 SQF LEVELS 2, 3 AND 4"
960264,5/25/2023,2023 LANGUAGE MATTERS - FOSTERING A POSITIVE WORK ENVIRONMENT
960264,5/25/2023,ESPER POLICY LIBRARY
960264,2/8/2023,INVESTIGATIVE ENCOUNTERS 2023 - MODULE 1 INTRODUCTION TO SQF
960264,2/8/2023,NYPD-U VOLUNTARY - INVOLUNTARY TRANSPORTS
960264,2/8/2023,RAISING THE LOWER AGE OF JUVENILE DELINQUENCY
960264,1/16/2023,INVESTIGATIVE ENCOUNTERS 2023: MODULE 2 SQF LEVEL 1
960264,1/16/2023,NYPD JOUVERT  WEST INDIAN DAY
960264,1/16/2023,VIDEO 1 - PATROLLING THE NYC SUBWAY SYSTEM 2022
960264,11/30/2022,DRONE ASSESSMENT AND RESPONSE TACTICS (AWR-404)
960264,11/28/2022,PROCESSING CIVILIAN COMPLAINTS
960264,11/21/2022,LGBTQIA PLUS AWARENESS
960264,10/25/2022,FTS - ANNUAL CEW RECERTIFICATION
960264,9/13/2022,THE EMPLOYEE ASSISTANCE UNIT (EAU) IS HERE FOR YOU
960264,8/10/2022,2022 EQUAL EMPLOYMENT OPPORTUNITY TRAINING-SEXUAL HARASSMENT AWARENESS AND PREVENTION
960264,8/10/2022,CONVICTED OFFENDER DNA DATABANK SPECIMEN COLLECTION KIT
960264,8/10/2022,VEHICLE SEIZURE FORM
960264,6/6/2022,BEST PRACTICES IN STRUCTURED INTERVIEWING
960264,6/6/2022,NATIONAL INCIDENT-BASED REPORTING SYSTEM (NIBRS) UPDATES TO THE OMNIFORM COMPLAINT SYSTEMV
960264,5/25/2022,PROHIBITED METHODS OF RESTRAINT
960264,5/24/2022,CHEST SEAL DISTRIBUTION AND FAMILIARIZATION
960264,4/29/2022,CONTERTERRORISM BUREAU SITE PROTECTION THROUGH OBSERVATIONAL TECHNIQUES
960264,4/18/2022,CLT-EPERMIT SYSTEM
960264,3/8/2022,AWARENESS AND RESPONSE TO BIOLOGICAL INCIDENTS
960264,1/12/2022,IDENTIFYING THE IMPAIRED DRIVER
960264,1/12/2022,"INTEGRATING COMMUNICATION, ASSESSMENT AND TACTICS (ICAT) MODULE 3"
960264,1/12/2022,LOCAL LAW 45 OF 2021-TRAFFIC ENCOUNTERS
960264,11/11/2021,FTS - ANNUAL CEW RECERTIFICATION
960264,11/9/2021,"INTEGRATING COMMUNICATION, ASSESSMENT AND TACTICS (ICAT) MODULE 2"
960264,11/8/2021,"INTEGRATING COMMUNICATION, ASSESSMENT AND TACTICS (ICAT) MODULE 1"
960264,11/4/2021,ARRESTS - RELIGIOUS HEAD COVERING GUIDELINES (PG 208-83)
960264,11/4/2021,BODY-WORN CAMERA REVIEW PART ONE
960264,11/4/2021,BODY-WORN CAMERA REVIEW PART TWO
960264,11/4/2021,OPIOID OVERDOSE RECOGNITION AND NARCAN ADMINISTRATION -2021
960264,10/21/2021,ACTIVE BYSTANDERSHIP FOR LAW ENFORCEMENT (ABLE): ONE DAY COURSE
960264,10/13/2021,FTS - BI-WEEKLY FIREARMS PRACTICE SESSION
960264,9/18/2021,INFORMATION SECURITY AWARENESS TRAINING 2021
960264,9/13/2021,MAYOR EXECUTIVE ORDER 78 VACCINATION - TESTING COMPLIANCE POLICY
960264,7/30/2021,COUNTER TERRORISM LAW ENFORCEMENT PREVENTION AND DETERRENCE OF TERRORIST ATTACKS
960264,7/28/2021,EQUAL EMPLOYMENT OPPORTUNITY TRAINING - SEXUAL HARASSMENT AWARENESS AND PREVENTION 2021
960264,7/19/2021,BALLISTIC VEST DISTRIBUTION PROGRAM
960264,5/20/2021,OVERVIEW OF THE NEW DISCOVERY LAWS 2021 REFRESHER
960264,5/18/2021,EMPLOYEE ASSISTANCE UNIT-2021
960264,5/18/2021,PATROL GUIDE 215-17 POLICE ACTIONS RELATED QUESTIONING ARRESTS AND INVESTIGATIONS AT A NYC DEPARTMEN
960264,4/19/2021,BALLISTIC VEST MEASUREMENT PROGRAM
960264,3/31/2021,EQUAL EMPLOYMENT OPPORTUNITY TRAINING - LGBTQIA+ DIVERSITY AND INCLUSION / EXECUTIVE ORDER 16 OF 201
960264,3/26/2021,DESK APPEARANCE TICKETS: THE NEW LAW AND THE NEW GUIDELINES FOR PROCESSING DAT'S - 2021 REFRESHER
960264,3/18/2021,CUSTOMER SERVICE PROGRAM: HOW DID WE DO
960264,3/10/2021,"CUSTOMER SERVICE PROGRAM:  ROLL CALL MODULE 1, INTRODUCTION TO PRECINCT GREETER PROGRAM"
960264,3/10/2021,"CUSTOMER SERVICE PROGRAM:  ROLL CALL MODULE 2, COMMUNICATION SKILLS"
960264,3/3/2021,ILERSBA - INITIAL LAW ENFORCMENT RESPONSE TO SUICIDE BOMBING ATTACKS
960264,1/26/2021,COVID VACCINE DISTRIBUTION AND EDUCATION
960264,12/17/2020,EQUAL EMPLOYMENT OPPORTUNITY TRAINING - LEAVE TO EXPRESS BREAST MILK
960264,9/24/2020,FTS - ANNUAL CEW RECERTIFICATION
960264,7/7/2020,"EQUAL EMPLOYMENT OPPORTUNITY TRAINING - SEXUAL HARASSMENT, AWARENESS AND PREVENTION"
960264,7/7/2020,NEW LAWS AFFECTING POLICE OFFICERS’ CRIMINAL AND CIVIL LIABILITY
960264,7/7/2020,VICTIM BLAMING AND RELEASE OF INFORMATION TO THE MEDIA
960264,6/25/2020,HEALTH AND WELLNESS SECTION - MODULE 12 - IN THAT DARK PLACE - AN OFFICER'S JOURNEY
960264,6/14/2020,COVID-19: PREPAREDNESS YOUR FAMILY AND HOME
960264,6/14/2020,INVESTIGATIVE ENCOUNTERS-VIDEO #2 COMMON LAW RIGHT OF INQUIRY-UNIT TRAINING MAY 2016
960264,5/26/2020,HEALTH AND WELLNESS SECTION - MODULE 1 - PSYCHOLOGICAL HEALTH AND WELLNESS
960264,5/26/2020,HEALTH AND WELLNESS SECTION - MODULE 10 - SEEKING AND RECEIVING MENTAL HEALTH SUPPORT
960264,5/26/2020,HEALTH AND WELLNESS SECTION - MODULE 11 - HEALTH AND RESILIENCY
960264,5/26/2020,HEALTH AND WELLNESS SECTION - MODULE 2 - JOB COUNSELING AND STRESS
960264,5/26/2020,HEALTH AND WELLNESS SECTION - MODULE 3 - WARNING SIGNS
960264,5/26/2020,HEALTH AND WELLNESS SECTION - MODULE 4 - CUMULATIVE TRAUMA
960264,5/26/2020,HEALTH AND WELLNESS SECTION - MODULE 5 - GAINING PERSPECTIVE
960264,5/26/2020,HEALTH AND WELLNESS SECTION - MODULE 6 - COPING WITH SIGNS OF ANXIETY DEPRESSION
960264,5/26/2020,HEALTH AND WELLNESS SECTION - MODULE 7 - LEADING WITH COMPASSION
960264,5/26/2020,"HEALTH AND WELLNESS SECTION - MODULE 8 - WARNING SIGNS, SUPPORT AND OUTREACH"
960264,5/26/2020,HEALTH AND WELLNESS SECTION - MODULE 9 - MANAGING STRESS ON THE JOB
960264,5/13/2020,COVID-19: PREPAREDENESS
960264,5/13/2020,COVID-19: PROTECTIVE MASKS
960264,5/13/2020,SAFETY CONSIDERATIONS FOR PATROLLING THE NYC SUBWAY SYSTEM -DANGERS OF THE PLATFORM EDGE
960264,3/13/2020,"HME - HOMEMADE EXPLOSIVES: AWARENESS, RECOGNITION, AND RESPONSE"
960264,3/5/2020,2020 WOMENS CONFERENCE - MEDITATION
960264,3/5/2020,2020 WOMENS CONFERENCE - UNIFORMED RETIREMENT PLANNING
960264,3/5/2020,WOMENS CONFERENCE
960264,3/2/2020,UTILIZING BALLISTIC PROTECTION IN DEPARTMENT VEHICLES (4:09)
960264,2/28/2020,FTS - TACTICAL TRAINING CENTER 024 PCT - SESSION 2
960264,2/25/2020,COUNTER TERRORISM INITIAL PATROL RESPONSE TO AN ACTIVE SHOOTER
960264,2/19/2020,CRIMINAL JUSTICE BUREAU - GIGLIO MATERIAL DISCLOSURES UNDER THE NEW DISCOVERY LAWS
960264,1/20/2020,CROSSFIRE MITIGATION DURING CLOSE COMBAT INCIDENTS - PART 2
960264,12/31/2019,ACTIVITY LOG FOR IPHONE
960264,12/31/2019,CROSSFIRE MITIGATION DURING CLOSE COMBAT INCIDENTS
960264,12/31/2019,SAFEGUARDING HOSPITALIZED PRISONERS
960264,12/27/2019,FTS - ANNUAL CEW RECERTIFICATION
960264,12/25/2019,CLT-PROCEDURAL OPERATIONS
960264,12/3/2019,CJB - DESK APPEARANCE TICKETS: THE NEW LAWS AND GUIDELINES FOR PROCESSING DATS
960264,12/3/2019,CJB - OVERVIEW OF THE NEW DISCOVERY LAWS
960264,12/3/2019,RESPONDING TO COMMERCIAL ROBBERIES PART LL - MODULE 1 AND MODULE 2
960264,11/17/2019,DISCHARGING YOUR FIREARM AT A MOVING THREAT
960264,10/30/2019,PRISONER ESCAPE WARNING SIGNS
960264,10/30/2019,SUCCESSFULLY DISARMING AN EMOTIONALLY DISTURBED PERSON
960264,10/18/2019,CLT-PROFESSIONAL DEVELOPMENT
960264,10/17/2019,CRIMINAL JUSTICE BUREAU - DNA TRAINING VIDEO
960264,10/17/2019,CRITICAL DECISION MAKING MODEL
960264,10/17/2019,FORCE POLICY UPDATE VIDEO
960264,10/17/2019,MARIJUANA POLICY UPDATE
960264,9/23/2019,2019-20 IN-SERVICE CYCLE - CRITICAL INCIDENT TACTICS AND DEVELOPING EFFECTIVE LEADERSHIP SKILLS
960264,9/5/2019,DOMESTIC VIOLENCE EDUCATION AND COUNSELING
960264,9/4/2019,SHIELD OF RESILIENCE TRAINING COURSE
960264,8/12/2019,RESPONDING TO COMMERCIAL ROBBERIES
960264,8/11/2019,CRITICAL INCIDENT TACTICS - RESPONDING TO COMMERCIAL ROBBERIES (EXTENDED VERSION)
960264,8/11/2019,DISCUSSION - BASED LEARNING MODULE # 1-3
960264,7/6/2019,TRANSIT BUREAU - SAFETY CONSIDERATIONS FOR PATROLLING THE NYC SUBWAY SYSTEM
960264,7/6/2019,TRANSIT BUREAU - SAFETY CONSIDERATIONS FOR PATROLLING THE NYC SUBWAY SYSTEM - PART 2
960264,7/6/2019,TRANSIT BUREAU - TIMELY RESUMPTION OF SERVICE IN NYC TRANSIT
960264,6/27/2019,CLT-SPECIAL POPULATIONS
960264,6/26/2019,INVESTIGATIVE ENCOUNTERS-VIDEO #1 REQUEST FOR INFO-UNIT TRAINING FEB 2016
960264,6/26/2019,RESPONDING TO PEOPLE IN CRISIS – MODULE 4: USING DEPARTMENT MOBILE DIGITAL DEVICES
960264,6/12/2019,WORLDPRIDE NYC 2019
960264,6/6/2019,COLLABORATIVE POLICING - MEDIATION REFERRAL PROGRAM FOR NON-CRIMINAL COMPLAINTS
960264,5/21/2019,COLLABORATIVE POLICING - THE DEAF AND HARD OF HEARING COMMUNITY
960264,5/2/2019,RESPONDING TO PEOPLE IN CRISIS - MODULES 2 AND 3: ACTIVE LISTENING PARTS 1 AND 2
960264,4/3/2019,CLT-SPECIAL POPULATIONS
960264,4/3/2019,FACILITIES MANAGEMENT DIVISION - MUNICIPAL SEPERATE STORM SEWER SYSTEM (MS4)
960264,4/3/2019,LEGAL BUREAU - PERJURY TRAINING MODULE
960264,3/26/2019,CLT-TACTICAL AWARENESS AND OFFICER SAFETY
960264,3/23/2019,CLT-PROPERTY
960264,3/23/2019,SAFEGUARDING PRISONERS - OFFICER SAFETY GUIDELINES
960264,3/16/2019,CLT-COUNTERTERRORISM AND INTELLIGENCE
960264,3/16/2019,CLT-TACTICAL AWARENESS AND OFFICER SAFETY
960264,3/13/2019,CLT-COUNTERTERRORISM AND INTELLIGENCE
960264,3/13/2019,CLT-PROCEDURAL OPERATIONS
960264,3/6/2019,CLT-ENFORCEMENT ACTIONS
960264,3/5/2019,CLT-OCCUPATIONAL-WORKPLACE SAFETY AND HEALTH
960264,3/2/2019,CLT-DOCUMENTATION AND FORMS
960264,3/2/2019,CLT-ENFORCEMENT ACTIONS
960264,3/2/2019,CLT-PROCEDURAL OPERATIONS
960264,3/2/2019,COLLABORATIVE POLICING - ELDER ABUSE
960264,2/16/2019,CLT-COUNTERTERRORISM AND INTELLIGENCE
960264,2/16/2019,CLT-INFORMATION TECHNOLOGY
960264,2/16/2019,CLT-TACTICAL AWARENESS AND OFFICER SAFETY
960264,2/8/2019,CLT-INFORMATION TECHNOLOGY
960264,2/7/2019,CLT-OCCUPATIONAL-WORKPLACE SAFETY AND HEALTH
960264,2/7/2019,CLT-PROCEDURAL OPERATIONS
960264,2/7/2019,CLT-SPECIAL POPULATIONS
960264,2/7/2019,"SUPPORT SERVICES DIVISION - CLASS ""C"" OPERATOR"
960264,2/6/2019,CLT-PROCEDURAL OPERATIONS
960264,1/29/2019,CLT-INFORMATION TECHNOLOGY
960264,1/26/2019,CLT-COUNTERTERRORISM AND INTELLIGENCE
960264,1/26/2019,CLT-TACTICAL AWARENESS AND OFFICER SAFETY
960264,1/24/2019,CLT-ENFORCEMENT ACTIONS
960264,1/24/2019,CLT-SPECIAL POPULATIONS
960264,1/24/2019,CLT-TACTICAL AWARENESS AND OFFICER SAFETY
960264,1/17/2019,CLT-PROCEDURAL OPERATIONS
960264,1/15/2019,CLT-TACTICAL AWARENESS AND OFFICER SAFETY
960264,1/12/2019,CLT-PROCEDURAL OPERATIONS
960264,1/11/2019,CLT-EQUAL EMPLOYMENT OPPORTUNITY
960264,1/11/2019,CLT-OCCUPATIONAL-WORKPLACE SAFETY AND HEALTH
960264,1/11/2019,CLT-PROCEDURAL OPERATIONS
960264,1/10/2019,RESPONDING TO PEOPLE IN CRISIS - MODULE 1: SENDING THE RIGHT SIGNALS
960264,1/5/2019,CLT-COUNTERTERRORISM AND INTELLIGENCE
960264,1/5/2019,CLT-PROCEDURAL OPERATIONS
960264,1/5/2019,PATROL DOOR BAG - ROPE AND WEDGE INTRODUCTION
960264,1/3/2019,TEXT TO 911 - INTRODUCTION
960264,1/2/2019,EQUAL EMPLOYMENT OPPORTUNITYTRAINING - SEXUAL HARASSMENT AWARENESS AND PREVENTION
960264,1/1/2019,MARIJUANA BURNING ENFORCEMENT POLICY
960264,12/26/2018,CLT-ENFORCEMENT ACTIONS
960264,12/22/2018,CLT-HUMAN RESOURCES AND PERSONNEL MATTERS
960264,12/22/2018,CLT-MEMBER-EMPLOYEE WELLNESS
960264,12/22/2018,CLT-OCCUPATIONAL-WORKPLACE SAFETY AND HEALTH
960264,12/22/2018,CLT-SPECIAL POPULATIONS
960264,12/22/2018,"CLT-UNIFORMS, PERSONAL APPEARANCE AND EQUIPMENT"
960264,12/18/2018,CLT-ENFORCEMENT ACTIONS
960264,12/18/2018,CLT-PROCEDURAL OPERATIONS
960264,12/18/2018,CLT-SPECIAL POPULATIONS
960264,12/18/2018,CLT-TACTICAL AWARENESS AND OFFICER SAFETY
960264,12/18/2018,"CLT-UNIFORMS, PERSONAL APPEARANCE AND EQUIPMENT"
960264,11/24/2018,CLT-PROCEDURAL OPERATIONS
960264,11/23/2018,CLT-COUNTERTERRORISM AND INTELLIGENCE
960264,11/23/2018,CLT-HUMAN RESOURCES AND PERSONNEL MATTERS
960264,11/23/2018,CLT-OCCUPATIONAL-WORKPLACE SAFETY AND HEALTH
960264,11/23/2018,"CLT-UNIFORMS, PERSONAL APPEARANCE AND EQUIPMENT"
960264,11/20/2018,CLT-ENFORCEMENT ACTIONS
960264,11/17/2018,"CLT-INTEGRITY, ETHICS AND DISCIPLINE"
960264,11/17/2018,CLT-PROCEDURAL OPERATIONS
960264,11/17/2018,CLT-PROFESSIONAL DEVELOPMENT
960264,11/12/2018,CPS FAIR AND IMPARTIAL POLICING - ALL POS AND DETS
960264,11/11/2018,INVESTIGATIVE ENCOUNTERS-VIDEO #3 TERRY STOPS AND REASONABLE SUSPICION-UNIT TRAINING JUNE 2016
960264,11/11/2018,INVESTIGATIVE ENCOUNTERS-VIDEO #4 DOCUMENTATION AND SUPERVISION-UNIT TRAINING JULY 2016
960264,11/11/2018,NEW PERFORMANCE EVALUATION PROCESS
960264,11/10/2018,AMERICANS WITH DISABILITIES ACT (ADA)
960264,11/10/2018,CLT-PROCEDURAL OPERATIONS
960264,11/6/2018,CLT-SPECIAL POPULATIONS
960264,10/31/2018,FTS - ANNUAL CEW RECERTIFICATION
960264,10/27/2018,CLT-PROCEDURAL OPERATIONS
960264,10/25/2018,CLT-COUNTERTERRORISM AND INTELLIGENCE
960264,10/25/2018,CLT-CRIME CONTROL STRATEGIES AND PROBLEM SOLVING
960264,10/25/2018,CLT-INFORMATION TECHNOLOGY
960264,10/24/2018,CLT-PROCEDURAL OPERATIONS
960264,10/20/2018,CLT-PROCEDURAL OPERATIONS
960264,10/18/2018,CLT-PROCEDURAL OPERATIONS
960264,10/16/2018,PUBLIC CONTACT AND CONSENT TO SEARCH (RIGHT TO KNOW) - UNIT TRAINING AUGUST 2016
960264,10/16/2018,RESPONDING TO PEOPLE IN CRISIS-INTRODUCTION TO CIT VIDEO SERIES
960264,10/10/2018,CLT-OCCUPATIONAL-WORKPLACE SAFETY AND HEALTH
960264,10/2/2018,CLT-TACTICAL AWARENESS AND OFFICER SAFETY
960264,9/29/2018,CLT-COUNTERTERRORISM AND INTELLIGENCE
960264,9/29/2018,CLT-PROCEDURAL OPERATIONS
960264,9/29/2018,CLT-TACTICAL AWARENESS AND OFFICER SAFETY
960264,9/26/2018,NYC RIGHT TO KNOW ACT LEGISLATION - PART 2
960264,9/26/2018,NYC RIGHT TO KNOW ACT LEGISLATION – PART 1
960264,9/22/2018,CLT-PROCEDURAL OPERATIONS
960264,9/20/2018,CLT-ENFORCEMENT ACTIONS
960264,9/19/2018,CLT-ENFORCEMENT ACTIONS
960264,9/19/2018,CLT-PROCEDURAL OPERATIONS
960264,9/13/2018,CLT-INFORMATION TECHNOLOGY
960264,9/8/2018,CLT-LEGAL ISSUES
960264,9/7/2018,CLT-OCCUPATIONAL-WORKPLACE SAFETY AND HEALTH
960264,9/6/2018,CLT-COUNTERTERRORISM AND INTELLIGENCE
960264,9/6/2018,CLT-PROCEDURAL OPERATIONS
960264,9/5/2018,CLT-ENFORCEMENT ACTIONS
960264,9/5/2018,RAISE THE AGE
960264,8/23/2018,CLT-INFORMATION TECHNOLOGY
960264,8/21/2018,CLT-LEGAL ISSUES
960264,8/17/2018,CLT-LEGAL ISSUES
960264,8/17/2018,CLT-PROCEDURAL OPERATIONS
960264,8/14/2018,CLT-PROCEDURAL OPERATIONS
960264,8/14/2018,CLT-SPECIAL POPULATIONS
960264,8/14/2018,PSB MARIJUANA FIELD TESTING
960264,8/9/2018,CLT-LEGAL ISSUES
960264,8/4/2018,CLT-OCCUPATIONAL-WORKPLACE SAFETY AND HEALTH
960264,8/2/2018,CLT-COUNTERTERRORISM AND INTELLIGENCE
960264,8/2/2018,CLT-PROCEDURAL OPERATIONS
960264,8/1/2018,CLT-PROCEDURAL OPERATIONS
960264,7/26/2018,CLT-COUNTERTERRORISM AND INTELLIGENCE
960264,7/24/2018,CLT-TACTICAL AWARENESS AND OFFICER SAFETY
960264,7/21/2018,CLT-PROFESSIONAL DEVELOPMENT
960264,7/21/2018,CLT-TACTICAL AWARENESS AND OFFICER SAFETY
960264,7/20/2018,CLT-PROCEDURAL OPERATIONS
960264,7/18/2018,CLT-EQUAL EMPLOYMENT OPPORTUNITY
960264,7/18/2018,CLT-INFORMATION TECHNOLOGY
960264,7/14/2018,CLT-CRIME CONTROL STRATEGIES AND PROBLEM SOLVING
960264,7/12/2018,CLT-TACTICAL AWARENESS AND OFFICER SAFETY
960264,7/4/2018,CLT-OCCUPATIONAL-WORKPLACE SAFETY AND HEALTH
960264,7/4/2018,CLT-PROCEDURAL OPERATIONS
960264,6/30/2018,CLT-INFORMATION TECHNOLOGY
960264,6/29/2018,CLT-COMMUNITY ENGAGEMENT
960264,6/29/2018,CLT-CRIME CONTROL STRATEGIES AND PROBLEM SOLVING
960264,6/29/2018,CLT-LEGAL ISSUES
960264,6/28/2018,CLT-ENFORCEMENT ACTIONS
960264,6/28/2018,CLT-HUMAN RESOURCES AND PERSONNEL MATTERS
960264,6/28/2018,CLT-PROCEDURAL OPERATIONS
960264,6/22/2018,CLT-COUNTERTERRORISM AND INTELLIGENCE
960264,6/22/2018,CLT-PROCEDURAL OPERATIONS
960264,6/19/2018,2017-2019 IN-SERVICE CYCLE-INVESTIGATIVE ENCOUNTERS- BASIC TRAINING WITH SCENARIOS
960264,6/16/2018,FTS - CEW X26P HOLSTER TRAINING AND DISTRIBUTION
960264,6/13/2018,CLT-OCCUPATIONAL-WORKPLACE SAFETY AND HEALTH
960264,6/13/2018,COMMUNICATIONS- THE PROPER USAGE OF THE IDA RADIO CODES
960264,6/8/2018,CPS BODY-WORN CAMERA TRAINING WITH SCENARIOS
960264,6/5/2018,CLT-SPECIAL POPULATIONS
960264,5/26/2018,CLT-OCCUPATIONAL-WORKPLACE SAFETY AND HEALTH
960264,5/25/2018,CLT-SPECIAL POPULATIONS
960264,5/24/2018,CLT-COUNTERTERRORISM AND INTELLIGENCE
960264,5/24/2018,CLT-INFORMATION TECHNOLOGY
960264,5/24/2018,CLT-PROCEDURAL OPERATIONS
960264,5/24/2018,"CLT-UNIFORMS, PERSONAL APPEARANCE AND EQUIPMENT"
960264,4/26/2018,CLT-COUNTERTERRORISM AND INTELLIGENCE
960264,4/26/2018,CLT-TACTICAL AWARENESS AND OFFICER SAFETY
960264,4/21/2018,CLT-PROCEDURAL OPERATIONS
960264,4/15/2018,CLT-TACTICAL AWARENESS AND OFFICER SAFETY
960264,4/6/2018,CLT-DOCUMENTATION AND FORMS
960264,4/5/2018,CLT-PROCEDURAL OPERATIONS
960264,4/4/2018,CLT-PROCEDURAL OPERATIONS
960264,3/31/2018,CLT-COUNTERTERRORISM AND INTELLIGENCE
960264,3/31/2018,CLT-DOCUMENTATION AND FORMS
960264,3/31/2018,"CLT-INTEGRITY, ETHICS AND DISCIPLINE"
960264,3/31/2018,CLT-OCCUPATIONAL-WORKPLACE SAFETY AND HEALTH
960264,3/31/2018,CLT-PROPERTY
960264,3/31/2018,"CLT-UNIFORMS, PERSONAL APPEARANCE AND EQUIPMENT"
960264,2/28/2018,LEGAL BUREAU PERFORMANCE METRICS - PROHIBITED CONDUCT
960264,2/8/2018,CLT-EQUAL EMPLOYMENT OPPORTUNITY
960264,2/7/2018,CLT-EQUAL EMPLOYMENT OPPORTUNITY
960264,1/4/2018,COLLABORATIVE POLICING- FOREIGN LANGUAGE CERTIFICATION VIDEO
960264,12/30/2017,HATE CRIMES AND BIAS-RELATED INCIDENTS
960264,12/20/2017,INFORMATION SECURITY AWARENESS TRAINING
960264,12/14/2017,CRISIS INTERVENTION TEAM TRAINING
960264,12/5/2017,2017-2019 IN-SERVICE CYCLE-INTEGRATED TACTICS
960264,10/18/2017,NARCAN NASAL SPRAY TRAINING
960264,10/18/2017,TACTICAL AWARENESS-SMARTPHONE SAFETY
960264,9/23/2017,COLLABORATIVE POLICING- ACCESSING TELEPHONIC INTERPRETERS VIA LANGUAGE LINE
960264,9/16/2017,PATROL- POLYCARBONATE SHIELD
960264,8/4/2017,FTS - ANNUAL CEW RECERTIFICATION
960264,7/29/2017,CPS INTERIOR PATROL TRESPASS AFFIDAVIT PROGRAM (TAP) VIDEO 1
960264,7/29/2017,CPS INTERIOR PATROL TRESPASS AFFIDAVIT PROGRAM (TAP) VIDEO 2
960264,7/27/2017,PERSONNEL BUREAU NYPD EMPLOYEE ASSISTANCE UNIT (EAU)
960264,7/27/2017,POLICE COMMISSIONERS MESSAGE - VICTIMS OF SEXUAL ASSAULT VIDEO
960264,6/23/2017,"CPS INTERIOR PATROL OF HOUSING AUTHORITY BUILDINGS, PG 212-60 ROLL CALL VIDEO 1"
960264,6/23/2017,"CPS INTERIOR PATROL OF HOUSING AUTHORITY BUILDINGS, PG 212-60 ROLL CALL VIDEO 2"
960264,6/1/2017,2016-17 INSERVICE CYCLE-PHYSICAL TACTICS
960264,5/12/2017,CRIMINAL JUSTICE REFORM ACT ROLL CALL TRAINING PART 1
960264,5/12/2017,CRIMINAL JUSTICE REFORM ACT ROLL CALL TRAINING PART 2
960264,4/26/2017,EQUAL EMPLOYMENT OPPORTUNITY TRANSGENDER DIVERSITY AND INCLUSION:EXECUTIVE ORDER 16
960264,12/22/2016,HATE CRIMES AND BIAS-RELATED INCIDENTS
960264,12/22/2016,X26P TRANSITION COURSE FOR CURRENT X26 END-USER TRAINING
960264,9/21/2016,PUBLIC CONTACT AND CONSENT TO SEARCH (RIGHT TO KNOW) - UNIT TRAINING AUGUST 2016
960264,7/1/2016,BTK (BELT TRAUMA KIT DISTRIBUTION AND FAMILIARIZATION)
960264,7/1/2016,RECRUIT RAPID DEPLOYMENT-ACTIVE SHOOTER
960264,6/30/2016,INVESTIGATIVE ENCOUNTERS-VIDEO #3 TERRY STOPS AND REASONABLE SUSPICION-UNIT TRAINING JUNE 2016
960264,6/29/2016,INVESTIGATIVE ENCOUNTERS-VIDEO #4 DOCUMENTATION AND SUPERVISION-UNIT TRAINING JULY 2016
960264,6/28/2016,POLICE ACADEMY RECRUIT NIMS 700 WRITTEN EXAM
960264,6/24/2016,FORCE POLICY REVISION-VIDEO-PG 221-UNIT TRAINING MAY 2016
960264,6/24/2016,INVESTIGATIVE ENCOUNTERS-VIDEO #1 REQUEST FOR INFO-UNIT TRAINING FEB 2016
960264,6/24/2016,INVESTIGATIVE ENCOUNTERS-VIDEO #2 COMMON LAW RIGHT OF INQUIRY-UNIT TRAINING MAY 2016
960264,6/24/2016,INVESTIGATIVE ENCOUNTERS-VIDEO #4 DOCUMENTATION AND SUPERVISION-UNIT TRAINING JULY 2016
960264,6/21/2016,POLICE ACADEMY RECRUIT JUSTIFICATION WRITTEN EXAM
960264,6/20/2016,POLICE ACADEMY RECRUIT 3RD TRIMESTER EXAM
960264,6/16/2016,PTTD DEFENSIVE TACTICS REVIEW WRITTEN EXAM MAKEUP
960264,5/5/2016,WINDOWS PHONE TRAINING AND DISTRIBUTION
960264,4/29/2016,PTTD WATER SAFETY
960264,4/25/2016,RECRUIT 12 PASSENGER VAN / UTILITY VEHICLE QUALIFICATION
960264,4/22/2016,RECRUIT RMP QUALIFICATION / RMP OPERATOR QUALIFIED
960264,4/14/2016,COBRA - COHORT TRAINING
960264,4/12/2016,CRISIS INTERVENTION TEAM TRAINING
960264,4/8/2016,FIREARMS 5 DAY TACTICAL APPLICATION V2
960264,4/7/2016,FIRST AID WRITEN EXAM
960264,4/4/2016,POLICE ACADEMY RECRUIT 2ND TRIMESTER EXAM
960264,3/29/2016,GROUND TACTICS
960264,3/21/2016,PTTD WEAPONS DEFENSE
960264,3/16/2016,LESS LETHAL TRAINING (X26 TASER)
960264,3/14/2016,OFF DUTY PISTOL CERTIFIED
960264,3/14/2016,RECRUIT TACTICAL FIREARMS QUALIFICATION AND TRAINING OFF DUTY PISTOL CERTIFIED
960264,3/9/2016,RECRUIT TRAINING COMPUTER COURSE
960264,3/4/2016,POLICE ACADEMY RECRUIT STOP QUESTION & FRISK WRITTEN EXAM
960264,3/2/2016,PTTD EXPANDABLE BATON
960264,3/1/2016,BATON
960264,2/25/2016,"PTTD CARDIO ENDURANCE TEST, 1ST ATTEMPT"
960264,2/24/2016,FRISKING AND HANDCUFFING
960264,2/23/2016,RECRUIT BASIC FIREARMS QUALIFICATION AND TRAINING
960264,2/19/2016,PTTD C.P.R. / A.E.D. WRITTEN EXAM
960264,2/17/2016,PTTD C.P.R. / A.E.D. WRITTEN EXAM
960264,2/16/2016,PTTD CPR PRACTICAL EXAM
960264,2/15/2016,POLICE ACADEMY RECRUIT NCIC WRITTEN EXAM
960264,2/10/2016,JOB STANDARDS TEST ATTEMPT #1
960264,2/8/2016,POLICE ACADEMY RECRUIT 1ST TRIMESTER EXAM
960264,2/4/2016,PTTD DEFENSIVE TACTICS PRACTICAL EXAM
960264,2/1/2016,POLICE ACADEMY RECRUIT 1ST TRIMESTER PRACTICE WRITTEN EXAM
960264,1/7/2016,POLICE ACADEMY RECRUIT PREREADING EXAM
960264,1/6/2016,12 PASSENGER VAN / UTILITY VEHICLE QUALIFICATION
960264,1/6/2016,FOUR WHEEL DRIVE TRAINING
960264,11/9/2015,EMERGENCY VEHICLE OPERATION JULY 07 - PRESENT
960264,11/9/2015,FIELD TRAINING PROGRAM JULY 07 - PRESENT
960264,11/9/2015,PHYSICAL EDUCATION PART 1: FOUNDATIONS OF PHYSICAL FITNESS
960264,11/9/2015,PHYSICAL EDUCATION PART 2: DEFENSIVE TACTICS JULY 07 - PRESENT
960264,11/9/2015,PHYSICAL EDUCATION PART 3: AMERICAN HEART ASSOCIATION BASIC LIFE SUPPORT
960264,11/9/2015,POLICE CRISIS INTERVENTION JULY 07 - PRESENT
960264,11/9/2015,POLICE FIELD PROBLEMS JULY 07 - PRESENT
960264,11/9/2015,POLICE INVESTIGATION AND REPORTING JULY 07 - PRESENT
960264,11/9/2015,POLICING A DEMOCRACY JULY 07 - PRESENT
960264,11/9/2015,POLICING SPECIAL POPULATIONS JULY 07 - PRESENT
960264,11/9/2015,PROCEDURAL LAW JULY 07 - PRESENT
960264,11/9/2015,SUBSTANTIVE LAW JULY 07 - PRESENT
960264,11/9/2015,TERRORISM AWARENESS AND RESPONSE JULY 07 - PRESENT
949189,5/27/2025,2025 EQUAL EMPLOYMENT OPPORTUNITY TRAINING - SEXUAL HARASSMENT AWARENESS AND PREVENTION
949189,5/27/2025,SQF REVIEW AND DOCUMENTATION: SQF MODULE 10
949189,5/14/2025,FTS - TASER 7 ANNUAL RECERTIFICATION
949189,1/23/2025,RIGHT TO KNOW ACT SQF MODULE 9
949189,1/23/2025,VEHICLE PURSUITS
949189,1/10/2025,2025 IDENTIFYING THE IMPAIRED DRIVER REFRESHER
949189,1/9/2025,ACTIVE SHOOTER - SCHOOL RESPONSE PROTOCOL
949189,1/9/2025,CELL BLOCK FIRESHIELD EV BLANKETS
949189,1/9/2025,KEVIN AND AVONTE SAFE HOME PROGRAM
949189,1/9/2025,MULTI-FACTOR AUTHENTICATION MFA TRAINING
949189,1/8/2025,INTEGRITY CONTROL OFFICER REFRESHER COURSE
949189,12/13/2024,INFORMATION SECURITY AWARENESS TRAINING 2024
949189,12/9/2024,BEHAVIORAL HEALTH EMERGENCY ASSISTANCE RESPONSE DIVISION B-HEARD
949189,12/9/2024,LEAVING THE SCENE COLLISIONS INVESTIGATIVE BEST PRACTICES
949189,12/5/2024,NOTIFICATION OF ALLEGATIONS AND EMPLOYEE RIGHTS
949189,12/2/2024,DRIVING WHILE INTOXICATED AWARENESS VIDEO MODULE 1
949189,11/6/2024,UNMANNED AIRCRAFT SYSTEMS VISUAL OBSERVER
949189,10/22/2024,DRONE ASSESSMENT AND RESPONSE TACTICS (AWR-404)
949189,10/8/2024,FAMILY BUILDING
949189,9/30/2024,APX NEXT PORTABLE AND RADIO DISCIPLINE TRAINING VIDEO
949189,9/30/2024,DRIVE SMART 2024
949189,9/27/2024,NORTHWELL DIRECT FINEST CARE PROGRAM FOR UMOS
949189,9/4/2024,MENTAL HEALTH INVOLUNTARY REMOVALS MHL 9.41 AND MHL 9.58
949189,9/4/2024,RACIAL PROFILING AND BIASED BASED POLICING: SQF MODULE 8
949189,9/4/2024,TRAINING BUREAU - ACCREDITATION FAMILIARIZATION TRAINING
949189,8/21/2024,RAPE IS RAPE
949189,7/12/2024,FTS - CEW TASER 7 TRANSITION COURSE
949189,7/12/2024,FTS - TASER 7 HOLSTER DISTRIBUTION
949189,6/21/2024,HOUSING BUREAU INTERIOR PATROL TACTICS
949189,6/21/2024,POLICING THE SUBWAY 2024
949189,6/20/2024,ACCURATE COMPLAINT REPORT CLASSIFICATION
949189,6/20/2024,ASSISTING SURVIVORS OF SEXUAL BASED VIOLENCE WITH ACCESS TO RESOURCES
949189,6/20/2024,LEVEL 1 AND LEVEL 2 INVESTIGATIVE ENCOUNTERS
949189,6/20/2024,TACTICS WHEN ENGAGING INDIVIDUALS IN A MENTAL HEALTH CRISIS
949189,4/30/2024,2024 EQUAL EMPLOYMENT OPPORTUNITY TRAINING - SEXUAL HARASSMENT AWARENESS AND PREVENTION
949189,3/21/2024,2024 VEHICLE SEIZURE FORM REFRESHER
949189,3/21/2024,"AXON BODY-WORN CAMERA TRAINING - CAMERA OPERATION, AXON VIEW AND EVIDENCE.COM (REQUIRED FOR LE4 COMM"
949189,3/13/2024,EMPLOYEE ASSISTANCE UNIT (E.A.U.) IS HERE FOR YOU- 2024
949189,3/13/2024,"INVESTIGATIVE ENCOUNTERS 2023: MODULE 4 SQF LEVELS 2, 3 AND 4"
949189,3/13/2024,NYCHA INTERIOR PATROL: SQF MODULE 7
949189,1/19/2024,INFORMATION SECURITY AWARENESS TRAINING - 2023
949189,1/19/2024,INVESTIGATIVE ENCOUNTERS 2023: MODULE 5 SQF LEVELS 3 AND 4
949189,1/18/2024,AUTISM SPECTRUM DISORDER
949189,1/18/2024,LGBTQIA PLUS - DIVERSITY AND INCLUSION
949189,1/18/2024,OPIOID DANGERS- FENTANYL AND CARFENTANIL
949189,1/18/2024,"POSSESSION OR INGESTION OF ANABOLIC STEROIDS, HUMAN GROWTH HORMONE, AND NUTRITIONAL SUPPLEMENTS"
949189,12/20/2023,INVESTIGATIVE ENCOUNTERS SUMMARY: SQF MODULE 6
949189,12/12/2023,FTS - ANNUAL CEW RECERTIFICATION
949189,11/22/2023,AUGMENTED REALITY FEATURE
949189,11/22/2023,EFFECTIVE COMMUNICATION SKILLS - DEAF OR HARD OF HEARING
949189,11/22/2023,ELDER ABUSE -2023 REFRESHER
949189,11/22/2023,NYPD RECRUITMENT TRAINING VIDEO
949189,11/22/2023,VEHICLE MOUNTED VIDEO SYSTEM
949189,8/25/2023,NYPD JOUVERT AND WEST INDIAN DAY-2023
949189,8/9/2023,2023 SUMMER ALL-OUT BODY WORN CAMERA TRAINING
949189,8/9/2023,TRAFFIC COURT TESTIMONY VIDEO
949189,8/9/2023,UNMANNED AIRCRAFT PERMIT: DRONES FOR PUBLIC USE
949189,7/25/2023,2023 EQUAL EMPLOYMENT OPPORTUNITY TRAINING-SEXUAL HARASSMENT AWARENESS AND PREVENTION
949189,6/9/2023,INTERNAL INVESTIGATORS COURSE
949189,4/27/2023,VEHICLE SEIZURE FORM
949189,4/19/2023,2023 LANGUAGE MATTERS - FOSTERING A POSITIVE WORK ENVIRONMENT
949189,4/19/2023,INVESTIGATIVE ENCOUNTERS 2023: MODULE 3 SQF LEVEL 2
949189,3/17/2023,ESPER POLICY LIBRARY
949189,2/22/2023,INFORMATION SECURITY CRIMINAL JUSTICE TRAINING 2023
949189,2/15/2023,CITYTIME TRAINING FOR SUPERVISORS
949189,1/27/2023,NYPD-U VOLUNTARY - INVOLUNTARY TRANSPORTS
949189,1/27/2023,VIDEO 2 -TACTICAL CONSIDERATIONS FOR TRANSIT PATROL 2022 (PART 1)
949189,1/27/2023,VIDEO 3 - TACTICAL CONSIDERATIONS FOR TRANSIT PATROL 2022 (PART 2)
949189,1/20/2023,INVESTIGATIVE ENCOUNTERS 2023 - MODULE 1 INTRODUCTION TO SQF
949189,1/20/2023,INVESTIGATIVE ENCOUNTERS 2023: MODULE 2 SQF LEVEL 1
949189,1/20/2023,RAISING THE LOWER AGE OF JUVENILE DELINQUENCY
949189,1/11/2023,INTERNAL INVESTIGATORS COURSE
949189,12/29/2022,DETECTIVE BUREAU INVESTIGATOR - SUPERVISOR FIVE DAY SEARCH WARRANT TACTICAL COURSE
949189,12/29/2022,DETECTIVE BUREAU SEARCH WARRANT TRAINING
949189,12/13/2022,VIDEO 1 - PATROLLING THE NYC SUBWAY SYSTEM 2022
949189,12/13/2022,VIDEO 4 - PLATFORM SAFETY 2022
949189,11/3/2022,LGBTQIA PLUS AWARENESS
949189,10/11/2022,PROCESSING CIVILIAN COMPLAINTS
949189,10/3/2022,THE EMPLOYEE ASSISTANCE UNIT (EAU) IS HERE FOR YOU
949189,8/29/2022,CAR STOP TACTICS FOR PATROL OFFICERS - MODULE 4: THE HIGH-RISK STOP
949189,8/29/2022,NYPD JOUVERT  WEST INDIAN DAY
949189,8/23/2022,CAR STOP TACTICS FOR PATROL OFFICERS - MODULE 3: THE UNKNOWN RISK STOP
949189,7/21/2022,CAR STOP TACTICS FOR PATROL OFFICERS - MODULE 1: CONTROLLING THE STOP
949189,7/21/2022,CAR STOP TACTICS FOR PATROL OFFICERS - MODULE 2: PROHIBITED MANEUVERS
949189,7/14/2022,2022 EQUAL EMPLOYMENT OPPORTUNITY TRAINING-SEXUAL HARASSMENT AWARENESS AND PREVENTION
949189,6/21/2022,BEST PRACTICES IN STRUCTURED INTERVIEWING
949189,6/21/2022,NATIONAL INCIDENT-BASED REPORTING SYSTEM (NIBRS) UPDATES TO THE OMNIFORM COMPLAINT SYSTEMV
949189,5/27/2022,PROHIBITED METHODS OF RESTRAINT
949189,5/23/2022,FTS - ANNUAL CEW RECERTIFICATION
949189,5/19/2022,INTRODUCTION TO MICROSOFT EXCEL
949189,4/18/2022,PATROL GUIDE 215-17 POLICE ACTIONS RELATED QUESTIONING ARRESTS AND INVESTIGATIONS AT A NYC DEPARTMEN
949189,2/23/2022,CHILD SENSITIVE ARREST POLICY GUIDELINES AND PROCEDURES
949189,2/23/2022,NYC 311 DYNAMICS SYSTEM
949189,2/4/2022,CLT-EJUSTICE ORDER OF PROTECTION SEARCH
949189,2/1/2022,"INTEGRATING COMMUNICATION, ASSESSMENT AND TACTICS (ICAT) MODULE 3"
949189,1/27/2022,CLT-BWC POLICY UPDATES
949189,1/27/2022,ILLEGAL EVICTIONS
949189,1/27/2022,OVERVIEW OF THE NEW DISCOVERY LAWS 2021 REFRESHER
949189,1/21/2022,LOCAL LAW 45 OF 2021-TRAFFIC ENCOUNTERS
949189,1/19/2022,CLT-EPERMIT SYSTEM
949189,12/22/2021,"INTEGRATING COMMUNICATION, ASSESSMENT AND TACTICS (ICAT) MODULE 2"
949189,12/15/2021,FTS - ANNUAL CEW RECERTIFICATION
949189,12/9/2021,IDENTIFYING THE IMPAIRED DRIVER
949189,12/8/2021,"INTEGRATING COMMUNICATION, ASSESSMENT AND TACTICS (ICAT) MODULE 1"
949189,12/2/2021,CLT-PROCEDURAL OPERATIONS
949189,11/30/2021,BODY-WORN CAMERA REVIEW PART TWO
949189,11/17/2021,INTERNAL INVESTIGATORS COURSE
949189,11/13/2021,TRAINING MATERIALS- THE RECIDIVIST TRACKING AND REPORTING DATABASE (RTRD)
949189,10/28/2021,LIEUTENANTS DEVELOPMENT COURSE
949189,10/27/2021,ACTIVE BYSTANDERSHIP FOR LAW ENFORCEMENT (ABLE): ONE DAY COURSE
949189,10/26/2021,ARRESTS - RELIGIOUS HEAD COVERING GUIDELINES (PG 208-83)
949189,10/26/2021,EQUAL EMPLOYMENT OPPORTUNITY TRAINING FOR UNIFORM SUPERVISORS
949189,10/25/2021,TACTICAL LEADERSHIP
949189,9/21/2021,BODY-WORN CAMERA REVIEW PART ONE
949189,9/21/2021,OPIOID OVERDOSE RECOGNITION AND NARCAN ADMINISTRATION -2021
949189,9/18/2021,INFORMATION SECURITY AWARENESS TRAINING 2021
949189,9/9/2021,MAYOR EXECUTIVE ORDER 78 VACCINATION - TESTING COMPLIANCE POLICY
949189,8/11/2021,ACTIVE BYSTANDERSHIP FOR LAW ENFORCEMENT (ABLE): ONE DAY COURSE
949189,7/29/2021,BOROUGH-BUREAU INVESTIGATIONS UNIT TRAINING
949189,7/2/2021,EQUAL EMPLOYMENT OPPORTUNITY TRAINING - SEXUAL HARASSMENT AWARENESS AND PREVENTION 2021
949189,5/26/2021,EQUAL EMPLOYMENT OPPORTUNITY IN-SERVICE TRAINING
949189,4/26/2021,EMPLOYEE ASSISTANCE UNIT-2021
949189,4/26/2021,EQUAL EMPLOYMENT OPPORTUNITY TRAINING - LGBTQIA+ DIVERSITY AND INCLUSION / EXECUTIVE ORDER 16 OF 201
949189,3/4/2021,DESK APPEARANCE TICKETS: THE NEW LAW AND THE NEW GUIDELINES FOR PROCESSING DAT'S - 2021 REFRESHER
949189,12/24/2020,EQUAL EMPLOYMENT OPPORTUNITY TRAINING - LEAVE TO EXPRESS BREAST MILK
949189,10/16/2020,2017-2019 IN-SERVICE CYCLE-INVESTIGATIVE ENCOUNTERS- BASIC TRAINING WITH SCENARIOS
949189,9/28/2020,FTS - ANNUAL CEW RECERTIFICATION
949189,8/10/2020,2019-20 IN-SERVICE CYCLE - CRITICAL INCIDENT TACTICS AND DEVELOPING EFFECTIVE LEADERSHIP SKILLS
949189,7/30/2020,VICTIM BLAMING AND RELEASE OF INFORMATION TO THE MEDIA
949189,7/1/2020,COVID-19: PREPAREDNESS YOUR FAMILY AND HOME
949189,7/1/2020,"EQUAL EMPLOYMENT OPPORTUNITY TRAINING - SEXUAL HARASSMENT, AWARENESS AND PREVENTION"
949189,7/1/2020,HEALTH AND WELLNESS SECTION - MODULE 1 - PSYCHOLOGICAL HEALTH AND WELLNESS
949189,7/1/2020,HEALTH AND WELLNESS SECTION - MODULE 10 - SEEKING AND RECEIVING MENTAL HEALTH SUPPORT
949189,7/1/2020,HEALTH AND WELLNESS SECTION - MODULE 11 - HEALTH AND RESILIENCY
949189,7/1/2020,HEALTH AND WELLNESS SECTION - MODULE 12 - IN THAT DARK PLACE - AN OFFICER'S JOURNEY
949189,7/1/2020,HEALTH AND WELLNESS SECTION - MODULE 2 - JOB COUNSELING AND STRESS
949189,7/1/2020,HEALTH AND WELLNESS SECTION - MODULE 3 - WARNING SIGNS
949189,7/1/2020,HEALTH AND WELLNESS SECTION - MODULE 4 - CUMULATIVE TRAUMA
949189,7/1/2020,HEALTH AND WELLNESS SECTION - MODULE 5 - GAINING PERSPECTIVE
949189,7/1/2020,HEALTH AND WELLNESS SECTION - MODULE 6 - COPING WITH SIGNS OF ANXIETY DEPRESSION
949189,7/1/2020,HEALTH AND WELLNESS SECTION - MODULE 7 - LEADING WITH COMPASSION
949189,7/1/2020,"HEALTH AND WELLNESS SECTION - MODULE 8 - WARNING SIGNS, SUPPORT AND OUTREACH"
949189,7/1/2020,HEALTH AND WELLNESS SECTION - MODULE 9 - MANAGING STRESS ON THE JOB
949189,7/1/2020,NEW LAWS AFFECTING POLICE OFFICERS’ CRIMINAL AND CIVIL LIABILITY
949189,5/11/2020,COVID-19: PREPAREDENESS
949189,5/11/2020,COVID-19: PROTECTIVE MASKS
949189,4/30/2020,SAFETY CONSIDERATIONS FOR PATROLLING THE NYC SUBWAY SYSTEM -DANGERS OF THE PLATFORM EDGE
949189,2/17/2020,COUNTERTERRORISM PERSONAL RADIATION DETECTION COURSE
949189,2/17/2020,UTILIZING BALLISTIC PROTECTION IN DEPARTMENT VEHICLES (4:09)
949189,2/13/2020,CRIMINAL JUSTICE BUREAU - GIGLIO MATERIAL DISCLOSURES UNDER THE NEW DISCOVERY LAWS
949189,1/14/2020,PROCESSING DISCOVERY MATERIAL IN THE FORMS ARREST FOLDER
949189,1/6/2020,CROSSFIRE MITIGATION DURING CLOSE COMBAT INCIDENTS - PART 2
949189,12/16/2019,ACTIVITY LOG FOR IPHONE
949189,12/6/2019,CROSSFIRE MITIGATION DURING CLOSE COMBAT INCIDENTS
949189,12/5/2019,CJB - OVERVIEW OF THE NEW DISCOVERY LAWS
949189,12/3/2019,CJB - DESK APPEARANCE TICKETS: THE NEW LAWS AND GUIDELINES FOR PROCESSING DATS
949189,12/3/2019,RESPONDING TO COMMERCIAL ROBBERIES PART LL - MODULE 1 AND MODULE 2
949189,11/13/2019,DISCHARGING YOUR FIREARM AT A MOVING THREAT
949189,10/28/2019,SUCCESSFULLY DISARMING AN EMOTIONALLY DISTURBED PERSON
949189,10/24/2019,CRIMINAL JUSTICE BUREAU - DNA TRAINING VIDEO
949189,10/9/2019,CLT-PROFESSIONAL DEVELOPMENT
949189,10/9/2019,COUNTER TERRORISM INITIAL PATROL RESPONSE TO AN ACTIVE SHOOTER
949189,10/8/2019,FORCE POLICY UPDATE VIDEO
949189,10/3/2019,CRITICAL DECISION MAKING MODEL
949189,9/27/2019,FTS - ANNUAL CEW RECERTIFICATION
949189,9/26/2019,CLT-DOCUMENTATION AND FORMS
949189,9/23/2019,MARIJUANA POLICY UPDATE
949189,9/12/2019,CLT-SPECIAL POPULATIONS
949189,9/3/2019,DOMESTIC VIOLENCE EDUCATION AND COUNSELING
949189,9/3/2019,SHIELD OF RESILIENCE TRAINING COURSE
949189,8/6/2019,RESPONDING TO COMMERCIAL ROBBERIES
949189,7/4/2019,DISCUSSION - BASED LEARNING MODULE # 1-3
949189,7/4/2019,TRANSIT BUREAU - SAFETY CONSIDERATIONS FOR PATROLLING THE NYC SUBWAY SYSTEM
949189,7/4/2019,TRANSIT BUREAU - SAFETY CONSIDERATIONS FOR PATROLLING THE NYC SUBWAY SYSTEM - PART 2
949189,7/4/2019,TRANSIT BUREAU - TIMELY RESUMPTION OF SERVICE IN NYC TRANSIT
949189,6/27/2019,HIGHWAY 3-DAY STATIONARY STEP-OUT LIDAR COURSE
949189,6/24/2019,RESPONDING TO PEOPLE IN CRISIS – MODULE 4: USING DEPARTMENT MOBILE DIGITAL DEVICES
949189,6/17/2019,WORLDPRIDE NYC 2019
949189,6/7/2019,TINT-METER OPERATION TINTED WINDOW VIOLATIONS
949189,5/28/2019,12 PASSENGER VAN / UTILITY VEHICLE QUALIFICATION
949189,5/28/2019,COLLABORATIVE POLICING - MEDIATION REFERRAL PROGRAM FOR NON-CRIMINAL COMPLAINTS
949189,5/19/2019,COLLABORATIVE POLICING - THE DEAF AND HARD OF HEARING COMMUNITY
949189,4/30/2019,CLT-DOCUMENTATION AND FORMS
949189,4/24/2019,RESPONDING TO PEOPLE IN CRISIS - MODULES 2 AND 3: ACTIVE LISTENING PARTS 1 AND 2
949189,4/16/2019,CLT-ENFORCEMENT ACTIONS
949189,4/4/2019,CLT-PROCEDURAL OPERATIONS
949189,4/2/2019,LEGAL BUREAU - PERJURY TRAINING MODULE
949189,3/28/2019,CLT-DOCUMENTATION AND FORMS
949189,3/22/2019,SAFEGUARDING PRISONERS - OFFICER SAFETY GUIDELINES
949189,2/24/2019,INVESTIGATIVE ENCOUNTERS-VIDEO #2 COMMON LAW RIGHT OF INQUIRY-UNIT TRAINING MAY 2016
949189,2/19/2019,COLLABORATIVE POLICING - ELDER ABUSE
949189,2/15/2019,2017-2019 IN-SERVICE CYCLE-INTEGRATED TACTICS
949189,2/6/2019,CLT-PROCEDURAL OPERATIONS
949189,2/4/2019,"SUPPORT SERVICES DIVISION - CLASS ""C"" OPERATOR"
949189,1/31/2019,DYNAMICS 311 - THE NEW 311
949189,1/22/2019,PATROL DOOR BAG - ROPE AND WEDGE INTRODUCTION
949189,1/22/2019,TEXT TO 911 - INTRODUCTION
949189,1/16/2019,TEXT TO 911 - INTRODUCTION
949189,1/11/2019,RESPONDING TO PEOPLE IN CRISIS - MODULE 1: SENDING THE RIGHT SIGNALS
949189,12/18/2018,CLT-PROCEDURAL OPERATIONS
949189,12/18/2018,EQUAL EMPLOYMENT OPPORTUNITYTRAINING - SEXUAL HARASSMENT AWARENESS AND PREVENTION
949189,12/14/2018,CLT-DOCUMENTATION AND FORMS
949189,12/12/2018,INVESTIGATIVE ENCOUNTERS-VIDEO #3 TERRY STOPS AND REASONABLE SUSPICION-UNIT TRAINING JUNE 2016
949189,12/12/2018,INVESTIGATIVE ENCOUNTERS-VIDEO #4 DOCUMENTATION AND SUPERVISION-UNIT TRAINING JULY 2016
949189,12/11/2018,AMERICANS WITH DISABILITIES ACT (ADA)
949189,12/11/2018,MARIJUANA BURNING ENFORCEMENT POLICY
949189,12/5/2018,CLT-PROCEDURAL OPERATIONS
949189,11/28/2018,CLT-HUMAN RESOURCES AND PERSONNEL MATTERS
949189,11/20/2018,CLT-PROCEDURAL OPERATIONS
949189,11/15/2018,CABARET/CLUB ENFORCEMENT TRAINING
949189,11/14/2018,CLT-PROCEDURAL OPERATIONS
949189,11/8/2018,CLT-SPECIAL POPULATIONS
949189,11/5/2018,CLT-PROCEDURAL OPERATIONS
949189,10/24/2018,CLT-PROCEDURAL OPERATIONS
949189,10/19/2018,RESPONDING TO PEOPLE IN CRISIS-INTRODUCTION TO CIT VIDEO SERIES
949189,10/18/2018,CLT-PROCEDURAL OPERATIONS
949189,9/25/2018,FTS - ANNUAL CEW RECERTIFICATION
949189,9/25/2018,FTS - SMITH AND WESSON MODEL 5946 BARREL REMEDIATION
949189,9/21/2018,NYC RIGHT TO KNOW ACT LEGISLATION - PART 2
949189,9/21/2018,NYC RIGHT TO KNOW ACT LEGISLATION – PART 1
949189,9/18/2018,RAISE THE AGE
949189,9/17/2018,CLT-ENFORCEMENT ACTIONS
949189,9/17/2018,CLT-LEGAL ISSUES
949189,8/13/2018,CPS BODY-WORN CAMERA TRAINING WITH SCENARIOS
949189,7/24/2018,SRG - RESCUE TASK FORCE AT PRE-PLANNED EVENTS
949189,7/12/2018,CLT-PROCEDURAL OPERATIONS
949189,7/10/2018,CLT-INFORMATION TECHNOLOGY
949189,7/2/2018,CLT-SPECIAL POPULATIONS
949189,6/26/2018,CLT-CRIME CONTROL STRATEGIES AND PROBLEM SOLVING
949189,6/20/2018,CLT-OCCUPATIONAL-WORKPLACE SAFETY AND HEALTH
949189,6/18/2018,CLT-PROCEDURAL OPERATIONS
949189,6/8/2018,CLT-PROCEDURAL OPERATIONS
949189,6/6/2018,ADVANCED TACTICAL FIREARMS TRAINING COURSE
949189,5/17/2018,COMMUNICATIONS- THE PROPER USAGE OF THE IDA RADIO CODES
949189,5/14/2018,SERGEANTS DEVELOPMENT COURSE
949189,5/10/2018,CLT-COMMUNITY ENGAGEMENT
949189,5/7/2018,CLT-COMMUNITY ENGAGEMENT
949189,5/4/2018,CLT-DOCUMENTATION AND FORMS
949189,5/2/2018,CLT-DOCUMENTATION AND FORMS
949189,5/2/2018,FTS - CEW X26P HOLSTER TRAINING AND DISTRIBUTION
949189,4/12/2018,CLT-PROCEDURAL OPERATIONS
949189,4/6/2018,CLT-OCCUPATIONAL-WORKPLACE SAFETY AND HEALTH
949189,3/23/2018,FUNDAMENTALS OF AUTO THEFT INVESTIGATION
949189,3/22/2018,LEGAL BUREAU PERFORMANCE METRICS - PROHIBITED CONDUCT
949189,3/21/2018,CPS FAIR AND IMPARTIAL POLICING - ALL POS AND DETS
949189,2/27/2018,TACTICAL AWARENESS-SMARTPHONE SAFETY
949189,1/31/2018,COLLABORATIVE POLICING- FOREIGN LANGUAGE CERTIFICATION VIDEO
949189,1/11/2018,COLLABORATIVE POLICING- ACCESSING TELEPHONIC INTERPRETERS VIA LANGUAGE LINE
949189,12/29/2017,IPHONE TRAINING AND DISTRIBUTION
949189,12/6/2017,COUNTERTERRORISM BUREAU FACILITY AWARENESS VIDEO- NAVY OPERATIONAL SUPPORT CENTER
949189,11/7/2017,FORCE POLICY REVISION-VIDEO-PG 221-UNIT TRAINING MAY 2016
949189,11/7/2017,INVESTIGATIVE ENCOUNTERS-VIDEO #1 REQUEST FOR INFO-UNIT TRAINING FEB 2016
949189,11/7/2017,PUBLIC CONTACT AND CONSENT TO SEARCH (RIGHT TO KNOW) - UNIT TRAINING AUGUST 2016
949189,11/7/2017,TACTICAL AWARENESS OF EXCITED DELIRIUM SYNDROME
949189,10/30/2017,2017-2019 IN-SERVICE CYCLE-INVESTIGATIVE ENCOUNTERS-SUPERVISOR TRAINING WITHOUT SCENARIOS
949189,10/23/2017,X26P TRANSITION COURSE FOR CURRENT X26 END-USER TRAINING
949189,10/20/2017,NARCAN NASAL SPRAY TRAINING
949189,10/19/2017,FTS - ANNUAL CEW RECERTIFICATION
949189,10/18/2017,COLLABORATIVE POLICING- ACCESSING TELEPHONIC INTERPRETERS VIA LANGUAGE LINE
949189,10/18/2017,NARCAN NASAL SPRAY TRAINING
949189,10/17/2017,NEW PERFORMANCE EVALUATION PROCESS
949189,9/19/2017,"CPS INTERIOR PATROL OF HOUSING AUTHORITY BUILDINGS, PG 212-60 ROLL CALL VIDEO 1"
949189,9/19/2017,"CPS INTERIOR PATROL OF HOUSING AUTHORITY BUILDINGS, PG 212-60 ROLL CALL VIDEO 2"
949189,9/19/2017,CPS INTERIOR PATROL TRESPASS AFFIDAVIT PROGRAM (TAP) VIDEO 1
949189,9/19/2017,CPS INTERIOR PATROL TRESPASS AFFIDAVIT PROGRAM (TAP) VIDEO 2
949189,9/19/2017,INFORMATION SECURITY AWARENESS TRAINING
949189,9/18/2017,COUNTERTERRORISM BUREAU FACILITY AWARENESS VIDEO-EMPIRE STATE BUILDING
949189,9/18/2017,CRIMINAL JUSTICE REFORM ACT ROLL CALL TRAINING PART 1
949189,9/18/2017,CRIMINAL JUSTICE REFORM ACT ROLL CALL TRAINING PART 2
949189,9/18/2017,PATROL- POLYCARBONATE SHIELD
949189,9/18/2017,POLICE COMMISSIONERS MESSAGE - VICTIMS OF SEXUAL ASSAULT VIDEO
949189,8/28/2017,PERSONNEL BUREAU NYPD EMPLOYEE ASSISTANCE UNIT (EAU)
949189,8/14/2017,EQUAL EMPLOYMENT OPPORTUNITY TRAINING FOR UNIFORM SUPERVISORS
949189,8/10/2017,SERGEANT BASIC LEADERSHIP COMPUTER COURSE
949189,7/31/2017,FTS - CEW END USER CERT
949189,7/27/2017,CRISIS INTERVENTION TEAM TRAINING
949189,7/5/2017,"CPS INTERIOR PATROL OF HOUSING AUTHORITY BUILDINGS, PG 212-60 ROLL CALL VIDEO 1"
949189,6/20/2017,DOMAIN AWARENESS SYSTEM
949189,6/16/2017,CPS INTERIOR PATROL TRESPASS AFFIDAVIT PROGRAM (TAP) VIDEO 1
949189,6/8/2017,CRIMINAL JUSTICE REFORM ACT ROLL CALL TRAINING PART 1
949189,6/8/2017,CRIMINAL JUSTICE REFORM ACT ROLL CALL TRAINING PART 2
949189,6/7/2017,CRIMINAL JUSTICE REFORM ACT ROLL CALL TRAINING PART 2
949189,6/6/2017,CRIMINAL JUSTICE REFORM ACT ROLL CALL TRAINING PART 1
949189,5/25/2017,CRIMINAL JUSTICE REFORM ACT ROLL CALL TRAINING PART 1
949189,5/25/2017,DETECTIVE BUREAU SPECIAL VICTIMS INVESTIGATORS COURSE
949189,5/23/2017,BTK (BELT TRAUMA KIT DISTRIBUTION AND FAMILIARIZATION)
949189,4/22/2017,EQUAL EMPLOYMENT OPPORTUNITY TRANSGENDER DIVERSITY AND INCLUSION:EXECUTIVE ORDER 16
949189,3/29/2017,2016-17 INSERVICE CYCLE-PHYSICAL TACTICS
949189,2/28/2017,SRG - M-4 REFRESHER TRAINING
949189,2/4/2017,"SRG - ""10 RULES"" OF CLOSE QUARTERS BATTLE (CQB)"
949189,1/26/2017,PHASE I- SERGEANTS DEVELOPMENT COURSE
949189,12/17/2016,HATE CRIMES AND BIAS-RELATED INCIDENTS
949189,9/12/2016,PUBLIC CONTACT AND CONSENT TO SEARCH (RIGHT TO KNOW) - UNIT TRAINING AUGUST 2016
949189,8/31/2016,ESU COLLABORATIVE RESPONSE TACTICS
949189,8/23/2016,SRG- 2016 REFRESHER
949189,8/9/2016,INVESTIGATIVE ENCOUNTERS-VIDEO #4 DOCUMENTATION AND SUPERVISION-UNIT TRAINING JULY 2016
949189,6/17/2016,PSB MARIJUANA FIELD TESTING
949189,6/14/2016,INVESTIGATIVE ENCOUNTERS-VIDEO #3 TERRY STOPS AND REASONABLE SUSPICION-UNIT TRAINING JUNE 2016
949189,6/10/2016,FORCE POLICY REVISION-VIDEO-PG 221-UNIT TRAINING MAY 2016
949189,6/10/2016,INVESTIGATIVE ENCOUNTERS-VIDEO #3 TERRY STOPS AND REASONABLE SUSPICION-UNIT TRAINING JUNE 2016
949189,5/3/2016,INVESTIGATIVE ENCOUNTERS-VIDEO #2 COMMON LAW RIGHT OF INQUIRY-UNIT TRAINING MAY 2016
949189,4/20/2016,SRG - ACADEMY
949189,4/6/2016,FORMS DATABASE - AIDED REPORTS AND POLICE ACCIDENT REPORTS
949189,3/24/2016,PLAIN CLOTHES TRAINING CERTIFIED BASIC PLAIN-CLOTHES COURSE
949189,2/10/2016,INVESTIGATIVE ENCOUNTERS-VIDEO #1 REQUEST FOR INFO-UNIT TRAINING FEB 2016
949189,1/22/2016,FORCE POLICY REVISION-PAMPHLET - PG 221 - UNIT TRAINING DECEMBER 2015
949189,1/7/2016,FORCE POLICY REVISION-PAMPHLET - PG 221 - UNIT TRAINING DECEMBER 2015
949189,12/31/2015,WINDOWS PHONE TRAINING AND DISTRIBUTION
949189,11/9/2015,EMERGENCY VEHICLE OPERATION JULY 07 - PRESENT
949189,11/9/2015,FIELD TRAINING PROGRAM JULY 07 - PRESENT
949189,11/9/2015,PHYSICAL EDUCATION PART 1: FOUNDATIONS OF PHYSICAL FITNESS
949189,11/9/2015,PHYSICAL EDUCATION PART 2: DEFENSIVE TACTICS JULY 07 - PRESENT
949189,11/9/2015,PHYSICAL EDUCATION PART 3: AMERICAN HEART ASSOCIATION BASIC LIFE SUPPORT
949189,11/9/2015,POLICE CRISIS INTERVENTION JULY 07 - PRESENT
949189,11/9/2015,POLICE FIELD PROBLEMS JULY 07 - PRESENT
949189,11/9/2015,POLICE INVESTIGATION AND REPORTING JULY 07 - PRESENT
949189,11/9/2015,POLICING A DEMOCRACY JULY 07 - PRESENT
949189,11/9/2015,POLICING SPECIAL POPULATIONS JULY 07 - PRESENT
949189,11/9/2015,PROCEDURAL LAW JULY 07 - PRESENT
949189,11/9/2015,SUBSTANTIVE LAW JULY 07 - PRESENT
949189,11/9/2015,TERRORISM AWARENESS AND RESPONSE JULY 07 - PRESENT
949189,5/6/2015,20K TRAINING INITIATIVE - PHYSICAL TACTICS
949189,3/31/2015,20K TRAINING INITIATIVE - FOUNDATIONS OF POLICING
949189,3/25/2015,20K TRAINING INITIATIVE - SMART POLICING
949189,8/9/2013,FINEST SYSTEM TRAINING
949189,5/23/2013,UF 250 - OPERATION IMPACT REFRESHER CERTIFIED
949189,7/27/2012,THREE WHEEL SCOOTER CERTIFIED
949189,7/27/2012,TWO WHEEL SCOOTER (WITH TACTICS) CERTIFIED
949189,11/6/2010,PROPERTY EVIDENCE TRACKING SYSTEM
949189,10/28/2010,COBRA - COHORT TRAINING
949189,,RECRUIT RMP QUALIFICATION / RMP OPERATOR QUALIFIED
945893,6/24/2025,EAU 2025 POLICE COMMISSIONER JESSICA S. TISCH
945893,6/9/2025,2025 EQUAL EMPLOYMENT OPPORTUNITY TRAINING - SEXUAL HARASSMENT AWARENESS AND PREVENTION
945893,4/18/2025,FTS - CEW TASER 7 TRANSITION COURSE
945893,2/3/2025,VEHICLE PURSUITS
945893,12/2/2024,DRIVING WHILE INTOXICATED AWARENESS VIDEO MODULE 1
945893,10/10/2024,NORTHWELL DIRECT FINEST CARE PROGRAM FOR UMOS
945893,8/23/2024,RAPE IS RAPE
945893,7/29/2024,EMPLOYEE ASSISTANCE UNIT (E.A.U.) IS HERE FOR YOU- 2024
945893,6/28/2024,ASSISTING SURVIVORS OF SEXUAL BASED VIOLENCE WITH ACCESS TO RESOURCES
945893,6/24/2024,LEVEL 1 AND LEVEL 2 INVESTIGATIVE ENCOUNTERS
945893,6/17/2024,DETECTIVE BUREAU BODY WORN CAMERAS
945893,6/13/2024,DETECTIVE BUREAU BODY WORN CAMERAS
945893,4/30/2024,2024 EQUAL EMPLOYMENT OPPORTUNITY TRAINING - SEXUAL HARASSMENT AWARENESS AND PREVENTION
945893,4/23/2024,VIDEO 1 - PATROLLING THE NYC SUBWAY SYSTEM 2022
945893,4/9/2024,POLICING THE SUBWAY 2024
945893,2/27/2024,LGBTQIA PLUS - DIVERSITY AND INCLUSION
945893,10/25/2023,2023 SUMMER ALL-OUT BODY WORN CAMERA TRAINING
945893,8/7/2023,TRAFFIC COURT TESTIMONY VIDEO
945893,6/14/2023,2023 EQUAL EMPLOYMENT OPPORTUNITY TRAINING-SEXUAL HARASSMENT AWARENESS AND PREVENTION
945893,6/13/2023,2023 LANGUAGE MATTERS - FOSTERING A POSITIVE WORK ENVIRONMENT
945893,3/27/2023,ESPER POLICY LIBRARY
945893,2/27/2023,NYPD-U VOLUNTARY - INVOLUNTARY TRANSPORTS
945893,1/23/2023,RAISING THE LOWER AGE OF JUVENILE DELINQUENCY
945893,11/15/2022,LGBTQIA PLUS AWARENESS
945893,11/15/2022,PROCESSING CIVILIAN COMPLAINTS
945893,8/29/2022,NYPD JOUVERT  WEST INDIAN DAY
945893,7/28/2022,BEST PRACTICES IN STRUCTURED INTERVIEWING
945893,7/27/2022,CAR STOP TACTICS FOR PATROL OFFICERS - MODULE 1: CONTROLLING THE STOP
945893,7/27/2022,CAR STOP TACTICS FOR PATROL OFFICERS - MODULE 2: PROHIBITED MANEUVERS
945893,7/27/2022,CAR STOP TACTICS FOR PATROL OFFICERS - MODULE 3: THE UNKNOWN RISK STOP
945893,7/27/2022,CAR STOP TACTICS FOR PATROL OFFICERS - MODULE 4: THE HIGH-RISK STOP
945893,7/26/2022,CLT-NIBRS ROLL CALL TRAINING
945893,7/26/2022,DETECTIVE BUREAU DNA SAMPLE TRAINNG
945893,7/13/2022,2022 EQUAL EMPLOYMENT OPPORTUNITY TRAINING-SEXUAL HARASSMENT AWARENESS AND PREVENTION
945893,7/13/2022,NATIONAL INCIDENT-BASED REPORTING SYSTEM (NIBRS) UPDATES TO THE OMNIFORM COMPLAINT SYSTEMV
945893,5/24/2022,ACTIVE BYSTANDERSHIP FOR LAW ENFORCEMENT (ABLE): ONE DAY COURSE
945893,1/31/2022,COLLABORATIVE POLICING - ELDER ABUSE
945893,1/31/2022,COLLABORATIVE POLICING - THE DEAF AND HARD OF HEARING COMMUNITY
945893,1/31/2022,COLLABORATIVE POLICING- FOREIGN LANGUAGE CERTIFICATION VIDEO
945893,1/31/2022,"CPS INTERIOR PATROL OF HOUSING AUTHORITY BUILDINGS, PG 212-60 ROLL CALL VIDEO 2"
945893,1/31/2022,CRITICAL DECISION MAKING MODEL
945893,1/31/2022,ILLEGAL EVICTIONS
945893,1/31/2022,RESPONDING TO PEOPLE IN CRISIS - MODULE 1: SENDING THE RIGHT SIGNALS
945893,1/31/2022,RESPONDING TO PEOPLE IN CRISIS-INTRODUCTION TO CIT VIDEO SERIES
945893,1/31/2022,SAFEGUARDING PRISONERS - OFFICER SAFETY GUIDELINES
945893,1/31/2022,"SUPPORT SERVICES DIVISION - CLASS ""C"" OPERATOR"
945893,1/12/2022,BODY-WORN CAMERA REVIEW PART ONE
945893,1/12/2022,BODY-WORN CAMERA REVIEW PART TWO
945893,1/12/2022,CJB - OVERVIEW OF THE NEW DISCOVERY LAWS
945893,1/12/2022,COLLABORATIVE POLICING - MEDIATION REFERRAL PROGRAM FOR NON-CRIMINAL COMPLAINTS
945893,1/12/2022,COVID-19: PREPAREDNESS YOUR FAMILY AND HOME
945893,1/12/2022,"CPS INTERIOR PATROL OF HOUSING AUTHORITY BUILDINGS, PG 212-60 ROLL CALL VIDEO 1"
945893,1/12/2022,CPS INTERIOR PATROL TRESPASS AFFIDAVIT PROGRAM (TAP) VIDEO 1
945893,1/12/2022,CPS INTERIOR PATROL TRESPASS AFFIDAVIT PROGRAM (TAP) VIDEO 2
945893,1/12/2022,CRIMINAL JUSTICE BUREAU - GIGLIO MATERIAL DISCLOSURES UNDER THE NEW DISCOVERY LAWS
945893,1/12/2022,CRIMINAL JUSTICE REFORM ACT ROLL CALL TRAINING PART 1
945893,1/12/2022,CRIMINAL JUSTICE REFORM ACT ROLL CALL TRAINING PART 2
945893,1/12/2022,CROSSFIRE MITIGATION DURING CLOSE COMBAT INCIDENTS
945893,1/12/2022,CROSSFIRE MITIGATION DURING CLOSE COMBAT INCIDENTS - PART 2
945893,1/12/2022,DISCHARGING YOUR FIREARM AT A MOVING THREAT
945893,1/12/2022,DOMESTIC VIOLENCE EDUCATION AND COUNSELING
945893,1/12/2022,EMPLOYEE ASSISTANCE UNIT-2021
945893,1/12/2022,FORCE POLICY UPDATE VIDEO
945893,1/12/2022,HEALTH AND WELLNESS SECTION - MODULE 1 - PSYCHOLOGICAL HEALTH AND WELLNESS
945893,1/12/2022,HEALTH AND WELLNESS SECTION - MODULE 10 - SEEKING AND RECEIVING MENTAL HEALTH SUPPORT
945893,1/12/2022,HEALTH AND WELLNESS SECTION - MODULE 11 - HEALTH AND RESILIENCY
945893,1/12/2022,HEALTH AND WELLNESS SECTION - MODULE 12 - IN THAT DARK PLACE - AN OFFICER'S JOURNEY
945893,1/12/2022,HEALTH AND WELLNESS SECTION - MODULE 2 - JOB COUNSELING AND STRESS
945893,1/12/2022,HEALTH AND WELLNESS SECTION - MODULE 3 - WARNING SIGNS
945893,1/12/2022,HEALTH AND WELLNESS SECTION - MODULE 4 - CUMULATIVE TRAUMA
945893,1/12/2022,HEALTH AND WELLNESS SECTION - MODULE 5 - GAINING PERSPECTIVE
945893,1/12/2022,HEALTH AND WELLNESS SECTION - MODULE 6 - COPING WITH SIGNS OF ANXIETY DEPRESSION
945893,1/12/2022,HEALTH AND WELLNESS SECTION - MODULE 7 - LEADING WITH COMPASSION
945893,1/12/2022,"HEALTH AND WELLNESS SECTION - MODULE 8 - WARNING SIGNS, SUPPORT AND OUTREACH"
945893,1/12/2022,HEALTH AND WELLNESS SECTION - MODULE 9 - MANAGING STRESS ON THE JOB
945893,1/12/2022,IDENTIFYING THE IMPAIRED DRIVER
945893,1/12/2022,LOCAL LAW 45 OF 2021-TRAFFIC ENCOUNTERS
945893,1/12/2022,MARIJUANA BURNING ENFORCEMENT POLICY
945893,1/12/2022,MARIJUANA POLICY UPDATE
945893,1/12/2022,NARCAN NASAL SPRAY TRAINING
945893,1/12/2022,NEW PERFORMANCE EVALUATION PROCESS
945893,1/12/2022,OPIOID OVERDOSE RECOGNITION AND NARCAN ADMINISTRATION -2021
945893,1/12/2022,PATROL- POLYCARBONATE SHIELD
945893,1/12/2022,RESPONDING TO COMMERCIAL ROBBERIES
945893,1/12/2022,RESPONDING TO COMMERCIAL ROBBERIES PART LL - MODULE 1 AND MODULE 2
945893,1/12/2022,SAFETY CONSIDERATIONS FOR PATROLLING THE NYC SUBWAY SYSTEM -DANGERS OF THE PLATFORM EDGE
945893,1/12/2022,TACTICAL AWARENESS-SMARTPHONE SAFETY
945893,1/12/2022,TRANSIT BUREAU - SAFETY CONSIDERATIONS FOR PATROLLING THE NYC SUBWAY SYSTEM
945893,1/12/2022,TRANSIT BUREAU - TIMELY RESUMPTION OF SERVICE IN NYC TRANSIT
945893,1/12/2022,UTILIZING BALLISTIC PROTECTION IN DEPARTMENT VEHICLES (4:09)
945893,1/12/2022,WORLDPRIDE NYC 2019
945893,1/11/2022,ARRESTS - RELIGIOUS HEAD COVERING GUIDELINES (PG 208-83)
945893,1/11/2022,VICTIM BLAMING AND RELEASE OF INFORMATION TO THE MEDIA
945893,10/26/2021,DETECTIVE BUREAU PROFESSIONAL DEVELOPMENT SEMINAR
945893,10/26/2021,INTERVIEW ROOM-AXON TRAINING BUREAU
945893,9/18/2021,INFORMATION SECURITY AWARENESS TRAINING 2021
945893,9/14/2021,MAYOR EXECUTIVE ORDER 78 VACCINATION - TESTING COMPLIANCE POLICY
945893,8/6/2021,EQUAL EMPLOYMENT OPPORTUNITY TRAINING - SEXUAL HARASSMENT AWARENESS AND PREVENTION 2021
945893,5/21/2021,PATROL GUIDE 215-17 POLICE ACTIONS RELATED QUESTIONING ARRESTS AND INVESTIGATIONS AT A NYC DEPARTMEN
945893,4/27/2021,EQUAL EMPLOYMENT OPPORTUNITY TRAINING - LGBTQIA+ DIVERSITY AND INCLUSION / EXECUTIVE ORDER 16 OF 201
945893,3/4/2021,DESK APPEARANCE TICKETS: THE NEW LAW AND THE NEW GUIDELINES FOR PROCESSING DAT'S - 2021 REFRESHER
945893,1/21/2021,COVID VACCINE DISTRIBUTION AND EDUCATION
945893,1/14/2021,EQUAL EMPLOYMENT OPPORTUNITY TRAINING - LEAVE TO EXPRESS BREAST MILK
945893,9/30/2020,"EQUAL EMPLOYMENT OPPORTUNITY TRAINING - SEXUAL HARASSMENT, AWARENESS AND PREVENTION"
945893,8/21/2020,CONSTITUTIONAL POLICING AT COMMUNITY EVENTS (CPACE)
945893,7/6/2020,LEGAL BUREAU PERFORMANCE METRICS - PROHIBITED CONDUCT
945893,7/6/2020,NEW LAWS AFFECTING POLICE OFFICERS’ CRIMINAL AND CIVIL LIABILITY
945893,5/25/2020,COVID-19: PREPAREDENESS
945893,5/25/2020,COVID-19: PROTECTIVE MASKS
945893,3/16/2020,2017-2019 IN-SERVICE CYCLE-INVESTIGATIVE ENCOUNTERS- BASIC TRAINING WITH SCENARIOS
945893,3/2/2020,FTS - TACTICAL TRAINING CENTER CAD - SESSION 1
945893,1/10/2020,ACTIVITY LOG FOR IPHONE
945893,11/22/2019,DETECTIVE BUREAU PROFESSIONAL DEVELOPMENT SEMINAR
945893,7/11/2019,2019 DETECTIVE BUREAU INTAC
945893,6/13/2019,CPS FAIR AND IMPARTIAL POLICING - ALL POS AND DETS
945893,5/30/2019,LEGAL BUREAU - PERJURY TRAINING MODULE
945893,3/14/2019,EQUAL EMPLOYMENT OPPORTUNITYTRAINING - SEXUAL HARASSMENT AWARENESS AND PREVENTION
945893,10/31/2018,AMERICANS WITH DISABILITIES ACT (ADA)
945893,10/22/2018,NYC RIGHT TO KNOW ACT LEGISLATION - PART 2
945893,10/22/2018,NYC RIGHT TO KNOW ACT LEGISLATION – PART 1
945893,9/5/2018,RAISE THE AGE
945893,8/16/2018,DETECTIVE BUREAU RETRIEVING BODY WORN CAMERA DATA
945893,6/5/2018,COMMUNICATIONS- THE PROPER USAGE OF THE IDA RADIO CODES
945893,4/6/2018,DIGNITARY PROTECTION COURSE
945893,12/15/2017,POLICE COMMISSIONERS MESSAGE - VICTIMS OF SEXUAL ASSAULT VIDEO
945893,12/8/2017,COLLABORATIVE POLICING- ACCESSING TELEPHONIC INTERPRETERS VIA LANGUAGE LINE
945893,9/5/2017,BELT TRAUMA KIT VIDEO
945893,9/5/2017,COUNTERTERRORISM BUREAU FACILITY AWARENESS VIDEO- TIME WARNER BUILDING
945893,9/5/2017,COUNTERTERRORISM BUREAU FACILITY AWARENESS VIDEO-EMPIRE STATE BUILDING
945893,9/5/2017,CRIME CONTROL STRATEGIES- COMMUNITY SUPERVISION
945893,9/5/2017,EQUAL EMPLOYMENT OPPORTUNITY TRANSGENDER DIVERSITY AND INCLUSION:EXECUTIVE ORDER 16
945893,9/5/2017,PERSONNEL BUREAU NYPD EMPLOYEE ASSISTANCE UNIT (EAU)
945893,5/25/2017,DETECTIVE BUREAU SPECIAL VICTIMS INVESTIGATORS COURSE
945893,2/28/2017,DETECTIVE BUREAU 2017-01 INVESTIGATIVE INTAC
945893,11/22/2016,DETECTIVE BUREAU PROFESSIONAL DEVELOPMENT SEMINAR
945893,11/22/2016,FLYING WHILE ARMED
945893,9/8/2016,DETECTIVE BUREAU INTERROGATORS COURSE
945893,9/7/2016,COUNTERTERRORISM ACTIVE SHOOTER TRAINING
945893,9/7/2016,COUNTERTERRORISM U.A.S. (UNMANNED AIRCRAFT SYSTEMS) DRONE AWARENESS
945893,9/7/2016,DAS MESSAGING
945893,9/7/2016,FAQ: HOW TO SYNC YOUR DEPARTMENT SMARTPHONE
945893,9/7/2016,FORMS - AIDED AND MV104 (POLICE ACCIDENT REPORT)
945893,9/7/2016,"FORMS - THREAT,RESISTANCE,INJURY (TRI)"
945893,9/7/2016,INVESTIGATIVE ENCOUNTERS-VIDEO #2 COMMON LAW RIGHT OF INQUIRY-UNIT TRAINING MAY 2016
945893,9/7/2016,INVESTIGATIVE ENCOUNTERS-VIDEO #3 TERRY STOPS AND REASONABLE SUSPICION-UNIT TRAINING JUNE 2016
945893,9/7/2016,INVESTIGATIVE ENCOUNTERS-VIDEO #4 DOCUMENTATION AND SUPERVISION-UNIT TRAINING JULY 2016
945893,9/7/2016,NYPD MOBILITY INITIATIVE - DEPARTMENT SMARTPHONE TRAINING
945893,9/7/2016,PUBLIC CONTACT AND CONSENT TO SEARCH (RIGHT TO KNOW) - UNIT TRAINING AUGUST 2016
945893,9/7/2016,SEND TO DESKTOP
945893,9/7/2016,TRAINING MATERIALS- CLOSING THE GAP ON VEHICLE INTELLIGENCE
945893,9/7/2016,TRAINING MATERIALS- PAWNSHOP AND 2ND HAND DEALER DATABASE
945893,9/7/2016,TRAINING MATERIALS- THE RECIDIVIST TRACKING AND REPORTING DATABASE (RTRD)
945893,9/7/2016,TRAINING MATERIALS- VIRTUAL CRIME INFORMATION CENTER
945893,9/7/2016,WARRANT CHECK IN DOMAIN AWARENESS SYSTEM (DAS LITE)
945893,9/5/2016,FORCE POLICY REVISION-VIDEO-PG 221-UNIT TRAINING MAY 2016
945893,9/5/2016,INVESTIGATIVE ENCOUNTERS-VIDEO #1 REQUEST FOR INFO-UNIT TRAINING FEB 2016
945893,4/5/2016,20K TRAINING INITIATIVE - PHYSICAL TACTICS
945893,3/24/2016,DETECTIVE BUREAU PROFESSIONAL DEVELOPMENT SEMINAR
945893,3/24/2016,FORCE POLICY REVISION-PAMPHLET - PG 221 - UNIT TRAINING DECEMBER 2015
945893,2/8/2016,WINDOWS PHONE TRAINING AND DISTRIBUTION
945893,11/9/2015,EMERGENCY VEHICLE OPERATION JULY 07 - PRESENT
945893,11/9/2015,FIELD TRAINING PROGRAM JULY 07 - PRESENT
945893,11/9/2015,PHYSICAL EDUCATION PART 1: FOUNDATIONS OF PHYSICAL FITNESS
945893,11/9/2015,PHYSICAL EDUCATION PART 2: DEFENSIVE TACTICS JULY 07 - PRESENT
945893,11/9/2015,PHYSICAL EDUCATION PART 3: AMERICAN HEART ASSOCIATION BASIC LIFE SUPPORT
945893,11/9/2015,POLICE CRISIS INTERVENTION JULY 07 - PRESENT
945893,11/9/2015,POLICE FIELD PROBLEMS JULY 07 - PRESENT
945893,11/9/2015,POLICE INVESTIGATION AND REPORTING JULY 07 - PRESENT
945893,11/9/2015,POLICING A DEMOCRACY JULY 07 - PRESENT
945893,11/9/2015,POLICING SPECIAL POPULATIONS JULY 07 - PRESENT
945893,11/9/2015,PROCEDURAL LAW JULY 07 - PRESENT
945893,11/9/2015,SUBSTANTIVE LAW JULY 07 - PRESENT
945893,11/9/2015,TERRORISM AWARENESS AND RESPONSE JULY 07 - PRESENT
945893,7/29/2015,COLLISION REFRESHER (2 DAY)
945893,5/26/2015,20K TRAINING INITIATIVE - PHYSICAL TACTICS
945893,5/12/2015,20K TRAINING INITIATIVE - SMART POLICING
945893,5/5/2015,20K TRAINING INITIATIVE - FOUNDATIONS OF POLICING
945893,5/23/2013,CRIMINAL INVESTIGATORS COURSE
945893,12/4/2012,FUNDAMENTALS OF AUTO THEFT INVESTIGATION
945893,5/10/2012,DECOY OPERATIONS TRAINING
945893,4/16/2012,PLAIN CLOTHES TRAINING CERTIFIED BASIC PLAIN-CLOTHES COURSE
945893,4/13/2012,EVIDENCE COLLECTION COURSE
945893,7/14/2011,MARIJUANA FIELD TESTING QUALIFIED
945893,7/14/2011,PSB MARIJUANA FIELD TESTING
945893,2/16/2011,PROPERTY EVIDENCE TRACKING SYSTEM
945893,1/7/2008,12 PASSENGER VAN / UTILITY VEHICLE QUALIFICATION
945893,1/7/2008,COLLISION RETRAINING
945893,1/7/2008,FOUR WHEEL DRIVE TRAINING
945893,4/25/2005,COBRA - COHORT TRAINING
945893,,FOUR WHEEL DRIVE TRAINING
945893,,RECRUIT 12 PASSENGER VAN / UTILITY VEHICLE QUALIFICATION
945893,,RECRUIT RMP QUALIFICATION / RMP OPERATOR QUALIFIED
973521,6/21/2025,CLT-TACTICAL AWARENESS AND OFFICER SAFETY
973521,6/20/2025,CLT-ENFORCEMENT ACTIONS
973521,6/19/2025,CLT-LEGAL ISSUES
973521,6/18/2025,CLT-BWC POLICY UPDATES
973521,6/14/2025,2025 BWC PROFICIENCY TRAINING
973521,6/13/2025,CLT-DOCUMENTATION AND FORMS
973521,6/7/2025,CLT-DOCUMENTATION AND FORMS
973521,6/5/2025,EAU 2025 POLICE COMMISSIONER JESSICA S. TISCH
973521,5/31/2025,SQF REVIEW AND DOCUMENTATION: SQF MODULE 10
973521,5/30/2025,CLT-DOCUMENTATION AND FORMS
973521,5/29/2025,CLT-DOCUMENTATION AND FORMS
973521,5/22/2025,CLT-DOCUMENTATION AND FORMS
973521,5/21/2025,2025 EQUAL EMPLOYMENT OPPORTUNITY TRAINING - SEXUAL HARASSMENT AWARENESS AND PREVENTION
973521,5/19/2025,CLT-DOCUMENTATION AND FORMS
973521,5/16/2025,CLT-DOCUMENTATION AND FORMS
973521,5/15/2025,CLT-DOCUMENTATION AND FORMS
973521,4/25/2025,CLT-ENFORCEMENT ACTIONS
973521,4/23/2025,CLT-DOCUMENTATION AND FORMS
973521,4/11/2025,FTS - TASER 7 ANNUAL RECERTIFICATION
973521,4/3/2025,CLT-DOCUMENTATION AND FORMS
973521,3/28/2025,CLT-DOCUMENTATION AND FORMS
973521,3/27/2025,CLT-ENFORCEMENT ACTIONS
973521,3/24/2025,CLT-ENFORCEMENT ACTIONS
973521,3/20/2025,CLT-PROPERTY
973521,3/15/2025,CLT-ENFORCEMENT ACTIONS
973521,3/14/2025,CLT-DOCUMENTATION AND FORMS
973521,3/1/2025,CLT-ENFORCEMENT ACTIONS
973521,2/15/2025,"CLT-UNIFORMS, PERSONAL APPEARANCE AND EQUIPMENT"
973521,2/8/2025,CLT-ENFORCEMENT ACTIONS
973521,1/27/2025,CLT-HUMAN RESOURCES AND PERSONNEL MATTERS
973521,1/27/2025,RIGHT TO KNOW ACT SQF MODULE 9
973521,1/27/2025,VEHICLE PURSUITS
973521,1/14/2025,KEVIN AND AVONTE SAFE HOME PROGRAM
973521,1/4/2025,2025 IDENTIFYING THE IMPAIRED DRIVER REFRESHER
973521,1/4/2025,ACTIVE SHOOTER - SCHOOL RESPONSE PROTOCOL
973521,12/30/2024,CLT-PROPERTY
973521,12/28/2024,CELL BLOCK FIRESHIELD EV BLANKETS
973521,12/28/2024,MULTI-FACTOR AUTHENTICATION MFA TRAINING
973521,12/17/2024,"CLT-UNIFORMS, PERSONAL APPEARANCE AND EQUIPMENT"
973521,12/16/2024,INFORMATION SECURITY AWARENESS TRAINING 2024
973521,12/9/2024,CLT-DOCUMENTATION AND FORMS
973521,12/6/2024,CLT-PROCEDURAL OPERATIONS
973521,12/4/2024,BEHAVIORAL HEALTH EMERGENCY ASSISTANCE RESPONSE DIVISION B-HEARD
973521,12/4/2024,NOTIFICATION OF ALLEGATIONS AND EMPLOYEE RIGHTS
973521,11/29/2024,CLT-PROCEDURAL OPERATIONS
973521,11/23/2024,CLT-DOCUMENTATION AND FORMS
973521,11/22/2024,CLT-PROCEDURAL OPERATIONS
973521,11/15/2024,DRIVING WHILE INTOXICATED AWARENESS VIDEO MODULE 1
973521,11/15/2024,LEAVING THE SCENE COLLISIONS INVESTIGATIVE BEST PRACTICES
973521,11/4/2024,CLT-HUMAN RESOURCES AND PERSONNEL MATTERS
973521,11/1/2024,CLT-PROFESSIONAL DEVELOPMENT
973521,10/21/2024,CLT-MEMBER-EMPLOYEE WELLNESS
973521,10/18/2024,CLT-LEGAL ISSUES
973521,10/11/2024,"CLT-UNIFORMS, PERSONAL APPEARANCE AND EQUIPMENT"
973521,10/10/2024,"CLT-UNIFORMS, PERSONAL APPEARANCE AND EQUIPMENT"
973521,10/5/2024,FAMILY BUILDING
973521,10/5/2024,NORTHWELL DIRECT FINEST CARE PROGRAM FOR UMOS
973521,10/3/2024,CLT-DOCUMENTATION AND FORMS
973521,9/23/2024,CLT-PROCEDURAL OPERATIONS
973521,9/16/2024,INCREASE OFFICER SAFETY DURING VEHICLE STOPS
973521,9/13/2024,CLT-TACTICAL AWARENESS AND OFFICER SAFETY
973521,9/5/2024,CLT-DOCUMENTATION AND FORMS
973521,9/5/2024,SELF-DEFENSE AND GRAPPLING TACTICS TRAINING COURSE
973521,8/29/2024,CLT-BWC POLICY UPDATES
973521,8/29/2024,FTS - CEW TASER 7 TRANSITION COURSE
973521,8/29/2024,FTS - TASER 7 HOLSTER DISTRIBUTION
973521,8/24/2024,RACIAL PROFILING AND BIASED BASED POLICING: SQF MODULE 8
973521,8/22/2024,CLT-DOCUMENTATION AND FORMS
973521,8/17/2024,RAPE IS RAPE
973521,8/17/2024,UNMANNED AIRCRAFT SYSTEMS VISUAL OBSERVER
973521,8/16/2024,CLT-DOCUMENTATION AND FORMS
973521,8/7/2024,CLT-ENFORCEMENT ACTIONS
973521,7/31/2024,APX NEXT PORTABLE AND RADIO DISCIPLINE TRAINING VIDEO
973521,7/12/2024,MENTAL HEALTH INVOLUNTARY REMOVALS MHL 9.41 AND MHL 9.58
973521,6/27/2024,CPR-AED CARDIOPULMONARY RESUSCITATION-AUTOMATED EXTERNAL DEFIBRILLATOR REFRESHER
973521,6/21/2024,LEVEL 1 AND LEVEL 2 INVESTIGATIVE ENCOUNTERS
973521,6/20/2024,CLT-LEGAL ISSUES
973521,6/17/2024,CLT-DOCUMENTATION AND FORMS
973521,6/13/2024,CLT-TACTICAL AWARENESS AND OFFICER SAFETY
973521,6/8/2024,CLT-ENFORCEMENT ACTIONS
973521,6/6/2024,CLT-ENFORCEMENT ACTIONS
973521,5/31/2024,CLT-BWC POLICY UPDATES
973521,5/31/2024,TACTICS WHEN ENGAGING INDIVIDUALS IN A MENTAL HEALTH CRISIS
973521,5/23/2024,CLT-TACTICAL AWARENESS AND OFFICER SAFETY
973521,5/18/2024,CLT-TACTICAL AWARENESS AND OFFICER SAFETY
973521,5/16/2024,CLT-INVESTIGATIONS
973521,5/15/2024,ACCURATE COMPLAINT REPORT CLASSIFICATION
973521,5/8/2024,ASSISTING SURVIVORS OF SEXUAL BASED VIOLENCE WITH ACCESS TO RESOURCES
973521,5/8/2024,DRIVE SMART 2024
973521,5/7/2024,CLT-TACTICAL AWARENESS AND OFFICER SAFETY
973521,5/3/2024,FIELD TRAINING OFFICER - DCJS - 5-DAY CERTIFICATION
973521,5/1/2024,2024 EQUAL EMPLOYMENT OPPORTUNITY TRAINING - SEXUAL HARASSMENT AWARENESS AND PREVENTION
973521,4/24/2024,CLT-ENFORCEMENT ACTIONS
973521,4/24/2024,HOUSING BUREAU INTERIOR PATROL TACTICS
973521,4/18/2024,CLT-OCCUPATIONAL-WORKPLACE SAFETY AND HEALTH
973521,4/12/2024,CLT - OATH VS. CRIMINAL COURT SUMMONS ROLL CALL TRAINING
973521,4/12/2024,CLT-DOCUMENTATION AND FORMS
973521,4/5/2024,POLICING THE SUBWAY 2024
973521,3/24/2024,2024 VEHICLE SEIZURE FORM REFRESHER
973521,3/11/2024,NYCHA INTERIOR PATROL: SQF MODULE 7
973521,3/3/2024,EMPLOYEE ASSISTANCE UNIT (E.A.U.) IS HERE FOR YOU- 2024
973521,3/1/2024,FTS - ANNUAL CEW RECERTIFICATION
973521,2/24/2024,CLT-TACTICAL AWARENESS AND OFFICER SAFETY
973521,2/1/2024,AUTISM SPECTRUM DISORDER
973521,12/30/2023,LGBTQIA PLUS - DIVERSITY AND INCLUSION
973521,12/30/2023,"POSSESSION OR INGESTION OF ANABOLIC STEROIDS, HUMAN GROWTH HORMONE, AND NUTRITIONAL SUPPLEMENTS"
973521,12/20/2023,OPIOID DANGERS- FENTANYL AND CARFENTANIL
973521,12/17/2023,INVESTIGATIVE ENCOUNTERS SUMMARY: SQF MODULE 6
973521,12/4/2023,NYPD RECRUITMENT TRAINING VIDEO
973521,11/28/2023,AUGMENTED REALITY FEATURE
973521,11/28/2023,ELDER ABUSE -2023 REFRESHER
973521,11/16/2023,2023 TASER X26P RE-QUALIFICATION
973521,11/13/2023,FTS - CEW X26P HOLSTER TRAINING AND DISTRIBUTION
973521,10/28/2023,INFORMATION SECURITY AWARENESS TRAINING - 2023
973521,10/28/2023,INVESTIGATIVE ENCOUNTERS 2023: MODULE 5 SQF LEVELS 3 AND 4
973521,10/11/2023,VEHICLE MOUNTED VIDEO SYSTEM
973521,10/7/2023,CLT-OCCUPATIONAL-WORKPLACE SAFETY AND HEALTH
973521,10/7/2023,CLT-PATROL TACTICS ROLLCALL TRAINING VIDEO SERIES
973521,9/29/2023,EFFECTIVE COMMUNICATION SKILLS - DEAF OR HARD OF HEARING
973521,9/14/2023,CLT-OCCUPATIONAL-WORKPLACE SAFETY AND HEALTH
973521,8/31/2023,CLT-LEGAL ISSUES
973521,8/26/2023,NYPD JOUVERT AND WEST INDIAN DAY-2023
973521,8/13/2023,2023 SUMMER ALL-OUT BODY WORN CAMERA TRAINING
973521,8/13/2023,UNMANNED AIRCRAFT PERMIT: DRONES FOR PUBLIC USE
973521,7/14/2023,CLT-PROCEDURAL OPERATIONS
973521,7/14/2023,CLT-VOLUNTARY - INVOLUNTARY TRANSPORTS
973521,7/13/2023,CLT-PROCEDURAL OPERATIONS
973521,7/13/2023,CLT-VOLUNTARY - INVOLUNTARY TRANSPORTS
973521,7/13/2023,TRAFFIC COURT TESTIMONY VIDEO
973521,7/1/2023,CLT-BWC POLICY UPDATES
973521,6/16/2023,CLT-PROCEDURAL OPERATIONS
973521,5/22/2023,"INVESTIGATIVE ENCOUNTERS 2023: MODULE 4 SQF LEVELS 2, 3 AND 4"
973521,5/20/2023,CLT-PROCEDURAL OPERATIONS
973521,5/19/2023,"HME - HOMEMADE EXPLOSIVES: AWARENESS, RECOGNITION, AND RESPONSE"
973521,5/16/2023,CLT-OCCUPATIONAL-WORKPLACE SAFETY AND HEALTH
973521,5/16/2023,CLT-PROCEDURAL OPERATIONS
973521,4/30/2023,2023 EQUAL EMPLOYMENT OPPORTUNITY TRAINING-SEXUAL HARASSMENT AWARENESS AND PREVENTION
973521,4/28/2023,CLT-DOCUMENTATION AND FORMS
973521,4/19/2023,CLT-OCCUPATIONAL-WORKPLACE SAFETY AND HEALTH
973521,4/19/2023,CLT-PROCEDURAL OPERATIONS
973521,4/14/2023,CLT-LEGAL ISSUES
973521,4/14/2023,CLT-OCCUPATIONAL-WORKPLACE SAFETY AND HEALTH
973521,4/13/2023,2023 LANGUAGE MATTERS - FOSTERING A POSITIVE WORK ENVIRONMENT
973521,4/13/2023,CLT-COMMUNICATION STRATEGIES AND AIDS
973521,4/11/2023,CLT-PROFESSIONAL DEVELOPMENT
973521,3/30/2023,CLT-DOCUMENTATION AND FORMS
973521,3/30/2023,CLT-TACTICAL AWARENESS AND OFFICER SAFETY
973521,3/29/2023,CLT-DOCUMENTATION AND FORMS
973521,3/29/2023,CLT-INFORMATION TECHNOLOGY
973521,3/29/2023,"CLT-INTEGRITY, ETHICS AND DISCIPLINE"
973521,3/29/2023,CLT-OCCUPATIONAL-WORKPLACE SAFETY AND HEALTH
973521,3/24/2023,INVESTIGATIVE ENCOUNTERS 2023: MODULE 3 SQF LEVEL 2
973521,3/23/2023,CLT-COMMUNICATION STRATEGIES AND AIDS
973521,3/23/2023,CLT-TACTICAL AWARENESS AND OFFICER SAFETY
973521,3/23/2023,ESPER POLICY LIBRARY
973521,3/2/2023,CLT-COMMUNICATION STRATEGIES AND AIDS
973521,2/22/2023,FTS - BI-WEEKLY FIREARMS PRACTICE SESSION
973521,2/22/2023,INFORMATION SECURITY CRIMINAL JUSTICE TRAINING 2023
973521,2/8/2023,FTS - BI-WEEKLY FIREARMS PRACTICE SESSION
973521,1/25/2023,NYPD-U VOLUNTARY - INVOLUNTARY TRANSPORTS
973521,1/22/2023,CLT-INFORMATION TECHNOLOGY
973521,1/22/2023,RAISING THE LOWER AGE OF JUVENILE DELINQUENCY
973521,1/13/2023,CLT-DOCUMENTATION AND FORMS
973521,1/13/2023,CLT-LEGAL ISSUES
973521,1/7/2023,INVESTIGATIVE ENCOUNTERS 2023: MODULE 2 SQF LEVEL 1
973521,12/29/2022,CLT-INFORMATION TECHNOLOGY
973521,12/28/2022,CLT-VOLUNTARY - INVOLUNTARY TRANSPORTS
973521,12/23/2022,CLT-LEGAL ISSUES
973521,12/23/2022,CLT-VOLUNTARY - INVOLUNTARY TRANSPORTS
973521,12/22/2022,"AXON BODY-WORN CAMERA TRAINING - CAMERA OPERATION, AXON VIEW AND EVIDENCE.COM (REQUIRED FOR LE4 COMM"
973521,12/14/2022,INVESTIGATIVE ENCOUNTERS 2023 - MODULE 1 INTRODUCTION TO SQF
973521,12/9/2022,BELT TRAUMA KIT VIDEO
973521,12/8/2022,CLT-LEGAL ISSUES
973521,11/22/2022,VIDEO 1 - PATROLLING THE NYC SUBWAY SYSTEM 2022
973521,11/22/2022,VIDEO 2 -TACTICAL CONSIDERATIONS FOR TRANSIT PATROL 2022 (PART 1)
973521,11/22/2022,VIDEO 3 - TACTICAL CONSIDERATIONS FOR TRANSIT PATROL 2022 (PART 2)
973521,11/22/2022,VIDEO 4 - PLATFORM SAFETY 2022
973521,11/2/2022,LGBTQIA PLUS AWARENESS
973521,10/29/2022,CLT-ENFORCEMENT ACTIONS
973521,10/28/2022,CLT-COMMUNITY ENGAGEMENT
973521,10/28/2022,CLT-INVESTIGATIONS
973521,10/26/2022,CLT-COMMUNICATION STRATEGIES AND AIDS
973521,10/25/2022,CLT-TACTICAL AWARENESS AND OFFICER SAFETY
973521,10/17/2022,PROCESSING CIVILIAN COMPLAINTS
973521,10/11/2022,CLT-DOCUMENTATION AND FORMS
973521,10/7/2022,CLT-INVESTIGATIONS
973521,10/6/2022,BELT-WORN TRAUMA KIT REFRESHER TRAINING VIDEO-2022
973521,10/6/2022,CRISIS INTERVENTION TEAM TRAINING
973521,10/1/2022,CLT-DOCUMENTATION AND FORMS
973521,9/30/2022,CLT-TACTICAL AWARENESS AND OFFICER SAFETY
973521,9/29/2022,CLT-COMMUNITY ENGAGEMENT
973521,9/29/2022,CLT-ENFORCEMENT ACTIONS
973521,9/28/2022,CLT-DOCUMENTATION AND FORMS
973521,9/28/2022,CLT-TACTICAL AWARENESS AND OFFICER SAFETY
973521,9/10/2022,THE EMPLOYEE ASSISTANCE UNIT (EAU) IS HERE FOR YOU
973521,8/31/2022,NYPD JOUVERT  WEST INDIAN DAY
973521,8/23/2022,ACTIVITY LOG FOR IPHONE
973521,8/23/2022,COLLABORATIVE POLICING - ELDER ABUSE
973521,8/23/2022,COLLABORATIVE POLICING - MEDIATION REFERRAL PROGRAM FOR NON-CRIMINAL COMPLAINTS
973521,8/23/2022,COLLABORATIVE POLICING- ACCESSING TELEPHONIC INTERPRETERS VIA LANGUAGE LINE
973521,8/23/2022,COLLABORATIVE POLICING- FOREIGN LANGUAGE CERTIFICATION VIDEO
973521,8/23/2022,"CPS INTERIOR PATROL OF HOUSING AUTHORITY BUILDINGS, PG 212-60 ROLL CALL VIDEO 2"
973521,8/23/2022,CPS INTERIOR PATROL TRESPASS AFFIDAVIT PROGRAM (TAP) VIDEO 1
973521,8/23/2022,CPS INTERIOR PATROL TRESPASS AFFIDAVIT PROGRAM (TAP) VIDEO 2
973521,8/23/2022,LEGAL BUREAU PERFORMANCE METRICS - PROHIBITED CONDUCT
973521,8/23/2022,NARCAN NASAL SPRAY TRAINING
973521,8/23/2022,NYC RIGHT TO KNOW ACT LEGISLATION - PART 2
973521,8/23/2022,NYC RIGHT TO KNOW ACT LEGISLATION – PART 1
973521,8/23/2022,PATROL- POLYCARBONATE SHIELD
973521,8/23/2022,PERSONNEL BUREAU NYPD EMPLOYEE ASSISTANCE UNIT (EAU)
973521,8/23/2022,RESPONDING TO PEOPLE IN CRISIS - MODULE 1: SENDING THE RIGHT SIGNALS
973521,8/23/2022,TRANSIT BUREAU - TIMELY RESUMPTION OF SERVICE IN NYC TRANSIT
973521,8/20/2022,MARIJUANA BURNING ENFORCEMENT POLICY
973521,8/20/2022,RESPONDING TO PEOPLE IN CRISIS - MODULES 2 AND 3: ACTIVE LISTENING PARTS 1 AND 2
973521,8/18/2022,COLLABORATIVE POLICING - THE DEAF AND HARD OF HEARING COMMUNITY
973521,8/18/2022,LEGAL BUREAU - PERJURY TRAINING MODULE
973521,8/18/2022,RESPONDING TO PEOPLE IN CRISIS-INTRODUCTION TO CIT VIDEO SERIES
973521,8/18/2022,SAFEGUARDING PRISONERS - OFFICER SAFETY GUIDELINES
973521,8/18/2022,"SUPPORT SERVICES DIVISION - CLASS ""C"" OPERATOR"
973521,8/17/2022,DOMESTIC VIOLENCE EDUCATION AND COUNSELING
973521,8/17/2022,MARIJUANA POLICY UPDATE
973521,8/17/2022,RESPONDING TO COMMERCIAL ROBBERIES
973521,8/17/2022,RESPONDING TO PEOPLE IN CRISIS – MODULE 4: USING DEPARTMENT MOBILE DIGITAL DEVICES
973521,8/17/2022,TRANSIT BUREAU - SAFETY CONSIDERATIONS FOR PATROLLING THE NYC SUBWAY SYSTEM
973521,8/17/2022,TRANSIT BUREAU - SAFETY CONSIDERATIONS FOR PATROLLING THE NYC SUBWAY SYSTEM - PART 2
973521,8/17/2022,WORLDPRIDE NYC 2019
973521,8/16/2022,CJB - DESK APPEARANCE TICKETS: THE NEW LAWS AND GUIDELINES FOR PROCESSING DATS
973521,8/16/2022,CJB - OVERVIEW OF THE NEW DISCOVERY LAWS
973521,8/16/2022,COVID-19: PREPAREDNESS YOUR FAMILY AND HOME
973521,8/16/2022,CRIMINAL JUSTICE BUREAU - DNA TRAINING VIDEO
973521,8/16/2022,CRIMINAL JUSTICE BUREAU - GIGLIO MATERIAL DISCLOSURES UNDER THE NEW DISCOVERY LAWS
973521,8/16/2022,CRITICAL DECISION MAKING MODEL
973521,8/16/2022,CROSSFIRE MITIGATION DURING CLOSE COMBAT INCIDENTS
973521,8/16/2022,FORCE POLICY UPDATE VIDEO
973521,8/16/2022,HEALTH AND WELLNESS SECTION - MODULE 1 - PSYCHOLOGICAL HEALTH AND WELLNESS
973521,8/16/2022,PROCESSING DISCOVERY MATERIAL IN THE FORMS ARREST FOLDER
973521,8/16/2022,RESPONDING TO COMMERCIAL ROBBERIES PART LL - MODULE 1 AND MODULE 2
973521,8/16/2022,UTILIZING BALLISTIC PROTECTION IN DEPARTMENT VEHICLES (4:09)
973521,8/15/2022,COMMUNICATIONS- THE PROPER USAGE OF THE IDA RADIO CODES
973521,8/15/2022,COVID VACCINE DISTRIBUTION AND EDUCATION
973521,8/15/2022,COVID-19: PREPAREDENESS
973521,8/15/2022,COVID-19: PROTECTIVE MASKS
973521,8/15/2022,CRIMINAL JUSTICE REFORM ACT ROLL CALL TRAINING PART 2
973521,8/15/2022,CROSSFIRE MITIGATION DURING CLOSE COMBAT INCIDENTS - PART 2
973521,8/15/2022,DESK APPEARANCE TICKETS: THE NEW LAW AND THE NEW GUIDELINES FOR PROCESSING DAT'S - 2021 REFRESHER
973521,8/15/2022,DISCHARGING YOUR FIREARM AT A MOVING THREAT
973521,8/15/2022,EQUAL EMPLOYMENT OPPORTUNITY TRAINING - LEAVE TO EXPRESS BREAST MILK
973521,8/15/2022,HEALTH AND WELLNESS SECTION - MODULE 10 - SEEKING AND RECEIVING MENTAL HEALTH SUPPORT
973521,8/15/2022,HEALTH AND WELLNESS SECTION - MODULE 11 - HEALTH AND RESILIENCY
973521,8/15/2022,HEALTH AND WELLNESS SECTION - MODULE 12 - IN THAT DARK PLACE - AN OFFICER'S JOURNEY
973521,8/15/2022,HEALTH AND WELLNESS SECTION - MODULE 2 - JOB COUNSELING AND STRESS
973521,8/15/2022,HEALTH AND WELLNESS SECTION - MODULE 3 - WARNING SIGNS
973521,8/15/2022,HEALTH AND WELLNESS SECTION - MODULE 4 - CUMULATIVE TRAUMA
973521,8/15/2022,HEALTH AND WELLNESS SECTION - MODULE 5 - GAINING PERSPECTIVE
973521,8/15/2022,HEALTH AND WELLNESS SECTION - MODULE 6 - COPING WITH SIGNS OF ANXIETY DEPRESSION
973521,8/15/2022,HEALTH AND WELLNESS SECTION - MODULE 7 - LEADING WITH COMPASSION
973521,8/15/2022,"HEALTH AND WELLNESS SECTION - MODULE 8 - WARNING SIGNS, SUPPORT AND OUTREACH"
973521,8/15/2022,HEALTH AND WELLNESS SECTION - MODULE 9 - MANAGING STRESS ON THE JOB
973521,8/15/2022,NEW PERFORMANCE EVALUATION PROCESS
973521,8/15/2022,POLICE COMMISSIONERS MESSAGE - VICTIMS OF SEXUAL ASSAULT VIDEO
973521,8/15/2022,RAISE THE AGE
973521,8/15/2022,RECRUIT SUPPLEMENTAL-OFFICER SAFETY
973521,8/15/2022,SAFETY CONSIDERATIONS FOR PATROLLING THE NYC SUBWAY SYSTEM -DANGERS OF THE PLATFORM EDGE
973521,8/15/2022,TACTICAL AWARENESS-SMARTPHONE SAFETY
973521,8/15/2022,TRANSIT BUREAU - TRANSIT KEYS
973521,8/15/2022,VICTIM BLAMING AND RELEASE OF INFORMATION TO THE MEDIA
973521,8/11/2022,BODY-WORN CAMERA REVIEW PART ONE
973521,8/11/2022,EMPLOYEE ASSISTANCE UNIT-2021
973521,8/11/2022,IDENTIFYING THE IMPAIRED DRIVER
973521,8/11/2022,OPIOID OVERDOSE RECOGNITION AND NARCAN ADMINISTRATION -2021
973521,8/10/2022,2022 EQUAL EMPLOYMENT OPPORTUNITY TRAINING-SEXUAL HARASSMENT AWARENESS AND PREVENTION
973521,8/10/2022,ARRESTS - RELIGIOUS HEAD COVERING GUIDELINES (PG 208-83)
973521,8/10/2022,BODY-WORN CAMERA REVIEW PART TWO
973521,8/10/2022,CONVICTED OFFENDER DNA DATABANK SPECIMEN COLLECTION KIT
973521,8/10/2022,"CPS INTERIOR PATROL OF HOUSING AUTHORITY BUILDINGS, PG 212-60 ROLL CALL VIDEO 1"
973521,8/10/2022,CRIMINAL JUSTICE REFORM ACT ROLL CALL TRAINING PART 1
973521,8/10/2022,FTS - BI-WEEKLY FIREARMS PRACTICE SESSION
973521,8/10/2022,ILLEGAL EVICTIONS
973521,8/10/2022,LOCAL LAW 45 OF 2021-TRAFFIC ENCOUNTERS
973521,8/10/2022,MAYOR EXECUTIVE ORDER 78 VACCINATION - TESTING COMPLIANCE POLICY
973521,8/10/2022,OVERVIEW OF THE NEW DISCOVERY LAWS 2021 REFRESHER
973521,8/10/2022,PATROL GUIDE 215-17 POLICE ACTIONS RELATED QUESTIONING ARRESTS AND INVESTIGATIONS AT A NYC DEPARTMEN
973521,8/10/2022,VEHICLE SEIZURE FORM
973521,8/9/2022,CAR STOP TACTICS FOR PATROL OFFICERS - MODULE 1: CONTROLLING THE STOP
973521,8/9/2022,CAR STOP TACTICS FOR PATROL OFFICERS - MODULE 2: PROHIBITED MANEUVERS
973521,8/9/2022,CAR STOP TACTICS FOR PATROL OFFICERS - MODULE 3: THE UNKNOWN RISK STOP
973521,8/9/2022,CAR STOP TACTICS FOR PATROL OFFICERS - MODULE 4: THE HIGH-RISK STOP
973521,7/26/2022,"INTEGRATING COMMUNICATION, ASSESSMENT AND TACTICS (ICAT) MODULE 6"
973521,7/26/2022,"INTEGRATING COMMUNICATION, ASSESSMENT, AND TACTICS (ICAT) MODULE 7"
973521,7/7/2022,CLT-PROFESSIONAL DEVELOPMENT
973521,7/1/2022,BTK (BELT TRAUMA KIT DISTRIBUTION AND FAMILIARIZATION)
973521,7/1/2022,RECRUIT TRAINING - CONSTITUTIONAL POLICING - DAY ONE
973521,7/1/2022,RECRUIT TRAINING - CONSTITUTIONAL POLICING - DAY TWO
973521,6/22/2022,BEST PRACTICES IN STRUCTURED INTERVIEWING
973521,6/20/2022,POLICE ACADEMY RECRUIT 3RD TRIMESTER EXAM
973521,6/17/2022,RTS ACADEMIC - AUTO-RELATED PROCEDURES AND CRIMES PART 2
973521,6/17/2022,RTS ACADEMIC - CIVIL DISORDER OFFENSES
973521,6/17/2022,RTS ACADEMIC - CUSTODIAL OFFENSES
973521,6/17/2022,RTS ACADEMIC - DRUG OFFENSES
973521,6/17/2022,RTS ACADEMIC - INTEGRITY CRIMES AND CIVIL LIABILITIES
973521,6/17/2022,RTS ACADEMIC - INTERIOR PATROL
973521,6/17/2022,RTS ACADEMIC - INTERROGATION AND IDENTIFICATION
973521,6/17/2022,RTS ACADEMIC - MAINTAINING PUBLIC ORDER
973521,6/17/2022,RTS ACADEMIC - TRANSIT OPERATIONS
973521,6/17/2022,RTS ACADEMIC - WEAPONS OFFENSES
973521,6/16/2022,RTS ACADEMIC - AUTO-RELATED PROCEDURES AND CRIMES PART 1
973521,6/16/2022,RTS ACADEMIC - SUMMONSES
973521,6/10/2022,RTS ACADEMIC - AIDED AND MISSING
973521,6/9/2022,RTS ACADEMIC - POLICING WITH INTEGRITY
973521,6/8/2022,HIGHWAY DRUG IMPAIRED DRIVING COURSE
973521,6/8/2022,HIGHWAY PRELIMINARY BREATH TEST INSTRUMENT TRAINING - PBT
973521,6/8/2022,NATIONAL INCIDENT-BASED REPORTING SYSTEM (NIBRS) UPDATES TO THE OMNIFORM COMPLAINT SYSTEMV
973521,6/6/2022,CONSTITUTIONAL POLICING AT COMMUNITY EVENTS (CPACE)
973521,6/3/2022,CONSTITUTIONAL POLICING AT COMMUNITY EVENTS (CPACE)
973521,5/31/2022,RTS ACADEMIC - CHILDREN AND ADOLESCENTS
973521,5/24/2022,PROHIBITED METHODS OF RESTRAINT
973521,5/20/2022,RECRUIT 12 PASSENGER VAN / UTILITY VEHICLE QUALIFICATION
973521,5/19/2022,RECRUIT RMP QUALIFICATION / RMP OPERATOR QUALIFIED
973521,5/10/2022,PTTD DEFENSIVE TACTICS PRACTICAL EXAM
973521,5/5/2022,RECRUIT RAPID DEPLOYMENT-ACTIVE SHOOTER
973521,5/3/2022,POLICE ACADEMY RECRUIT 2ND TRIMESTER EXAM
973521,5/2/2022,ACTIVE BYSTANDERSHIP FOR LAW ENFORCEMENT (ABLE): ONE DAY COURSE
973521,5/2/2022,POLICE ACADEMY RECRUIT JUSTIFICATION WRITTEN EXAM
973521,5/2/2022,RTS ACADEMIC - COURT APPEARANCES
973521,5/2/2022,RTS ACADEMIC - OCCUPATIONAL SAFETY AND HEALTH ADMINISTRATION - OSHA
973521,5/2/2022,RTS ACADEMIC - POLICE FIELD COMMUNICATIONS
973521,4/28/2022,PTTD WATER SAFETY
973521,4/20/2022,OFF DUTY PISTOL CERTIFIED
973521,4/20/2022,RECRUIT TACTICAL FIREARMS QUALIFICATION AND TRAINING OFF DUTY PISTOL CERTIFIED
973521,4/18/2022,RTS ACADEMIC - CRIMES AGAINST PERSONS
973521,4/18/2022,RTS ACADEMIC - INTRODUCTION TO PENAL LAW
973521,4/18/2022,RTS ACADEMIC - PROPERTY CRIMES
973521,4/18/2022,RTS ACADEMIC - SEARCH AND SEIZURE
973521,4/18/2022,RTS ACADEMIC - SEX OFFENSES
973521,4/18/2022,RTS ACADEMIC - THEFT OFFENSES
973521,4/15/2022,RTS ACADEMIC - DOMESTIC VIOLENCE
973521,4/11/2022,GROUND TACTICS
973521,4/7/2022,CPS BODY-WORN CAMERA TRAINING WITH SCENARIOS
973521,4/4/2022,P.A. RECRUIT NCIC/III EXAM
973521,4/1/2022,FIREARMS 5 DAY TACTICAL APPLICATION V2
973521,4/1/2022,RTS ACADEMIC - ARREST PROCESSING
973521,4/1/2022,RTS ACADEMIC - COLLECTING AND PROCESSING EVIDENCE
973521,3/25/2022,PTTD WEAPONS DEFENSE
973521,3/22/2022,VEHICLE STOP SOLUTIONS MODULE
973521,3/18/2022,RTS ACADEMIC - POLICING THE EMOTIONALLY DISTURBED
973521,3/17/2022,P.A. RECRUIT NYPD COMPUTER USE POLICY AND MONITORING NOTICE
973521,3/16/2022,BATON
973521,3/14/2022,FIRST AID WRITEN EXAM
973521,3/11/2022,PTTD EXPANDABLE BATON
973521,3/10/2022,RTS ACADEMIC - PEOPLE IN CRISIS
973521,2/27/2022,"RECRUIT SUPPLEMENTAL-CRITICAL DECISION MAKING, DE-ESCALATION, AND COMMUNICATION"
973521,2/25/2022,FRISKING AND HANDCUFFING
973521,2/24/2022,RTS ACADEMIC - STRESS MANAGEMENT FOR POLICE OFFICERS
973521,2/23/2022,"PTTD CARDIO ENDURANCE TEST, 1ST ATTEMPT"
973521,2/22/2022,PTTD CPR PRACTICAL EXAM
973521,2/18/2022,RECRUIT BASIC FIREARMS QUALIFICATION AND TRAINING
973521,2/8/2022,POLICE ACADEMY RECRUIT 1ST TRIMESTER EXAM
973521,2/7/2022,POLICE ACADEMY RECRUIT STOP QUESTION & FRISK WRITTEN EXAM
973521,2/7/2022,RTS ACADEMIC - GENERAL REGULATIONS
973521,2/7/2022,RTS ACADEMIC - INTRO TO NYPD
973521,2/7/2022,RTS ACADEMIC - INVESTIGATION AND REPORT WRITING
973521,2/6/2022,RECRUIT SUPPLEMENTAL-PROCEDURAL JUSTICE AND NEIGHBORHOOD POLICING
973521,2/4/2022,RTS ACADEMIC - POLICING A MULTICULTURAL SOCIETY
973521,2/1/2022,RTS ACADEMIC - NEIGHBORHOOD POLICING
973521,1/31/2022,RTS ACADEMIC - AUTHORITY TO ARREST
973521,1/31/2022,RTS ACADEMIC - INTRODUCTION TO LAW AND JUSTICE
973521,1/31/2022,RTS ACADEMIC - POLICING LEGALLY
973521,1/31/2022,RTS ACADEMIC - USE OF FORCE
973521,1/27/2022,PTTD DEFENSIVE TACTICS PRACTICAL EXAM
973521,1/24/2022,JOB STANDARDS TEST ATTEMPT #1
973521,1/19/2022,RTS ACADEMIC - POLICING IMPARTIALLY
973521,1/18/2022,RTS ACADEMIC - DISCRETION
973521,1/7/2022,RTS ACADEMIC - INTRODUCTION TO PUBLIC SERVICE
973521,1/7/2022,RTS ACADEMIC - POLICING PROFESSIONALLY
973521,9/16/2021,INFORMATION SECURITY AWARENESS TRAINING 2021
973521,9/5/2019,SHIELD OF RESILIENCE TRAINING COURSE
973521,11/9/2015,EMERGENCY VEHICLE OPERATION JULY 07 - PRESENT
973521,11/9/2015,FIELD TRAINING PROGRAM JULY 07 - PRESENT
973521,11/9/2015,PHYSICAL EDUCATION PART 1: FOUNDATIONS OF PHYSICAL FITNESS
973521,11/9/2015,PHYSICAL EDUCATION PART 2: DEFENSIVE TACTICS JULY 07 - PRESENT
973521,11/9/2015,PHYSICAL EDUCATION PART 3: AMERICAN HEART ASSOCIATION BASIC LIFE SUPPORT
973521,11/9/2015,POLICE CRISIS INTERVENTION JULY 07 - PRESENT
973521,11/9/2015,POLICE FIELD PROBLEMS JULY 07 - PRESENT
973521,11/9/2015,POLICE INVESTIGATION AND REPORTING JULY 07 - PRESENT
973521,11/9/2015,POLICING A DEMOCRACY JULY 07 - PRESENT
973521,11/9/2015,POLICING SPECIAL POPULATIONS JULY 07 - PRESENT
973521,11/9/2015,PROCEDURAL LAW JULY 07 - PRESENT
973521,11/9/2015,SUBSTANTIVE LAW JULY 07 - PRESENT
973521,11/9/2015,TERRORISM AWARENESS AND RESPONSE JULY 07 - PRESENT
943456,6/3/2025,ASSISTING SURVIVORS OF SEXUAL BASED VIOLENCE WITH ACCESS TO RESOURCES
943456,3/14/2025,LEAVING THE SCENE COLLISIONS INVESTIGATIVE BEST PRACTICES
943456,1/24/2025,ACTIVE SHOOTER - SCHOOL RESPONSE PROTOCOL
943456,1/24/2025,CELL BLOCK FIRESHIELD EV BLANKETS
943456,1/24/2025,INFORMATION SECURITY AWARENESS TRAINING 2024
943456,1/24/2025,VEHICLE PURSUITS
943456,12/11/2024,BEHAVIORAL HEALTH EMERGENCY ASSISTANCE RESPONSE DIVISION B-HEARD
943456,12/11/2024,DRIVING WHILE INTOXICATED AWARENESS VIDEO MODULE 1
943456,10/25/2024,NORTHWELL DIRECT FINEST CARE PROGRAM FOR UMOS
943456,8/25/2024,RACIAL PROFILING AND BIASED BASED POLICING: SQF MODULE 8
943456,8/23/2024,RAPE IS RAPE
943456,8/23/2024,UNMANNED AIRCRAFT SYSTEMS VISUAL OBSERVER
943456,8/1/2024,2024 EQUAL EMPLOYMENT OPPORTUNITY TRAINING - SEXUAL HARASSMENT AWARENESS AND PREVENTION
943456,7/18/2024,TACTICS WHEN ENGAGING INDIVIDUALS IN A MENTAL HEALTH CRISIS
943456,7/1/2024,INVESTIGATIVE ENCOUNTERS 2023: MODULE 5 SQF LEVELS 3 AND 4
943456,7/1/2024,LEVEL 1 AND LEVEL 2 INVESTIGATIVE ENCOUNTERS
943456,5/12/2024,HOUSING BUREAU INTERIOR PATROL TACTICS
943456,4/22/2024,POLICING THE SUBWAY 2024
943456,4/10/2024,EMPLOYEE ASSISTANCE UNIT (E.A.U.) IS HERE FOR YOU- 2024
943456,2/26/2024,LGBTQIA PLUS - DIVERSITY AND INCLUSION
943456,2/26/2024,"POSSESSION OR INGESTION OF ANABOLIC STEROIDS, HUMAN GROWTH HORMONE, AND NUTRITIONAL SUPPLEMENTS"
943456,2/6/2024,OPIOID DANGERS- FENTANYL AND CARFENTANIL
943456,1/19/2024,FTS - ANNUAL CEW RECERTIFICATION
943456,12/9/2023,AUGMENTED REALITY FEATURE
943456,11/15/2023,INFORMATION SECURITY AWARENESS TRAINING - 2023
943456,10/29/2023,VEHICLE MOUNTED VIDEO SYSTEM
943456,9/24/2023,UNMANNED AIRCRAFT PERMIT: DRONES FOR PUBLIC USE
943456,8/21/2023,SRG - RAPID MOBILIZATION (PATROL) LEVEL 4
943456,8/16/2023,TRAFFIC COURT TESTIMONY VIDEO
943456,6/3/2023,2023 EQUAL EMPLOYMENT OPPORTUNITY TRAINING-SEXUAL HARASSMENT AWARENESS AND PREVENTION
943456,6/3/2023,INVESTIGATIVE ENCOUNTERS 2023: MODULE 3 SQF LEVEL 2
943456,6/3/2023,"INVESTIGATIVE ENCOUNTERS 2023: MODULE 4 SQF LEVELS 2, 3 AND 4"
943456,5/20/2023,2023 LANGUAGE MATTERS - FOSTERING A POSITIVE WORK ENVIRONMENT
943456,5/1/2023,ESPER POLICY LIBRARY
943456,4/5/2023,RAISING THE LOWER AGE OF JUVENILE DELINQUENCY
943456,2/22/2023,INFORMATION SECURITY CRIMINAL JUSTICE TRAINING 2023
943456,2/1/2023,INVESTIGATIVE ENCOUNTERS 2023 - MODULE 1 INTRODUCTION TO SQF
943456,2/1/2023,INVESTIGATIVE ENCOUNTERS 2023: MODULE 2 SQF LEVEL 1
943456,2/1/2023,NYPD-U VOLUNTARY - INVOLUNTARY TRANSPORTS
943456,1/3/2023,CLT-VOLUNTARY - INVOLUNTARY TRANSPORTS
943456,11/26/2022,VIDEO 1 - PATROLLING THE NYC SUBWAY SYSTEM 2022
943456,11/26/2022,VIDEO 2 -TACTICAL CONSIDERATIONS FOR TRANSIT PATROL 2022 (PART 1)
943456,11/26/2022,VIDEO 3 - TACTICAL CONSIDERATIONS FOR TRANSIT PATROL 2022 (PART 2)
943456,11/26/2022,VIDEO 4 - PLATFORM SAFETY 2022
943456,11/3/2022,LGBTQIA PLUS AWARENESS
943456,11/3/2022,PROCESSING CIVILIAN COMPLAINTS
943456,11/3/2022,THE EMPLOYEE ASSISTANCE UNIT (EAU) IS HERE FOR YOU
943456,10/7/2022,BELT-WORN TRAUMA KIT REFRESHER TRAINING VIDEO-2022
943456,10/6/2022,DRONE ASSESSMENT AND RESPONSE TACTICS (AWR-404)
943456,8/30/2022,NYPD JOUVERT  WEST INDIAN DAY
943456,8/19/2022,2022 EQUAL EMPLOYMENT OPPORTUNITY TRAINING-SEXUAL HARASSMENT AWARENESS AND PREVENTION
943456,8/8/2022,CONVICTED OFFENDER DNA DATABANK SPECIMEN COLLECTION KIT
943456,7/31/2022,VEHICLE SEIZURE FORM
943456,6/29/2022,AXON AB2 TO AB3 REFRESH FOR ESU
943456,6/29/2022,CAR STOP TACTICS FOR PATROL OFFICERS - MODULE 2: PROHIBITED MANEUVERS
943456,6/29/2022,CJB - DESK APPEARANCE TICKETS: THE NEW LAWS AND GUIDELINES FOR PROCESSING DATS
943456,6/29/2022,CJB - OVERVIEW OF THE NEW DISCOVERY LAWS
943456,6/29/2022,CRIMINAL JUSTICE REFORM ACT ROLL CALL TRAINING PART 1
943456,6/29/2022,CRIMINAL JUSTICE REFORM ACT ROLL CALL TRAINING PART 2
943456,6/29/2022,CROSSFIRE MITIGATION DURING CLOSE COMBAT INCIDENTS - PART 2
943456,6/29/2022,DESK APPEARANCE TICKETS: THE NEW LAW AND THE NEW GUIDELINES FOR PROCESSING DAT'S - 2021 REFRESHER
943456,6/29/2022,DOMESTIC VIOLENCE EDUCATION AND COUNSELING
943456,6/29/2022,EMPLOYEE ASSISTANCE UNIT-2021
943456,6/29/2022,EQUAL EMPLOYMENT OPPORTUNITY TRAINING - LEAVE TO EXPRESS BREAST MILK
943456,6/29/2022,ILLEGAL EVICTIONS
943456,6/29/2022,INVESTIGATIVE ENCOUNTERS-VIDEO #1 REQUEST FOR INFO-UNIT TRAINING FEB 2016
943456,6/29/2022,INVESTIGATIVE ENCOUNTERS-VIDEO #2 COMMON LAW RIGHT OF INQUIRY-UNIT TRAINING MAY 2016
943456,6/29/2022,INVESTIGATIVE ENCOUNTERS-VIDEO #3 TERRY STOPS AND REASONABLE SUSPICION-UNIT TRAINING JUNE 2016
943456,6/29/2022,INVESTIGATIVE ENCOUNTERS-VIDEO #4 DOCUMENTATION AND SUPERVISION-UNIT TRAINING JULY 2016
943456,6/29/2022,NEW PERFORMANCE EVALUATION PROCESS
943456,6/29/2022,OVERVIEW OF THE NEW DISCOVERY LAWS 2021 REFRESHER
943456,6/29/2022,PROCESSING DISCOVERY MATERIAL IN THE FORMS ARREST FOLDER
943456,6/29/2022,PROHIBITED METHODS OF RESTRAINT
943456,6/29/2022,PUBLIC CONTACT AND CONSENT TO SEARCH (RIGHT TO KNOW) - UNIT TRAINING AUGUST 2016
943456,6/29/2022,RESPONDING TO COMMERCIAL ROBBERIES
943456,6/29/2022,RESPONDING TO COMMERCIAL ROBBERIES PART LL - MODULE 1 AND MODULE 2
943456,6/29/2022,SAFETY CONSIDERATIONS FOR PATROLLING THE NYC SUBWAY SYSTEM -DANGERS OF THE PLATFORM EDGE
943456,6/29/2022,UTILIZING BALLISTIC PROTECTION IN DEPARTMENT VEHICLES (4:09)
943456,6/29/2022,VICTIM BLAMING AND RELEASE OF INFORMATION TO THE MEDIA
943456,6/22/2022,BEST PRACTICES IN STRUCTURED INTERVIEWING
943456,6/22/2022,CAR STOP TACTICS FOR PATROL OFFICERS - MODULE 1: CONTROLLING THE STOP
943456,6/22/2022,CAR STOP TACTICS FOR PATROL OFFICERS - MODULE 3: THE UNKNOWN RISK STOP
943456,6/22/2022,CAR STOP TACTICS FOR PATROL OFFICERS - MODULE 4: THE HIGH-RISK STOP
943456,6/22/2022,NATIONAL INCIDENT-BASED REPORTING SYSTEM (NIBRS) UPDATES TO THE OMNIFORM COMPLAINT SYSTEMV
943456,5/2/2022,ESU NEW YORK STATE EMERGENCY MEDICAL TECHNICIAN - REFRESHER
943456,5/2/2022,"HME - HOMEMADE EXPLOSIVES: AWARENESS, RECOGNITION, AND RESPONSE"
943456,4/29/2022,CONSTITUTIONAL POLICING AT COMMUNITY EVENTS (CPACE)
943456,3/23/2022,IDENTIFYING THE IMPAIRED DRIVER
943456,2/9/2022,FTS - ANNUAL CEW RECERTIFICATION
943456,1/21/2022,ARRESTS - RELIGIOUS HEAD COVERING GUIDELINES (PG 208-83)
943456,1/1/2022,LOCAL LAW 45 OF 2021-TRAFFIC ENCOUNTERS
943456,11/15/2021,AWARENESS AND RESPONSE TO BIOLOGICAL INCIDENTS
943456,10/27/2021,ACTIVE BYSTANDERSHIP FOR LAW ENFORCEMENT (ABLE): ONE DAY COURSE
943456,10/23/2021,BODY-WORN CAMERA REVIEW PART ONE
943456,10/23/2021,BODY-WORN CAMERA REVIEW PART TWO
943456,9/18/2021,INFORMATION SECURITY AWARENESS TRAINING 2021
943456,9/17/2021,MAYOR EXECUTIVE ORDER 78 VACCINATION - TESTING COMPLIANCE POLICY
943456,9/17/2021,OPIOID OVERDOSE RECOGNITION AND NARCAN ADMINISTRATION -2021
943456,8/11/2021,EQUAL EMPLOYMENT OPPORTUNITY TRAINING - SEXUAL HARASSMENT AWARENESS AND PREVENTION 2021
943456,5/24/2021,PATROL GUIDE 215-17 POLICE ACTIONS RELATED QUESTIONING ARRESTS AND INVESTIGATIONS AT A NYC DEPARTMEN
943456,4/8/2021,EQUAL EMPLOYMENT OPPORTUNITY TRAINING - LGBTQIA+ DIVERSITY AND INCLUSION / EXECUTIVE ORDER 16 OF 201
943456,1/27/2021,COVID VACCINE DISTRIBUTION AND EDUCATION
943456,10/28/2020,HEALTH AND WELLNESS SECTION - MODULE 1 - PSYCHOLOGICAL HEALTH AND WELLNESS
943456,10/28/2020,HEALTH AND WELLNESS SECTION - MODULE 10 - SEEKING AND RECEIVING MENTAL HEALTH SUPPORT
943456,10/28/2020,HEALTH AND WELLNESS SECTION - MODULE 11 - HEALTH AND RESILIENCY
943456,10/28/2020,HEALTH AND WELLNESS SECTION - MODULE 12 - IN THAT DARK PLACE - AN OFFICER'S JOURNEY
943456,10/28/2020,HEALTH AND WELLNESS SECTION - MODULE 2 - JOB COUNSELING AND STRESS
943456,10/28/2020,HEALTH AND WELLNESS SECTION - MODULE 3 - WARNING SIGNS
943456,10/28/2020,HEALTH AND WELLNESS SECTION - MODULE 4 - CUMULATIVE TRAUMA
943456,10/28/2020,HEALTH AND WELLNESS SECTION - MODULE 5 - GAINING PERSPECTIVE
943456,10/28/2020,HEALTH AND WELLNESS SECTION - MODULE 6 - COPING WITH SIGNS OF ANXIETY DEPRESSION
943456,10/28/2020,HEALTH AND WELLNESS SECTION - MODULE 7 - LEADING WITH COMPASSION
943456,10/28/2020,"HEALTH AND WELLNESS SECTION - MODULE 8 - WARNING SIGNS, SUPPORT AND OUTREACH"
943456,10/28/2020,HEALTH AND WELLNESS SECTION - MODULE 9 - MANAGING STRESS ON THE JOB
943456,10/8/2020,BALLISTIC VEST DISTRIBUTION PROGRAM
943456,10/1/2020,FTS - ANNUAL CEW RECERTIFICATION
943456,9/28/2020,"EQUAL EMPLOYMENT OPPORTUNITY TRAINING - SEXUAL HARASSMENT, AWARENESS AND PREVENTION"
943456,8/7/2020,2019-2020 IN-SERVICE CYCLE - TEAM TACTICS REFRESHER
943456,8/3/2020,2017-2019 IN-SERVICE CYCLE-INVESTIGATIVE ENCOUNTERS- BASIC TRAINING WITH SCENARIOS
943456,7/16/2020,FTS - BALLISTIC VEST REPLACEMENT - MEASUREMENT - PRE AUG 2020
943456,7/4/2020,NEW LAWS AFFECTING POLICE OFFICERS’ CRIMINAL AND CIVIL LIABILITY
943456,5/23/2020,COVID-19: PREPAREDENESS
943456,5/23/2020,COVID-19: PREPAREDNESS YOUR FAMILY AND HOME
943456,5/23/2020,COVID-19: PROTECTIVE MASKS
943456,2/17/2020,CRIMINAL JUSTICE BUREAU - GIGLIO MATERIAL DISCLOSURES UNDER THE NEW DISCOVERY LAWS
943456,2/16/2020,ACTIVITY LOG FOR IPHONE
943456,12/24/2019,CROSSFIRE MITIGATION DURING CLOSE COMBAT INCIDENTS
943456,12/24/2019,DISCHARGING YOUR FIREARM AT A MOVING THREAT
943456,12/24/2019,FORCE POLICY UPDATE VIDEO
943456,12/19/2019,ILERSBA - INITIAL LAW ENFORCMENT RESPONSE TO SUICIDE BOMBING ATTACKS
943456,12/5/2019,FTS - ANNUAL CEW RECERTIFICATION
943456,11/20/2019,CRIMINAL JUSTICE BUREAU - DNA TRAINING VIDEO
943456,11/20/2019,CRITICAL DECISION MAKING MODEL
943456,11/20/2019,MARIJUANA POLICY UPDATE
943456,9/11/2019,SHIELD OF RESILIENCE TRAINING COURSE
943456,9/6/2019,SHIELD OF RESILIENCE TRAINING COURSE
943456,9/4/2019,SHIELD OF RESILIENCE TRAINING COURSE
943456,8/1/2019,CPS BODY-WORN CAMERA TRAINING WITH SCENARIOS
943456,7/30/2019,COLLABORATIVE POLICING - MEDIATION REFERRAL PROGRAM FOR NON-CRIMINAL COMPLAINTS
943456,7/30/2019,RESPONDING TO PEOPLE IN CRISIS – MODULE 4: USING DEPARTMENT MOBILE DIGITAL DEVICES
943456,7/30/2019,TRANSIT BUREAU - SAFETY CONSIDERATIONS FOR PATROLLING THE NYC SUBWAY SYSTEM
943456,7/30/2019,TRANSIT BUREAU - SAFETY CONSIDERATIONS FOR PATROLLING THE NYC SUBWAY SYSTEM - PART 2
943456,7/30/2019,TRANSIT BUREAU - TIMELY RESUMPTION OF SERVICE IN NYC TRANSIT
943456,7/24/2019,CPS FAIR AND IMPARTIAL POLICING - ALL POS AND DETS
943456,6/24/2019,RESPONDING TO PEOPLE IN CRISIS - MODULES 2 AND 3: ACTIVE LISTENING PARTS 1 AND 2
943456,6/24/2019,WORLDPRIDE NYC 2019
943456,6/22/2019,SRG - RESCUE TASK FORCE - LEVEL II
943456,6/6/2019,COLLABORATIVE POLICING - THE DEAF AND HARD OF HEARING COMMUNITY
943456,5/22/2019,LEGAL BUREAU - PERJURY TRAINING MODULE
943456,4/26/2019,SAFEGUARDING PRISONERS - OFFICER SAFETY GUIDELINES
943456,3/1/2019,COLLABORATIVE POLICING - ELDER ABUSE
943456,2/21/2019,RESPONDING TO PEOPLE IN CRISIS - MODULE 1: SENDING THE RIGHT SIGNALS
943456,2/21/2019,"SUPPORT SERVICES DIVISION - CLASS ""C"" OPERATOR"
943456,12/26/2018,EQUAL EMPLOYMENT OPPORTUNITYTRAINING - SEXUAL HARASSMENT AWARENESS AND PREVENTION
943456,12/11/2018,FTS - SMITH AND WESSON MODEL 5946 BARREL REMEDIATION
943456,12/9/2018,"CPS INTERIOR PATROL OF HOUSING AUTHORITY BUILDINGS, PG 212-60 ROLL CALL VIDEO 1"
943456,12/9/2018,"CPS INTERIOR PATROL OF HOUSING AUTHORITY BUILDINGS, PG 212-60 ROLL CALL VIDEO 2"
943456,12/9/2018,MARIJUANA BURNING ENFORCEMENT POLICY
943456,12/8/2018,AMERICANS WITH DISABILITIES ACT (ADA)
943456,12/8/2018,RESPONDING TO PEOPLE IN CRISIS-INTRODUCTION TO CIT VIDEO SERIES
943456,10/9/2018,NYC RIGHT TO KNOW ACT LEGISLATION - PART 2
943456,10/9/2018,NYC RIGHT TO KNOW ACT LEGISLATION – PART 1
943456,9/18/2018,RAISE THE AGE
943456,5/22/2018,COMMUNICATIONS- THE PROPER USAGE OF THE IDA RADIO CODES
943456,2/18/2018,LEGAL BUREAU PERFORMANCE METRICS - PROHIBITED CONDUCT
943456,12/24/2017,COLLABORATIVE POLICING- FOREIGN LANGUAGE CERTIFICATION VIDEO
943456,12/13/2017,COLLABORATIVE POLICING- ACCESSING TELEPHONIC INTERPRETERS VIA LANGUAGE LINE
943456,11/17/2017,NARCAN NASAL SPRAY TRAINING
943456,11/17/2017,TACTICAL AWARENESS-SMARTPHONE SAFETY
943456,9/22/2017,COLLABORATIVE POLICING- ACCESSING TELEPHONIC INTERPRETERS VIA LANGUAGE LINE
943456,9/22/2017,INFORMATION SECURITY AWARENESS TRAINING
943456,9/22/2017,PATROL- POLYCARBONATE SHIELD
943456,8/8/2017,POLICE COMMISSIONERS MESSAGE - VICTIMS OF SEXUAL ASSAULT VIDEO
943456,7/17/2017,PERSONNEL BUREAU NYPD EMPLOYEE ASSISTANCE UNIT (EAU)
943456,7/9/2017,EQUAL EMPLOYMENT OPPORTUNITY TRANSGENDER DIVERSITY AND INCLUSION:EXECUTIVE ORDER 16
943456,6/23/2017,CPS INTERIOR PATROL TRESPASS AFFIDAVIT PROGRAM (TAP) VIDEO 1
943456,6/23/2017,CPS INTERIOR PATROL TRESPASS AFFIDAVIT PROGRAM (TAP) VIDEO 2
943456,6/22/2017,CRIMINAL JUSTICE REFORM ACT ROLL CALL TRAINING PART 1
943456,6/22/2017,CRIMINAL JUSTICE REFORM ACT ROLL CALL TRAINING PART 2
943456,4/28/2017,FORCE POLICY REVISION-VIDEO-PG 221-UNIT TRAINING MAY 2016
943456,3/25/2017,RADIO EMERGENCY PATROL (REP) QUALIFICATION
943456,3/10/2017,ESU TACTICS ADVANCED - ACTIVE SHOOTER
943456,2/2/2017,FTS - CEW END USER CERT
943456,12/29/2016,X26P TRANSITION COURSE FOR CURRENT X26 END-USER TRAINING
943456,12/21/2016,HATE CRIMES AND BIAS-RELATED INCIDENTS
943456,10/24/2016,FUNDAMENTALS OF AUTO THEFT INVESTIGATION
943456,9/9/2016,INVESTIGATIVE ENCOUNTERS-VIDEO #4 DOCUMENTATION AND SUPERVISION-UNIT TRAINING JULY 2016
943456,6/21/2016,FORCE POLICY REVISION-VIDEO-PG 221-UNIT TRAINING MAY 2016
943456,6/21/2016,INVESTIGATIVE ENCOUNTERS-VIDEO #2 COMMON LAW RIGHT OF INQUIRY-UNIT TRAINING MAY 2016
943456,6/17/2016,FORCE POLICY REVISION-VIDEO-PG 221-UNIT TRAINING MAY 2016
943456,6/17/2016,INVESTIGATIVE ENCOUNTERS-VIDEO #3 TERRY STOPS AND REASONABLE SUSPICION-UNIT TRAINING JUNE 2016
943456,5/31/2016,INVESTIGATIVE ENCOUNTERS-VIDEO #2 COMMON LAW RIGHT OF INQUIRY-UNIT TRAINING MAY 2016
943456,2/9/2016,INVESTIGATIVE ENCOUNTERS-VIDEO #1 REQUEST FOR INFO-UNIT TRAINING FEB 2016
943456,2/3/2016,INVESTIGATIVE ENCOUNTERS-VIDEO #1 REQUEST FOR INFO-UNIT TRAINING FEB 2016
943456,1/15/2016,OPIOID OVERDOSE AND INTRANASAL NALOXONE TRAINING: COMMAND LEVEL TRAINING BASIC COURSE
943456,1/8/2016,FORCE POLICY REVISION-PAMPHLET - PG 221 - UNIT TRAINING DECEMBER 2015
943456,12/3/2015,FORCE POLICY REVISION-PAMPHLET - PG 221 - UNIT TRAINING DECEMBER 2015
943456,11/9/2015,EMERGENCY VEHICLE OPERATION JULY 03 - JUNE 07
943456,11/9/2015,FIELD TRAINING PROGRAM JULY 03 - JUNE 07
943456,11/9/2015,PHYSICAL EDUCATION PART 1: FOUNDATIONS OF PHYSICAL FITNESS
943456,11/9/2015,PHYSICAL EDUCATION PART 2: DEFENSIVE TACTICS
943456,11/9/2015,PHYSICAL EDUCATION PART 3: AMERICAN HEART ASSOCIATION BASIC LIFE SUPPORT
943456,11/9/2015,POLICE CRISIS INTERVENTION JULY 03 - JUNE 07
943456,11/9/2015,POLICE FIELD PROBLEMS JULY 03 - JUNE 07
943456,11/9/2015,POLICE INVESTIGATION AND REPORTING JULY 03 - JUNE 07
943456,11/9/2015,POLICING A DEMOCRACY JULY 03 - JUNE 07
943456,11/9/2015,POLICING SPECIAL POPULATIONS JULY 03 - JUNE 07
943456,11/9/2015,PROCEDURAL LAW JULY 03 - JUNE 07
943456,11/9/2015,SUBSTANTIVE LAW JULY 03 - JUNE 07
943456,11/9/2015,TERRORISM AWARENESS AND RESPONSE JULY 03 - JUNE 07
943456,10/19/2015,WINDOWS PHONE TRAINING AND DISTRIBUTION
943456,8/18/2015,FTS - CEW END USER CERT
943456,6/18/2015,FIELD TRAINING OFFICER PROGRAM UPDATE
943456,5/4/2015,20K TRAINING INITIATIVE - PHYSICAL TACTICS
943456,4/24/2015,20K TRAINING INITIATIVE - SMART POLICING
943456,4/22/2015,FIELD TRAINING OFFICER PROGRAM
943456,4/15/2015,20K TRAINING INITIATIVE - FOUNDATIONS OF POLICING
943456,8/27/2014,PLAIN CLOTHES TRAINING CERTIFIED BASIC PLAIN-CLOTHES COURSE
943456,11/27/2013,UF 250 - OPERATION IMPACT REFRESHER CERTIFIED
943456,3/21/2013,ALERRT-ACTIVE SHOOTER LEVEL I (CTD)
943456,11/1/2010,PROPERTY EVIDENCE TRACKING SYSTEM
943456,6/2/2007,COBRA - COHORT TRAINING
943456,1/10/2007,12 PASSENGER VAN / UTILITY VEHICLE QUALIFICATION
943456,1/10/2007,FOUR WHEEL DRIVE TRAINING
943456,,FOUR WHEEL DRIVE TRAINING
943456,,RECRUIT 12 PASSENGER VAN / UTILITY VEHICLE QUALIFICATION
943456,,RECRUIT RMP QUALIFICATION / RMP OPERATOR QUALIFIED
969162,6/25/2025,CLT-DOCUMENTATION AND FORMS
969162,6/25/2025,CLT-DOMESTIC VIOLENCE TRAINING
969162,6/10/2025,EAU 2025 POLICE COMMISSIONER JESSICA S. TISCH
969162,6/2/2025,2025 EQUAL EMPLOYMENT OPPORTUNITY TRAINING - SEXUAL HARASSMENT AWARENESS AND PREVENTION
969162,6/2/2025,SQF REVIEW AND DOCUMENTATION: SQF MODULE 10
969162,5/2/2025,CLT-ENFORCEMENT ACTIONS
969162,5/1/2025,CLT-ENFORCEMENT ACTIONS
969162,4/30/2025,FTS - TASER 7 ANNUAL RECERTIFICATION
969162,4/18/2025,CLT-BWC POLICY UPDATES
969162,4/18/2025,CLT-DOMESTIC VIOLENCE TRAINING
969162,3/24/2025,CLT-DOCUMENTATION AND FORMS
969162,2/1/2025,CLT-DOMESTIC VIOLENCE TRAINING
969162,2/1/2025,CLT-ENFORCEMENT ACTIONS
969162,1/25/2025,RIGHT TO KNOW ACT SQF MODULE 9
969162,1/22/2025,VEHICLE PURSUITS
969162,1/15/2025,BLASTT – BASIC LIFE SUPPORT AND TRAUMA TREATMENT
969162,1/8/2025,KEVIN AND AVONTE SAFE HOME PROGRAM
969162,1/7/2025,2025 IDENTIFYING THE IMPAIRED DRIVER REFRESHER
969162,1/4/2025,ACTIVE SHOOTER - SCHOOL RESPONSE PROTOCOL
969162,1/4/2025,CLT-BWC POLICY UPDATES
969162,1/3/2025,BEHAVIORAL HEALTH EMERGENCY ASSISTANCE RESPONSE DIVISION B-HEARD
969162,1/3/2025,CELL BLOCK FIRESHIELD EV BLANKETS
969162,1/3/2025,INFORMATION SECURITY AWARENESS TRAINING 2024
969162,1/3/2025,MULTI-FACTOR AUTHENTICATION MFA TRAINING
969162,1/3/2025,NOTIFICATION OF ALLEGATIONS AND EMPLOYEE RIGHTS
969162,12/20/2024,FTS - CEW TASER 7 TRANSITION COURSE
969162,12/20/2024,FTS - TASER 7 HOLSTER DISTRIBUTION
969162,11/19/2024,DRIVING WHILE INTOXICATED AWARENESS VIDEO MODULE 1
969162,11/19/2024,FAMILY BUILDING
969162,11/19/2024,LEAVING THE SCENE COLLISIONS INVESTIGATIVE BEST PRACTICES
969162,11/8/2024,NORTHWELL DIRECT FINEST CARE PROGRAM FOR UMOS
969162,10/26/2024,CLT-DOCUMENTATION AND FORMS
969162,10/26/2024,CLT-OCCUPATIONAL-WORKPLACE SAFETY AND HEALTH
969162,10/11/2024,CLT-DOMESTIC VIOLENCE TRAINING
969162,10/1/2024,CLT-PROCEDURAL OPERATIONS
969162,9/11/2024,"DEPLOYMENT OF ILLUMINATION TOOLS, STRATEGIES OF LOW LIGHT OPERATIONS - PATROL"
969162,9/3/2024,RACIAL PROFILING AND BIASED BASED POLICING: SQF MODULE 8
969162,9/3/2024,RAPE IS RAPE
969162,8/21/2024,UNMANNED AIRCRAFT SYSTEMS VISUAL OBSERVER
969162,8/20/2024,SELF-DEFENSE AND GRAPPLING TACTICS TRAINING COURSE
969162,7/27/2024,APX NEXT PORTABLE AND RADIO DISCIPLINE TRAINING VIDEO
969162,7/17/2024,CLT-VOLUNTARY - INVOLUNTARY TRANSPORTS
969162,7/12/2024,CLT-DOCUMENTATION AND FORMS
969162,7/4/2024,MENTAL HEALTH INVOLUNTARY REMOVALS MHL 9.41 AND MHL 9.58
969162,6/28/2024,CLT-LEGAL ISSUES
969162,6/26/2024,ACCURATE COMPLAINT REPORT CLASSIFICATION
969162,6/26/2024,DRIVE SMART 2024
969162,6/26/2024,LEVEL 1 AND LEVEL 2 INVESTIGATIVE ENCOUNTERS
969162,6/26/2024,NYCHA INTERIOR PATROL: SQF MODULE 7
969162,6/26/2024,TACTICS WHEN ENGAGING INDIVIDUALS IN A MENTAL HEALTH CRISIS
969162,5/27/2024,CLT-DOCUMENTATION AND FORMS
969162,5/15/2024,2024 EQUAL EMPLOYMENT OPPORTUNITY TRAINING - SEXUAL HARASSMENT AWARENESS AND PREVENTION
969162,5/15/2024,ASSISTING SURVIVORS OF SEXUAL BASED VIOLENCE WITH ACCESS TO RESOURCES
969162,5/15/2024,HOUSING BUREAU INTERIOR PATROL TACTICS
969162,4/14/2024,2024 VEHICLE SEIZURE FORM REFRESHER
969162,4/14/2024,POLICING THE SUBWAY 2024
969162,4/12/2024,CLT-SPECIAL POPULATIONS
969162,4/6/2024,CLT-DOMESTIC VIOLENCE TRAINING
969162,3/21/2024,CLT - OATH VS. CRIMINAL COURT SUMMONS ROLL CALL TRAINING
969162,3/19/2024,CLT - OATH VS. CRIMINAL COURT SUMMONS ROLL CALL TRAINING
969162,3/19/2024,CLT-PROCEDURAL OPERATIONS
969162,3/9/2024,EMPLOYEE ASSISTANCE UNIT (E.A.U.) IS HERE FOR YOU- 2024
969162,3/6/2024,CLT-PROCEDURAL OPERATIONS
969162,2/24/2024,CLT-PROCEDURAL OPERATIONS
969162,2/14/2024,CLT-DOCUMENTATION AND FORMS
969162,2/2/2024,"CLT-UNIFORMS, PERSONAL APPEARANCE AND EQUIPMENT"
969162,1/24/2024,AUTISM SPECTRUM DISORDER
969162,1/24/2024,INVESTIGATIVE ENCOUNTERS SUMMARY: SQF MODULE 6
969162,1/24/2024,LGBTQIA PLUS - DIVERSITY AND INCLUSION
969162,1/24/2024,"POSSESSION OR INGESTION OF ANABOLIC STEROIDS, HUMAN GROWTH HORMONE, AND NUTRITIONAL SUPPLEMENTS"
969162,1/13/2024,CLT-VOLUNTARY - INVOLUNTARY TRANSPORTS
969162,12/24/2023,OPIOID DANGERS- FENTANYL AND CARFENTANIL
969162,12/16/2023,CLT-DOCUMENTATION AND FORMS
969162,11/30/2023,2023 TASER X26P RE-QUALIFICATION
969162,11/29/2023,ELDER ABUSE -2023 REFRESHER
969162,11/29/2023,INVESTIGATIVE ENCOUNTERS 2023: MODULE 5 SQF LEVELS 3 AND 4
969162,11/17/2023,CLT-CRIME CONTROL STRATEGIES AND PROBLEM SOLVING
969162,11/17/2023,CLT-PROCEDURAL OPERATIONS
969162,11/17/2023,CLT-TACTICAL AWARENESS AND OFFICER SAFETY
969162,11/15/2023,CLT-TACTICAL AWARENESS AND OFFICER SAFETY
969162,11/1/2023,EFFECTIVE COMMUNICATION SKILLS - DEAF OR HARD OF HEARING
969162,11/1/2023,INFORMATION SECURITY AWARENESS TRAINING - 2023
969162,11/1/2023,NYPD RECRUITMENT TRAINING VIDEO
969162,11/1/2023,VEHICLE MOUNTED VIDEO SYSTEM
969162,10/31/2023,CLT-CRIME CONTROL STRATEGIES AND PROBLEM SOLVING
969162,10/19/2023,CLT-COMMUNICATION STRATEGIES AND AIDS
969162,10/19/2023,CLT-INVESTIGATIONS
969162,10/18/2023,CLT-CRIME CONTROL STRATEGIES AND PROBLEM SOLVING
969162,10/17/2023,CLT-PROCEDURAL OPERATIONS
969162,10/8/2023,CLT-CRIME CONTROL STRATEGIES AND PROBLEM SOLVING
969162,10/3/2023,CLT-CRIME CONTROL STRATEGIES AND PROBLEM SOLVING
969162,10/3/2023,CLT-INFORMATION TECHNOLOGY
969162,9/17/2023,CLT-CRIME CONTROL STRATEGIES AND PROBLEM SOLVING
969162,9/15/2023,CLT-CRIME CONTROL STRATEGIES AND PROBLEM SOLVING
969162,9/15/2023,CLT-DOCUMENTATION AND FORMS
969162,8/26/2023,AUGMENTED REALITY FEATURE
969162,8/26/2023,CLT-DOCUMENTATION AND FORMS
969162,8/25/2023,NYPD JOUVERT AND WEST INDIAN DAY-2023
969162,8/4/2023,TRAFFIC COURT TESTIMONY VIDEO
969162,8/4/2023,UNMANNED AIRCRAFT PERMIT: DRONES FOR PUBLIC USE
969162,6/10/2023,"INVESTIGATIVE ENCOUNTERS 2023: MODULE 4 SQF LEVELS 2, 3 AND 4"
969162,5/19/2023,2023 LANGUAGE MATTERS - FOSTERING A POSITIVE WORK ENVIRONMENT
969162,4/29/2023,2023 EQUAL EMPLOYMENT OPPORTUNITY TRAINING-SEXUAL HARASSMENT AWARENESS AND PREVENTION
969162,4/19/2023,CLT-PROCEDURAL OPERATIONS
969162,4/11/2023,INVESTIGATIVE ENCOUNTERS 2023: MODULE 3 SQF LEVEL 2
969162,3/20/2023,ESPER POLICY LIBRARY
969162,3/19/2023,CLT-DOCUMENTATION AND FORMS
969162,3/6/2023,CLT-VOLUNTARY - INVOLUNTARY TRANSPORTS
969162,3/4/2023,CLT-TACTICAL AWARENESS AND OFFICER SAFETY
969162,2/28/2023,INFORMATION SECURITY CRIMINAL JUSTICE TRAINING 2023
969162,2/18/2023,"CLT-INTEGRITY, ETHICS AND DISCIPLINE"
969162,2/14/2023,"CLT-INTEGRITY, ETHICS AND DISCIPLINE"
969162,2/10/2023,CLT- RESPONDING TO COMMERCIAL ROBBERIES 2023
969162,2/4/2023,NYPD-U VOLUNTARY - INVOLUNTARY TRANSPORTS
969162,2/3/2023,INVESTIGATIVE ENCOUNTERS 2023: MODULE 2 SQF LEVEL 1
969162,2/3/2023,RAISING THE LOWER AGE OF JUVENILE DELINQUENCY
969162,2/2/2023,CLT-OCCUPATIONAL-WORKPLACE SAFETY AND HEALTH
969162,2/2/2023,CLT-PROFESSIONAL DEVELOPMENT
969162,1/19/2023,CLT-ENFORCEMENT ACTIONS
969162,1/19/2023,CLT-TACTICAL AWARENESS AND OFFICER SAFETY
969162,1/12/2023,CLT-PROCEDURAL OPERATIONS
969162,1/12/2023,CLT-VOLUNTARY - INVOLUNTARY TRANSPORTS
969162,1/11/2023,CLT-PROCEDURAL OPERATIONS
969162,1/5/2023,CLT-VOLUNTARY - INVOLUNTARY TRANSPORTS
969162,1/4/2023,CLT-VOLUNTARY - INVOLUNTARY TRANSPORTS
969162,1/3/2023,CLT-VOLUNTARY - INVOLUNTARY TRANSPORTS
969162,1/1/2023,INVESTIGATIVE ENCOUNTERS 2023 - MODULE 1 INTRODUCTION TO SQF
969162,12/29/2022,CLT-VOLUNTARY - INVOLUNTARY TRANSPORTS
969162,11/30/2022,CLT-PROCEDURAL OPERATIONS
969162,11/29/2022,VIDEO 1 - PATROLLING THE NYC SUBWAY SYSTEM 2022
969162,11/29/2022,VIDEO 2 -TACTICAL CONSIDERATIONS FOR TRANSIT PATROL 2022 (PART 1)
969162,11/29/2022,VIDEO 3 - TACTICAL CONSIDERATIONS FOR TRANSIT PATROL 2022 (PART 2)
969162,11/29/2022,VIDEO 4 - PLATFORM SAFETY 2022
969162,11/23/2022,LGBTQIA PLUS AWARENESS
969162,11/19/2022,CLT-INFORMATION TECHNOLOGY
969162,11/12/2022,CLT-BWC POLICY UPDATES
969162,11/5/2022,CLT-DOCUMENTATION AND FORMS
969162,11/2/2022,CLT-BWC POLICY UPDATES
969162,11/2/2022,CLT-PROCEDURAL OPERATIONS
969162,10/28/2022,CLT-PROCEDURAL OPERATIONS
969162,10/22/2022,CLT-PROCEDURAL OPERATIONS
969162,10/21/2022,CAR STOP TACTICS FOR PATROL OFFICERS - MODULE 4: THE HIGH-RISK STOP
969162,10/21/2022,CLT-PROCEDURAL OPERATIONS
969162,10/16/2022,BELT-WORN TRAUMA KIT REFRESHER TRAINING VIDEO-2022
969162,10/15/2022,CAR STOP TACTICS FOR PATROL OFFICERS - MODULE 3: THE UNKNOWN RISK STOP
969162,10/15/2022,PROCESSING CIVILIAN COMPLAINTS
969162,10/11/2022,CLT-PROCEDURAL OPERATIONS
969162,10/8/2022,CLT-LEGAL ISSUES
969162,10/8/2022,CLT-TACTICAL AWARENESS AND OFFICER SAFETY
969162,9/30/2022,CLT-OCCUPATIONAL-WORKPLACE SAFETY AND HEALTH
969162,9/24/2022,CLT-OCCUPATIONAL-WORKPLACE SAFETY AND HEALTH
969162,9/17/2022,THE EMPLOYEE ASSISTANCE UNIT (EAU) IS HERE FOR YOU
969162,8/10/2022,CAR STOP TACTICS FOR PATROL OFFICERS - MODULE 2: PROHIBITED MANEUVERS
969162,8/3/2022,CLT-BWC POLICY UPDATES
969162,7/25/2022,"INTEGRATING COMMUNICATION, ASSESSMENT AND TACTICS (ICAT) MODULE 6"
969162,7/25/2022,"INTEGRATING COMMUNICATION, ASSESSMENT, AND TACTICS (ICAT) MODULE 7"
969162,7/16/2022,CAR STOP TACTICS FOR PATROL OFFICERS - MODULE 1: CONTROLLING THE STOP
969162,7/15/2022,CLT-NIBRS ROLL CALL TRAINING
969162,7/9/2022,2022 EQUAL EMPLOYMENT OPPORTUNITY TRAINING-SEXUAL HARASSMENT AWARENESS AND PREVENTION
969162,7/9/2022,CLT-NIBRS ROLL CALL TRAINING
969162,7/9/2022,CLT-PROCEDURAL OPERATIONS
969162,7/9/2022,CONVICTED OFFENDER DNA DATABANK SPECIMEN COLLECTION KIT
969162,7/9/2022,VEHICLE SEIZURE FORM
969162,6/28/2022,CLT-DOCUMENTATION AND FORMS
969162,6/28/2022,CLT-NIBRS ROLL CALL TRAINING
969162,6/24/2022,CLT-NIBRS ROLL CALL TRAINING
969162,6/11/2022,BEST PRACTICES IN STRUCTURED INTERVIEWING
969162,6/11/2022,NATIONAL INCIDENT-BASED REPORTING SYSTEM (NIBRS) UPDATES TO THE OMNIFORM COMPLAINT SYSTEMV
969162,6/2/2022,CLT-DOCUMENTATION AND FORMS
969162,6/2/2022,CLT-TACTICAL AWARENESS AND OFFICER SAFETY
969162,5/25/2022,PROHIBITED METHODS OF RESTRAINT
969162,4/12/2022,CLT-TACTICAL AWARENESS AND OFFICER SAFETY
969162,4/11/2022,"INTEGRATING COMMUNICATION, ASSESSMENT AND TACTICS (ICAT) MODULE 5"
969162,4/9/2022,CLT-COMMUNITY ENGAGEMENT
969162,4/8/2022,CLT-ENFORCEMENT ACTIONS
969162,4/6/2022,CLT-BWC POLICY UPDATES
969162,4/6/2022,CLT-SEARCHING PRISONERS MODULE 1
969162,4/1/2022,FACILITIES MANAGEMENT DIVISION - MUNICIPAL SEPERATE STORM SEWER SYSTEM (MS4)
969162,3/26/2022,CLT-PROCEDURAL OPERATIONS
969162,3/18/2022,CLT-PROCEDURAL OPERATIONS
969162,3/17/2022,CLT-PROCEDURAL OPERATIONS
969162,3/14/2022,FUNDAMENTALS OF AUTO THEFT INVESTIGATION
969162,3/10/2022,CLT-TACTICAL AWARENESS AND OFFICER SAFETY
969162,3/9/2022,FTS - ANNUAL CEW RECERTIFICATION
969162,3/5/2022,CLT-TACTICAL AWARENESS AND OFFICER SAFETY
969162,3/4/2022,CLT-PROCEDURAL OPERATIONS
969162,3/3/2022,"INTEGRATING COMMUNICATION, ASSESSMENT AND TACTICS (ICAT) MODULE 4"
969162,2/4/2022,CLT-DOCUMENTATION AND FORMS
969162,2/1/2022,CLT-INVESTIGATIONS
969162,1/31/2022,ILLEGAL EVICTIONS
969162,1/27/2022,"CLT-UNIFORMS, PERSONAL APPEARANCE AND EQUIPMENT"
969162,1/27/2022,"INTEGRATING COMMUNICATION, ASSESSMENT AND TACTICS (ICAT) MODULE 3"
969162,1/24/2022,"INTEGRATING COMMUNICATION, ASSESSMENT AND TACTICS (ICAT) MODULE 2"
969162,1/23/2022,IDENTIFYING THE IMPAIRED DRIVER
969162,1/23/2022,NEIGHBORHOOD POLICING APPLICATION TRAINING VIDEO
969162,1/22/2022,CLT-BWC POLICY UPDATES
969162,1/22/2022,CLT-EJUSTICE ORDER OF PROTECTION SEARCH
969162,1/22/2022,CLT-EPERMIT SYSTEM
969162,1/8/2022,CLT-BWC POLICY UPDATES
969162,1/5/2022,CLT-BWC POLICY UPDATES
969162,1/5/2022,LOCAL LAW 45 OF 2021-TRAFFIC ENCOUNTERS
969162,12/8/2021,CLT-ENFORCEMENT ACTIONS
969162,12/3/2021,CLT-ENFORCEMENT ACTIONS
969162,11/26/2021,CLT-INFORMATION TECHNOLOGY
969162,11/24/2021,ARRESTS - RELIGIOUS HEAD COVERING GUIDELINES (PG 208-83)
969162,11/24/2021,CLT-INFORMATION TECHNOLOGY
969162,11/9/2021,CLT-DOCUMENTATION AND FORMS
969162,10/21/2021,CLT-OCCUPATIONAL-WORKPLACE SAFETY AND HEALTH
969162,10/20/2021,CLT-DOCUMENTATION AND FORMS
969162,10/19/2021,"INTEGRATING COMMUNICATION, ASSESSMENT AND TACTICS (ICAT) MODULE 1"
969162,10/12/2021,BODY-WORN CAMERA REVIEW PART TWO
969162,10/10/2021,BODY-WORN CAMERA REVIEW PART ONE
969162,10/4/2021,CLT-MEMBER-EMPLOYEE WELLNESS
969162,9/20/2021,OPIOID OVERDOSE RECOGNITION AND NARCAN ADMINISTRATION -2021
969162,9/19/2021,CLT-COUNTERTERRORISM AND INTELLIGENCE
969162,9/15/2021,INFORMATION SECURITY AWARENESS TRAINING 2021
969162,9/11/2021,MAYOR EXECUTIVE ORDER 78 VACCINATION - TESTING COMPLIANCE POLICY
969162,9/3/2021,CLT-ENFORCEMENT ACTIONS
969162,8/23/2021,CLT-MEMBER-EMPLOYEE WELLNESS
969162,8/20/2021,CLT-ENFORCEMENT ACTIONS
969162,7/27/2021,CLT-OCCUPATIONAL-WORKPLACE SAFETY AND HEALTH
969162,7/21/2021,EQUAL EMPLOYMENT OPPORTUNITY TRAINING - SEXUAL HARASSMENT AWARENESS AND PREVENTION 2021
969162,7/15/2021,MARIJUANA BURNING ENFORCEMENT POLICY
969162,7/14/2021,CLT-DOCUMENTATION AND FORMS
969162,7/9/2021,CLT-ENFORCEMENT ACTIONS
969162,7/6/2021,CLT-COUNTERTERRORISM AND INTELLIGENCE
969162,6/29/2021,CLT-PROCEDURAL OPERATIONS
969162,6/28/2021,"CLT-UNIFORMS, PERSONAL APPEARANCE AND EQUIPMENT"
969162,6/9/2021,ACTIVE BYSTANDERSHIP FOR LAW ENFORCEMENT (ABLE): ONE DAY COURSE
969162,5/31/2021,CLT-DOCUMENTATION AND FORMS
969162,5/25/2021,CLT-OCCUPATIONAL-WORKPLACE SAFETY AND HEALTH
969162,5/24/2021,CLT-DOCUMENTATION AND FORMS
969162,5/21/2021,OVERVIEW OF THE NEW DISCOVERY LAWS 2021 REFRESHER
969162,5/16/2021,EMPLOYEE ASSISTANCE UNIT-2021
969162,5/16/2021,PATROL GUIDE 215-17 POLICE ACTIONS RELATED QUESTIONING ARRESTS AND INVESTIGATIONS AT A NYC DEPARTMEN
969162,5/13/2021,CLT-LEGAL ISSUES
969162,5/7/2021,CLT-MEMBER-EMPLOYEE WELLNESS
969162,4/30/2021,CLT-TACTICAL AWARENESS AND OFFICER SAFETY
969162,4/28/2021,FTS - ANNUAL CEW RECERTIFICATION
969162,4/15/2021,CLT-DOCUMENTATION AND FORMS
969162,4/13/2021,"CLT-UNIFORMS, PERSONAL APPEARANCE AND EQUIPMENT"
969162,4/2/2021,CLT-DOCUMENTATION AND FORMS
969162,4/1/2021,CLT-LEGAL ISSUES
969162,4/1/2021,EQUAL EMPLOYMENT OPPORTUNITY TRAINING - LGBTQIA+ DIVERSITY AND INCLUSION / EXECUTIVE ORDER 16 OF 201
969162,3/30/2021,CLT-DOCUMENTATION AND FORMS
969162,3/18/2021,CLT-OCCUPATIONAL-WORKPLACE SAFETY AND HEALTH
969162,3/14/2021,DESK APPEARANCE TICKETS: THE NEW LAW AND THE NEW GUIDELINES FOR PROCESSING DAT'S - 2021 REFRESHER
969162,3/3/2021,RTS ACADEMIC - INTRODUCTION TO PENAL LAW
969162,3/3/2021,RTS ACADEMIC - SEARCH AND SEIZURE
969162,2/20/2021,CUSTOMER SERVICE PROGRAM: HOW DID WE DO
969162,2/18/2021,RTS ACADEMIC - POLICING LEGALLY
969162,2/9/2021,"CUSTOMER SERVICE PROGRAM:  ROLL CALL MODULE 2, COMMUNICATION SKILLS"
969162,1/29/2021,"CUSTOMER SERVICE PROGRAM:  ROLL CALL MODULE 1, INTRODUCTION TO PRECINCT GREETER PROGRAM"
969162,1/28/2021,CLT-LEGAL ISSUES
969162,1/25/2021,CLT-DOCUMENTATION AND FORMS
969162,1/23/2021,CLT-MEMBER-EMPLOYEE WELLNESS
969162,1/23/2021,CLT-OCCUPATIONAL-WORKPLACE SAFETY AND HEALTH
969162,1/21/2021,COVID VACCINE DISTRIBUTION AND EDUCATION
969162,1/17/2021,CLT-PROCEDURAL OPERATIONS
969162,1/16/2021,CLT-OCCUPATIONAL-WORKPLACE SAFETY AND HEALTH
969162,1/15/2021,CLT-OCCUPATIONAL-WORKPLACE SAFETY AND HEALTH
969162,1/10/2021,CLT-PROCEDURAL OPERATIONS
969162,1/8/2021,CLT-DOCUMENTATION AND FORMS
969162,1/7/2021,CLT-TACTICAL AWARENESS AND OFFICER SAFETY
969162,1/6/2021,CLT-DOCUMENTATION AND FORMS
969162,12/23/2020,CLT-DOCUMENTATION AND FORMS
969162,12/18/2020,CONSTITUTIONAL POLICING AT COMMUNITY EVENTS (CPACE)
969162,12/18/2020,FTS - ANNUAL CEW RECERTIFICATION
969162,12/17/2020,CLT-INFORMATION TECHNOLOGY
969162,12/11/2020,CLT-DOCUMENTATION AND FORMS
969162,12/9/2020,CLT-OCCUPATIONAL-WORKPLACE SAFETY AND HEALTH
969162,12/3/2020,EQUAL EMPLOYMENT OPPORTUNITY TRAINING - LEAVE TO EXPRESS BREAST MILK
969162,11/11/2020,CLT-DOCUMENTATION AND FORMS
969162,10/30/2020,CLT-DOCUMENTATION AND FORMS
969162,10/16/2020,EMPLOYEE RELATIONS - NYPD CUMC ONE-DAY RESILIENCE TRAINING
969162,10/10/2020,CLT-TACTICAL AWARENESS AND OFFICER SAFETY
969162,10/7/2020,CLT-TACTICAL AWARENESS AND OFFICER SAFETY
969162,10/2/2020,CLT-ENFORCEMENT ACTIONS
969162,9/10/2020,CONSTITUTIONAL POLICING AT COMMUNITY EVENTS (CPACE)
969162,9/3/2020,"CLT-INTEGRITY, ETHICS AND DISCIPLINE"
969162,7/27/2020,2019-2020 IN-SERVICE CYCLE - TEAM TACTICS REFRESHER
969162,7/20/2020,CLT-ENFORCEMENT ACTIONS
969162,7/20/2020,CLT-PROCEDURAL OPERATIONS
969162,7/11/2020,TRANSIT BUREAU - SAFETY CONSIDERATIONS FOR PATROLLING THE NYC SUBWAY SYSTEM - PART 2
969162,7/10/2020,"AXON BODY-WORN CAMERA TRAINING - CAMERA OPERATION, AXON VIEW AND EVIDENCE.COM (REQUIRED FOR LE4 COMM"
969162,7/10/2020,CJB - DESK APPEARANCE TICKETS: THE NEW LAWS AND GUIDELINES FOR PROCESSING DATS
969162,7/10/2020,CJB - OVERVIEW OF THE NEW DISCOVERY LAWS
969162,7/10/2020,CRIMINAL JUSTICE BUREAU - DNA TRAINING VIDEO
969162,7/10/2020,SAFETY CONSIDERATIONS FOR PATROLLING THE NYC SUBWAY SYSTEM -DANGERS OF THE PLATFORM EDGE
969162,7/10/2020,TRANSIT BUREAU - SAFETY CONSIDERATIONS FOR PATROLLING THE NYC SUBWAY SYSTEM
969162,7/10/2020,TRANSIT BUREAU - TIMELY RESUMPTION OF SERVICE IN NYC TRANSIT
969162,7/10/2020,VICTIM BLAMING AND RELEASE OF INFORMATION TO THE MEDIA
969162,7/6/2020,ACTIVITY LOG FOR IPHONE
969162,7/6/2020,COMMUNICATIONS- THE PROPER USAGE OF THE IDA RADIO CODES
969162,7/6/2020,INVESTIGATIVE ENCOUNTERS-VIDEO #2 COMMON LAW RIGHT OF INQUIRY-UNIT TRAINING MAY 2016
969162,7/6/2020,INVESTIGATIVE ENCOUNTERS-VIDEO #3 TERRY STOPS AND REASONABLE SUSPICION-UNIT TRAINING JUNE 2016
969162,7/6/2020,INVESTIGATIVE ENCOUNTERS-VIDEO #4 DOCUMENTATION AND SUPERVISION-UNIT TRAINING JULY 2016
969162,7/6/2020,RESPONDING TO PEOPLE IN CRISIS - MODULES 2 AND 3: ACTIVE LISTENING PARTS 1 AND 2
969162,7/6/2020,RESPONDING TO PEOPLE IN CRISIS – MODULE 4: USING DEPARTMENT MOBILE DIGITAL DEVICES
969162,7/4/2020,AMERICANS WITH DISABILITIES ACT (ADA)
969162,7/4/2020,EQUAL EMPLOYMENT OPPORTUNITYTRAINING - SEXUAL HARASSMENT AWARENESS AND PREVENTION
969162,7/4/2020,INVESTIGATIVE ENCOUNTERS-VIDEO #1 REQUEST FOR INFO-UNIT TRAINING FEB 2016
969162,7/4/2020,LEGAL BUREAU PERFORMANCE METRICS - PROHIBITED CONDUCT
969162,7/4/2020,NYC RIGHT TO KNOW ACT LEGISLATION - PART 2
969162,7/4/2020,NYC RIGHT TO KNOW ACT LEGISLATION – PART 1
969162,7/4/2020,PATROL- POLYCARBONATE SHIELD
969162,7/4/2020,RESPONDING TO PEOPLE IN CRISIS - MODULE 1: SENDING THE RIGHT SIGNALS
969162,7/4/2020,RESPONDING TO PEOPLE IN CRISIS-INTRODUCTION TO CIT VIDEO SERIES
969162,7/4/2020,SAFEGUARDING PRISONERS - OFFICER SAFETY GUIDELINES
969162,7/4/2020,SHIELD OF RESILIENCE TRAINING COURSE
969162,7/4/2020,"SUPPORT SERVICES DIVISION - CLASS ""C"" OPERATOR"
969162,7/4/2020,TACTICAL AWARENESS-SMARTPHONE SAFETY
969162,7/3/2020,CROSSFIRE MITIGATION DURING CLOSE COMBAT INCIDENTS
969162,7/3/2020,CROSSFIRE MITIGATION DURING CLOSE COMBAT INCIDENTS - PART 2
969162,7/3/2020,DISCHARGING YOUR FIREARM AT A MOVING THREAT
969162,7/3/2020,EQUAL EMPLOYMENT OPPORTUNITY TRANSGENDER DIVERSITY AND INCLUSION:EXECUTIVE ORDER 16
969162,7/3/2020,PERSONNEL BUREAU NYPD EMPLOYEE ASSISTANCE UNIT (EAU)
969162,7/3/2020,UTILIZING BALLISTIC PROTECTION IN DEPARTMENT VEHICLES (4:09)
969162,7/2/2020,"CPS INTERIOR PATROL OF HOUSING AUTHORITY BUILDINGS, PG 212-60 ROLL CALL VIDEO 1"
969162,7/2/2020,"CPS INTERIOR PATROL OF HOUSING AUTHORITY BUILDINGS, PG 212-60 ROLL CALL VIDEO 2"
969162,7/2/2020,CPS INTERIOR PATROL TRESPASS AFFIDAVIT PROGRAM (TAP) VIDEO 1
969162,7/2/2020,CPS INTERIOR PATROL TRESPASS AFFIDAVIT PROGRAM (TAP) VIDEO 2
969162,7/2/2020,CRIMINAL JUSTICE REFORM ACT ROLL CALL TRAINING PART 1
969162,7/2/2020,CRIMINAL JUSTICE REFORM ACT ROLL CALL TRAINING PART 2
969162,7/2/2020,POLICE COMMISSIONERS MESSAGE - VICTIMS OF SEXUAL ASSAULT VIDEO
969162,7/2/2020,PROCESSING DISCOVERY MATERIAL IN THE FORMS ARREST FOLDER
969162,7/1/2020,COLLABORATIVE POLICING - ELDER ABUSE
969162,7/1/2020,COLLABORATIVE POLICING - MEDIATION REFERRAL PROGRAM FOR NON-CRIMINAL COMPLAINTS
969162,7/1/2020,COLLABORATIVE POLICING - THE DEAF AND HARD OF HEARING COMMUNITY
969162,7/1/2020,COLLABORATIVE POLICING- ACCESSING TELEPHONIC INTERPRETERS VIA LANGUAGE LINE
969162,7/1/2020,COLLABORATIVE POLICING- FOREIGN LANGUAGE CERTIFICATION VIDEO
969162,7/1/2020,COVID-19: PREPAREDENESS
969162,7/1/2020,COVID-19: PREPAREDNESS YOUR FAMILY AND HOME
969162,7/1/2020,COVID-19: PROTECTIVE MASKS
969162,7/1/2020,CRIMINAL JUSTICE BUREAU - GIGLIO MATERIAL DISCLOSURES UNDER THE NEW DISCOVERY LAWS
969162,7/1/2020,CRITICAL DECISION MAKING MODEL
969162,7/1/2020,DOMESTIC VIOLENCE EDUCATION AND COUNSELING
969162,7/1/2020,FORCE POLICY UPDATE VIDEO
969162,7/1/2020,HEALTH AND WELLNESS SECTION - MODULE 12 - IN THAT DARK PLACE - AN OFFICER'S JOURNEY
969162,7/1/2020,LEGAL BUREAU - PERJURY TRAINING MODULE
969162,7/1/2020,MARIJUANA POLICY UPDATE
969162,7/1/2020,NARCAN NASAL SPRAY TRAINING
969162,7/1/2020,NEW LAWS AFFECTING POLICE OFFICERS’ CRIMINAL AND CIVIL LIABILITY
969162,7/1/2020,NEW PERFORMANCE EVALUATION PROCESS
969162,7/1/2020,P.A. RECRUIT NYPD COMPUTER USE POLICY AND MONITORING NOTICE
969162,7/1/2020,PUBLIC CONTACT AND CONSENT TO SEARCH (RIGHT TO KNOW) - UNIT TRAINING AUGUST 2016
969162,7/1/2020,RAISE THE AGE
969162,7/1/2020,RESPONDING TO COMMERCIAL ROBBERIES
969162,7/1/2020,RESPONDING TO COMMERCIAL ROBBERIES PART LL - MODULE 1 AND MODULE 2
969162,7/1/2020,TRAINING BUREAU - ACCREDITATION FAMILIARIZATION TRAINING
969162,7/1/2020,WORLDPRIDE NYC 2019
969162,6/30/2020,BTK (BELT TRAUMA KIT DISTRIBUTION AND FAMILIARIZATION)
969162,6/30/2020,CPS BODY-WORN CAMERA TRAINING WITH SCENARIOS
969162,6/30/2020,"EQUAL EMPLOYMENT OPPORTUNITY TRAINING - SEXUAL HARASSMENT, AWARENESS AND PREVENTION"
969162,6/22/2020,PTTD DEFENSIVE TACTICS PRACTICAL EXAM
969162,6/22/2020,PTTD DEFENSIVE TACTICS REVIEW WRITTEN EXAM
969162,6/19/2020,PTTD WATER SAFETY
969162,6/19/2020,PTTD WEAPONS DEFENSE
969162,6/17/2020,GROUND TACTICS
969162,6/12/2020,HEALTH AND WELLNESS SECTION - MODULE 1 - PSYCHOLOGICAL HEALTH AND WELLNESS
969162,6/12/2020,HEALTH AND WELLNESS SECTION - MODULE 10 - SEEKING AND RECEIVING MENTAL HEALTH SUPPORT
969162,6/12/2020,HEALTH AND WELLNESS SECTION - MODULE 11 - HEALTH AND RESILIENCY
969162,6/12/2020,HEALTH AND WELLNESS SECTION - MODULE 2 - JOB COUNSELING AND STRESS
969162,6/12/2020,HEALTH AND WELLNESS SECTION - MODULE 3 - WARNING SIGNS
969162,6/12/2020,HEALTH AND WELLNESS SECTION - MODULE 4 - CUMULATIVE TRAUMA
969162,6/12/2020,HEALTH AND WELLNESS SECTION - MODULE 5 - GAINING PERSPECTIVE
969162,6/12/2020,HEALTH AND WELLNESS SECTION - MODULE 6 - COPING WITH SIGNS OF ANXIETY DEPRESSION
969162,6/12/2020,HEALTH AND WELLNESS SECTION - MODULE 7 - LEADING WITH COMPASSION
969162,6/12/2020,"HEALTH AND WELLNESS SECTION - MODULE 8 - WARNING SIGNS, SUPPORT AND OUTREACH"
969162,6/12/2020,HEALTH AND WELLNESS SECTION - MODULE 9 - MANAGING STRESS ON THE JOB
969162,6/10/2020,POLICE ACADEMY RECRUIT 3RD TRIMESTER EXAM
969162,6/8/2020,RTS ACADEMIC - ARREST PROCESSING
969162,6/1/2020,RECRUIT RAPID DEPLOYMENT-ACTIVE SHOOTER
969162,5/29/2020,CPS INTERIOR PATROL TRESPASS AFFIDAVIT PROGRAM (TAP) VIDEO 1
969162,5/29/2020,RTS ACADEMIC - INTERIOR PATROL
969162,5/29/2020,RTS ACADEMIC - TRANSIT OPERATIONS
969162,5/26/2020,RTS ACADEMIC - AIDED AND MISSING
969162,5/22/2020,RTS ACADEMIC - AIDED AND MISSING
969162,5/22/2020,RTS ACADEMIC - MAINTAINING PUBLIC ORDER
969162,5/18/2020,RTS ACADEMIC - AUTO-RELATED PROCEDURES AND CRIMES PART 2
969162,5/18/2020,RTS ACADEMIC - POLICING WITH INTEGRITY
969162,5/14/2020,RTS ACADEMIC - AUTO-RELATED PROCEDURES AND CRIMES PART 1
969162,5/14/2020,RTS ACADEMIC - SUMMONSES
969162,5/12/2020,RTS ACADEMIC - CHILDREN AND ADOLESCENTS
969162,5/4/2020,POLICE ACADEMY RECRUIT 2ND TRIMESTER EXAM
969162,5/1/2020,POLICE ACADEMY RECRUIT JUSTIFICATION WRITTEN EXAM
969162,4/24/2020,RECRUIT RMP QUALIFICATION / RMP OPERATOR QUALIFIED
969162,4/23/2020,RTS ACADEMIC - DOMESTIC VIOLENCE
969162,4/21/2020,FIREARMS 5 DAY TACTICAL APPLICATION V2
969162,4/14/2020,RTS ACADEMIC - POLICING THE EMOTIONALLY DISTURBED
969162,4/6/2020,RTS ACADEMIC - COURT APPEARANCES
969162,4/2/2020,PTTD C.P.R. / A.E.D. WRITTEN EXAM
969162,3/31/2020,RTS ACADEMIC - AUTHORITY TO ARREST
969162,3/26/2020,OFF DUTY PISTOL CERTIFIED
969162,3/26/2020,RECRUIT TACTICAL FIREARMS QUALIFICATION AND TRAINING OFF DUTY PISTOL CERTIFIED
969162,3/26/2020,RTS ACADEMIC - USE OF FORCE
969162,3/23/2020,FTS - CEW END USER CERTIFICATION
969162,3/19/2020,RTS ACADEMIC - POLICE FIELD COMMUNICATIONS
969162,3/17/2020,PTTD EXPANDABLE BATON
969162,3/13/2020,BATON
969162,3/13/2020,RTS ACADEMIC - COLLECTING AND PROCESSING EVIDENCE
969162,3/9/2020,"PTTD CARDIO ENDURANCE TEST, 1ST ATTEMPT"
969162,3/6/2020,RECRUIT BASIC FIREARMS QUALIFICATION AND TRAINING
969162,2/27/2020,FIRST AID WRITEN EXAM
969162,2/26/2020,RTS ACADEMIC - FAIR AND IMPARCIAL POLICING
969162,2/25/2020,PTTD CPR PRACTICAL EXAM
969162,2/20/2020,RTS ACADEMIC - STRESS MANAGEMENT FOR POLICE OFFICERS
969162,2/18/2020,JOB STANDARDS TEST ATTEMPT #1
969162,2/17/2020,POLICE ACADEMY RECRUIT 1ST TRIMESTER EXAM
969162,2/14/2020,POLICE ACADEMY RECRUIT STOP QUESTION & FRISK WRITTEN EXAM
969162,2/14/2020,RTS ACADEMIC - DISCRETION
969162,2/14/2020,RTS ACADEMIC - NEIGHBORHOOD POLICING
969162,2/14/2020,RTS ACADEMIC - POLICING A MULTICULTURAL SOCIETY
969162,2/14/2020,RTS ACADEMIC - POLICING IMPARTIALLY
969162,2/14/2020,RTS ACADEMIC - POLICING PROFESSIONALLY
969162,2/11/2020,PTTD DEFENSIVE TACTICS PRACTICAL EXAM
969162,2/10/2020,RTS ACADEMIC - INVESTIGATION AND REPORT WRITING
969162,2/7/2020,RTS ACADEMIC - BODY-WORN CAMERA TRAINING WITH SCENARIOS
969162,1/31/2020,FRISKING AND HANDCUFFING
969162,1/31/2020,RTS ACADEMIC - GENERAL REGULATIONS
969162,1/20/2020,RTS ACADEMIC - INTRO TO NYPD
969162,1/9/2020,EQUAL EMPLOYMENT OPPORTUNITY FOR NEW HIRES
969162,1/6/2020,POLICE ACADEMY RECRUIT PREREADING EXAM
969162,11/9/2015,EMERGENCY VEHICLE OPERATION JULY 07 - PRESENT
969162,11/9/2015,FIELD TRAINING PROGRAM JULY 07 - PRESENT
969162,11/9/2015,PHYSICAL EDUCATION PART 1: FOUNDATIONS OF PHYSICAL FITNESS
969162,11/9/2015,PHYSICAL EDUCATION PART 2: DEFENSIVE TACTICS JULY 07 - PRESENT
969162,11/9/2015,PHYSICAL EDUCATION PART 3: AMERICAN HEART ASSOCIATION BASIC LIFE SUPPORT
969162,11/9/2015,POLICE CRISIS INTERVENTION JULY 07 - PRESENT
969162,11/9/2015,POLICE FIELD PROBLEMS JULY 07 - PRESENT
969162,11/9/2015,POLICE INVESTIGATION AND REPORTING JULY 07 - PRESENT
969162,11/9/2015,POLICING A DEMOCRACY JULY 07 - PRESENT
969162,11/9/2015,POLICING SPECIAL POPULATIONS JULY 07 - PRESENT
969162,11/9/2015,PROCEDURAL LAW JULY 07 - PRESENT
969162,11/9/2015,SUBSTANTIVE LAW JULY 07 - PRESENT
969162,11/9/2015,TERRORISM AWARENESS AND RESPONSE JULY 07 - PRESENT
935146,6/16/2025,2025 BWC PROFICIENCY TRAINING
935146,6/16/2025,EAU 2025 POLICE COMMISSIONER JESSICA S. TISCH
935146,6/16/2025,SQF REVIEW AND DOCUMENTATION: SQF MODULE 10
935146,5/21/2025,2025 EQUAL EMPLOYMENT OPPORTUNITY TRAINING - SEXUAL HARASSMENT AWARENESS AND PREVENTION
935146,5/15/2025,ALL-TERRAIN VEHICLE (ATV) QUALIFICATION
935146,5/7/2025,CLT-PROPERTY
935146,5/2/2025,THREE WHEEL SCOOTER REFRESHER/QUALIFICATION
935146,5/2/2025,TWO WHEEL SCOOTER REFRESHER/QUALIFICATION
935146,3/5/2025,CLT-PROCEDURAL OPERATIONS
935146,2/6/2025,RIGHT TO KNOW ACT SQF MODULE 9
935146,2/2/2025,CLT-OCCUPATIONAL-WORKPLACE SAFETY AND HEALTH
935146,1/22/2025,VEHICLE PURSUITS
935146,1/9/2025,2025 IDENTIFYING THE IMPAIRED DRIVER REFRESHER
935146,1/9/2025,ACTIVE SHOOTER - SCHOOL RESPONSE PROTOCOL
935146,1/9/2025,KEVIN AND AVONTE SAFE HOME PROGRAM
935146,12/21/2024,CELL BLOCK FIRESHIELD EV BLANKETS
935146,12/21/2024,INFORMATION SECURITY AWARENESS TRAINING 2024
935146,12/21/2024,MULTI-FACTOR AUTHENTICATION MFA TRAINING
935146,12/10/2024,BEHAVIORAL HEALTH EMERGENCY ASSISTANCE RESPONSE DIVISION B-HEARD
935146,12/10/2024,NOTIFICATION OF ALLEGATIONS AND EMPLOYEE RIGHTS
935146,11/19/2024,DRIVING WHILE INTOXICATED AWARENESS VIDEO MODULE 1
935146,11/19/2024,LEAVING THE SCENE COLLISIONS INVESTIGATIVE BEST PRACTICES
935146,10/24/2024,CLT-PROCEDURAL OPERATIONS
935146,10/15/2024,UNMANNED AIRCRAFT SYSTEMS VISUAL OBSERVER
935146,10/7/2024,FAMILY BUILDING
935146,10/7/2024,HOUSING BUREAU INTERIOR PATROL TACTICS
935146,10/7/2024,NORTHWELL DIRECT FINEST CARE PROGRAM FOR UMOS
935146,9/4/2024,CLT-PROCEDURAL OPERATIONS
935146,8/31/2024,RACIAL PROFILING AND BIASED BASED POLICING: SQF MODULE 8
935146,8/31/2024,RAPE IS RAPE
935146,8/7/2024,CLT-PROCEDURAL OPERATIONS
935146,7/31/2024,ACCURATE COMPLAINT REPORT CLASSIFICATION
935146,7/31/2024,MENTAL HEALTH INVOLUNTARY REMOVALS MHL 9.41 AND MHL 9.58
935146,7/31/2024,TACTICS WHEN ENGAGING INDIVIDUALS IN A MENTAL HEALTH CRISIS
935146,7/30/2024,APX NEXT PORTABLE AND RADIO DISCIPLINE TRAINING VIDEO
935146,6/26/2024,LEVEL 1 AND LEVEL 2 INVESTIGATIVE ENCOUNTERS
935146,6/19/2024,2024 EQUAL EMPLOYMENT OPPORTUNITY TRAINING - SEXUAL HARASSMENT AWARENESS AND PREVENTION
935146,6/19/2024,ASSISTING SURVIVORS OF SEXUAL BASED VIOLENCE WITH ACCESS TO RESOURCES
935146,6/19/2024,DRIVE SMART 2024
935146,5/30/2024,FTS - CEW TASER 7 TRANSITION COURSE
935146,5/30/2024,FTS - TASER 7 HOLSTER DISTRIBUTION
935146,4/10/2024,POLICING THE SUBWAY 2024
935146,4/4/2024,CLT - OATH VS. CRIMINAL COURT SUMMONS ROLL CALL TRAINING
935146,3/24/2024,2024 VEHICLE SEIZURE FORM REFRESHER
935146,3/24/2024,EMPLOYEE ASSISTANCE UNIT (E.A.U.) IS HERE FOR YOU- 2024
935146,3/24/2024,NYCHA INTERIOR PATROL: SQF MODULE 7
935146,1/23/2024,AUTISM SPECTRUM DISORDER
935146,1/10/2024,INVESTIGATIVE ENCOUNTERS SUMMARY: SQF MODULE 6
935146,1/10/2024,LGBTQIA PLUS - DIVERSITY AND INCLUSION
935146,1/10/2024,"POSSESSION OR INGESTION OF ANABOLIC STEROIDS, HUMAN GROWTH HORMONE, AND NUTRITIONAL SUPPLEMENTS"
935146,1/4/2024,INVESTIGATIVE ENCOUNTERS 2023: MODULE 5 SQF LEVELS 3 AND 4
935146,1/4/2024,OPIOID DANGERS- FENTANYL AND CARFENTANIL
935146,12/21/2023,SRG - RAPID MOBILIZATION (PATROL) LEVEL 4
935146,12/10/2023,SRG - RAPID MOBILIZATION (PATROL) LEVEL 4
935146,11/30/2023,AUGMENTED REALITY FEATURE
935146,10/20/2023,NYPD RECRUITMENT TRAINING VIDEO
935146,10/20/2023,VEHICLE MOUNTED VIDEO SYSTEM
935146,10/3/2023,ACTIVE SHOOTER POST-ENGAGEMENT STRATEGIES’ FOR LAW ENFORCEMENT
935146,10/2/2023,EFFECTIVE COMMUNICATION SKILLS - DEAF OR HARD OF HEARING
935146,10/2/2023,INFORMATION SECURITY AWARENESS TRAINING - 2023
935146,8/26/2023,"INVESTIGATIVE ENCOUNTERS 2023: MODULE 4 SQF LEVELS 2, 3 AND 4"
935146,8/25/2023,TRAFFIC COURT TESTIMONY VIDEO
935146,8/25/2023,UNMANNED AIRCRAFT PERMIT: DRONES FOR PUBLIC USE
935146,8/24/2023,2023 SUMMER ALL-OUT BODY WORN CAMERA TRAINING
935146,8/24/2023,NYPD JOUVERT AND WEST INDIAN DAY-2023
935146,6/29/2023,FTS - ANNUAL CEW RECERTIFICATION
935146,6/28/2023,2023 EQUAL EMPLOYMENT OPPORTUNITY TRAINING-SEXUAL HARASSMENT AWARENESS AND PREVENTION
935146,4/25/2023,COUNTERTERRORISM BUREAU ACTIVE SHOOTER SCHOOL INCIDENTS AWARENESS
935146,4/25/2023,INVESTIGATIVE ENCOUNTERS 2023: MODULE 3 SQF LEVEL 2
935146,4/18/2023,2023 LANGUAGE MATTERS - FOSTERING A POSITIVE WORK ENVIRONMENT
935146,4/18/2023,ESPER POLICY LIBRARY
935146,4/17/2023,RECOGNIZING AND IDENTIFYING DOMESTIC AND HOMEGROWN VIOLENT EXTREMISM (AWR-409)
935146,3/12/2023,CLT-DOCUMENTATION AND FORMS
935146,3/12/2023,CLT-INFORMATION TECHNOLOGY
935146,3/12/2023,CLT-LEGAL ISSUES
935146,3/12/2023,CLT-TACTICAL AWARENESS AND OFFICER SAFETY
935146,2/23/2023,NYPD-U VOLUNTARY - INVOLUNTARY TRANSPORTS
935146,2/22/2023,INFORMATION SECURITY CRIMINAL JUSTICE TRAINING 2023
935146,2/10/2023,COUNTERTERRORISM BUREAU CRITICAL DECISION MAKING FOR COMPLEX COORDINATED ATTACKS
935146,2/9/2023,ELDER ABUSE -2023 REFRESHER
935146,2/1/2023,INVESTIGATIVE ENCOUNTERS 2023: MODULE 2 SQF LEVEL 1
935146,2/1/2023,RAISING THE LOWER AGE OF JUVENILE DELINQUENCY
935146,1/2/2023,CLT-VOLUNTARY - INVOLUNTARY TRANSPORTS
935146,12/16/2022,INVESTIGATIVE ENCOUNTERS 2023 - MODULE 1 INTRODUCTION TO SQF
935146,12/14/2022,CLT-DOCUMENTATION AND FORMS
935146,12/14/2022,ILERSBA - INITIAL LAW ENFORCMENT RESPONSE TO SUICIDE BOMBING ATTACKS
935146,12/7/2022,DOMAIN AWARENESS SYSTEM - SEARCH ACCURINT RESULTS
935146,12/7/2022,INCREASE OFFICER SAFETY DURING VEHICLE STOPS
935146,12/7/2022,PRISONER ESCAPE WARNING SIGNS
935146,12/7/2022,SAFEGUARDING HOSPITALIZED PRISONERS
935146,12/7/2022,WARRANT CHECK IN DOMAIN AWARENESS SYSTEM (DAS LITE)
935146,12/2/2022,LGBTQIA PLUS AWARENESS
935146,12/2/2022,VIDEO 1 - PATROLLING THE NYC SUBWAY SYSTEM 2022
935146,12/2/2022,VIDEO 2 -TACTICAL CONSIDERATIONS FOR TRANSIT PATROL 2022 (PART 1)
935146,12/2/2022,VIDEO 3 - TACTICAL CONSIDERATIONS FOR TRANSIT PATROL 2022 (PART 2)
935146,12/2/2022,VIDEO 4 - PLATFORM SAFETY 2022
935146,11/29/2022,1-DAY LAW ENFORCEMENT ACTIVE SHOOTER EMERGENCY RESPONSE (PER-375-C)
935146,10/24/2022,PROCESSING CIVILIAN COMPLAINTS
935146,10/5/2022,FTS - ANNUAL CEW RECERTIFICATION
935146,10/4/2022,BELT-WORN TRAUMA KIT REFRESHER TRAINING VIDEO-2022
935146,9/25/2022,THE EMPLOYEE ASSISTANCE UNIT (EAU) IS HERE FOR YOU
935146,8/30/2022,NYPD JOUVERT  WEST INDIAN DAY
935146,8/16/2022,CLT-BWC POLICY UPDATES
935146,8/16/2022,CLT-NIBRS ROLL CALL TRAINING
935146,8/16/2022,CLT-PROPERTY
935146,7/29/2022,"INTEGRATING COMMUNICATION, ASSESSMENT, AND TACTICS (ICAT) MODULE 7"
935146,7/28/2022,2022 EQUAL EMPLOYMENT OPPORTUNITY TRAINING-SEXUAL HARASSMENT AWARENESS AND PREVENTION
935146,7/28/2022,CONVICTED OFFENDER DNA DATABANK SPECIMEN COLLECTION KIT
935146,7/28/2022,"INTEGRATING COMMUNICATION, ASSESSMENT AND TACTICS (ICAT) MODULE 6"
935146,7/28/2022,VEHICLE SEIZURE FORM
935146,7/17/2022,CLT-CRIME CONTROL STRATEGIES AND PROBLEM SOLVING
935146,7/17/2022,CLT-NIBRS ROLL CALL TRAINING
935146,7/1/2022,CAR STOP TACTICS FOR PATROL OFFICERS - MODULE 3: THE UNKNOWN RISK STOP
935146,7/1/2022,CAR STOP TACTICS FOR PATROL OFFICERS - MODULE 4: THE HIGH-RISK STOP
935146,6/15/2022,BEST PRACTICES IN STRUCTURED INTERVIEWING
935146,6/15/2022,CAR STOP TACTICS FOR PATROL OFFICERS - MODULE 1: CONTROLLING THE STOP
935146,6/15/2022,CAR STOP TACTICS FOR PATROL OFFICERS - MODULE 2: PROHIBITED MANEUVERS
935146,6/15/2022,COUNTER TERRORISM VEHICLE SCREENING AND CHECKPOINT COURSE
935146,6/15/2022,NATIONAL INCIDENT-BASED REPORTING SYSTEM (NIBRS) UPDATES TO THE OMNIFORM COMPLAINT SYSTEMV
935146,6/14/2022,CLT-NIBRS ROLL CALL TRAINING
935146,5/25/2022,PROHIBITED METHODS OF RESTRAINT
935146,5/18/2022,CLT-DOCUMENTATION AND FORMS
935146,5/17/2022,DRONE ASSESSMENT AND RESPONSE TACTICS (AWR-404)
935146,4/28/2022,ACTIVE SHOOTER POST-ENGAGEMENT STRATEGIES’ FOR LAW ENFORCEMENT
935146,4/21/2022,"INTEGRATING COMMUNICATION, ASSESSMENT AND TACTICS (ICAT) MODULE 4"
935146,4/21/2022,"INTEGRATING COMMUNICATION, ASSESSMENT AND TACTICS (ICAT) MODULE 5"
935146,4/10/2022,CLT-LEGAL ISSUES
935146,4/4/2022,CLT-SEARCHING PRISONERS MODULE 1
935146,3/15/2022,CLT-OCCUPATIONAL-WORKPLACE SAFETY AND HEALTH
935146,3/13/2022,CLT-DOCUMENTATION AND FORMS
935146,2/10/2022,"INTEGRATING COMMUNICATION, ASSESSMENT AND TACTICS (ICAT) MODULE 3"
935146,2/9/2022,ILLEGAL EVICTIONS
935146,1/30/2022,CLT-DOCUMENTATION AND FORMS
935146,1/20/2022,"HME - HOMEMADE EXPLOSIVES: AWARENESS, RECOGNITION, AND RESPONSE"
935146,1/18/2022,CLT-BWC POLICY UPDATES
935146,1/17/2022,CLT-EJUSTICE ORDER OF PROTECTION SEARCH
935146,1/16/2022,CLT-EPERMIT SYSTEM
935146,1/13/2022,"INTEGRATING COMMUNICATION, ASSESSMENT AND TACTICS (ICAT) MODULE 2"
935146,1/13/2022,LOCAL LAW 45 OF 2021-TRAFFIC ENCOUNTERS
935146,12/28/2021,COUNTER TERRORISM LAW ENFORCEMENT PREVENTION AND DETERRENCE OF TERRORIST ATTACKS
935146,12/28/2021,IDENTIFYING THE IMPAIRED DRIVER
935146,12/20/2021,AWARENESS AND RESPONSE TO BIOLOGICAL INCIDENTS
935146,12/8/2021,"INTEGRATING COMMUNICATION, ASSESSMENT AND TACTICS (ICAT) MODULE 1"
935146,12/3/2021,ADVANCED TACTICAL FIREARMS TRAINING COURSE
935146,12/3/2021,FTS - ANNUAL CEW RECERTIFICATION
935146,11/24/2021,NEIGHBORHOOD POLICING APPLICATION TRAINING VIDEO
935146,11/9/2021,ARRESTS - RELIGIOUS HEAD COVERING GUIDELINES (PG 208-83)
935146,11/9/2021,BODY-WORN CAMERA REVIEW PART TWO
935146,11/9/2021,DOCUMENT INSPECTION FOR LAW ENFORCEMENT (PER-383)
935146,9/26/2021,OPIOID OVERDOSE RECOGNITION AND NARCAN ADMINISTRATION -2021
935146,9/22/2021,BODY-WORN CAMERA REVIEW PART ONE
935146,9/15/2021,INFORMATION SECURITY AWARENESS TRAINING 2021
935146,9/10/2021,MAYOR EXECUTIVE ORDER 78 VACCINATION - TESTING COMPLIANCE POLICY
935146,8/17/2021,EQUAL EMPLOYMENT OPPORTUNITY TRAINING - SEXUAL HARASSMENT AWARENESS AND PREVENTION 2021
935146,8/17/2021,NYC 311 DYNAMICS SYSTEM
935146,8/17/2021,SAFETY CONSIDERATIONS FOR PATROLLING THE NYC SUBWAY SYSTEM -DANGERS OF THE PLATFORM EDGE
935146,7/28/2021,ACTIVE BYSTANDERSHIP FOR LAW ENFORCEMENT (ABLE): ONE DAY COURSE
935146,7/26/2021,CLT-SPECIAL POPULATIONS
935146,7/22/2021,PATROL GUIDE 215-17 POLICE ACTIONS RELATED QUESTIONING ARRESTS AND INVESTIGATIONS AT A NYC DEPARTMEN
935146,7/21/2021,CONTERTERRORISM BUREAU SITE PROTECTION THROUGH OBSERVATIONAL TECHNIQUES
935146,7/21/2021,FTS - ANNUAL CEW RECERTIFICATION
935146,7/15/2021,EMPLOYEE ASSISTANCE UNIT-2021
935146,7/15/2021,OVERVIEW OF THE NEW DISCOVERY LAWS 2021 REFRESHER
935146,5/10/2021,CHILD SENSITIVE ARREST POLICY GUIDELINES AND PROCEDURES
935146,5/10/2021,CLT-TACTICAL AWARENESS AND OFFICER SAFETY
935146,4/7/2021,DESK APPEARANCE TICKETS: THE NEW LAW AND THE NEW GUIDELINES FOR PROCESSING DAT'S - 2021 REFRESHER
935146,4/7/2021,EQUAL EMPLOYMENT OPPORTUNITY TRAINING - LGBTQIA+ DIVERSITY AND INCLUSION / EXECUTIVE ORDER 16 OF 201
935146,3/19/2021,CLT-PROCEDURAL OPERATIONS
935146,2/18/2021,"CUSTOMER SERVICE PROGRAM:  ROLL CALL MODULE 2, COMMUNICATION SKILLS"
935146,1/31/2021,"CUSTOMER SERVICE PROGRAM:  ROLL CALL MODULE 1, INTRODUCTION TO PRECINCT GREETER PROGRAM"
935146,1/22/2021,COVID VACCINE DISTRIBUTION AND EDUCATION
935146,1/10/2021,CLT-PROFESSIONAL DEVELOPMENT
935146,1/6/2021,CUSTOMER SERVICE PROGRAM: HOW DID WE DO
935146,12/5/2020,EQUAL EMPLOYMENT OPPORTUNITY TRAINING - LEAVE TO EXPRESS BREAST MILK
935146,10/15/2020,FTS - ANNUAL CEW RECERTIFICATION
935146,10/14/2020,CLT-ENFORCEMENT ACTIONS
935146,10/1/2020,CONSTITUTIONAL POLICING AT COMMUNITY EVENTS (CPACE)
935146,8/11/2020,HEALTH AND WELLNESS SECTION - MODULE 10 - SEEKING AND RECEIVING MENTAL HEALTH SUPPORT
935146,8/11/2020,HEALTH AND WELLNESS SECTION - MODULE 11 - HEALTH AND RESILIENCY
935146,8/4/2020,HEALTH AND WELLNESS SECTION - MODULE 1 - PSYCHOLOGICAL HEALTH AND WELLNESS
935146,8/4/2020,HEALTH AND WELLNESS SECTION - MODULE 2 - JOB COUNSELING AND STRESS
935146,8/4/2020,HEALTH AND WELLNESS SECTION - MODULE 3 - WARNING SIGNS
935146,8/4/2020,HEALTH AND WELLNESS SECTION - MODULE 4 - CUMULATIVE TRAUMA
935146,8/4/2020,HEALTH AND WELLNESS SECTION - MODULE 5 - GAINING PERSPECTIVE
935146,8/4/2020,HEALTH AND WELLNESS SECTION - MODULE 6 - COPING WITH SIGNS OF ANXIETY DEPRESSION
935146,8/4/2020,HEALTH AND WELLNESS SECTION - MODULE 7 - LEADING WITH COMPASSION
935146,8/4/2020,"HEALTH AND WELLNESS SECTION - MODULE 8 - WARNING SIGNS, SUPPORT AND OUTREACH"
935146,8/4/2020,HEALTH AND WELLNESS SECTION - MODULE 9 - MANAGING STRESS ON THE JOB
935146,7/9/2020,VICTIM BLAMING AND RELEASE OF INFORMATION TO THE MEDIA
935146,7/1/2020,"EQUAL EMPLOYMENT OPPORTUNITY TRAINING - SEXUAL HARASSMENT, AWARENESS AND PREVENTION"
935146,7/1/2020,NEW LAWS AFFECTING POLICE OFFICERS’ CRIMINAL AND CIVIL LIABILITY
935146,6/20/2020,HEALTH AND WELLNESS SECTION - MODULE 12 - IN THAT DARK PLACE - AN OFFICER'S JOURNEY
935146,6/19/2020,FTS - BALLISTIC VEST REPLACEMENT - DISTRIBUTION - PRE AUGUST 2020
935146,6/12/2020,COVID-19: PREPAREDNESS YOUR FAMILY AND HOME
935146,5/20/2020,COVID-19: PREPAREDENESS
935146,5/20/2020,COVID-19: PROTECTIVE MASKS
935146,3/28/2020,"AXON BODY-WORN CAMERA TRAINING - CAMERA OPERATION, AXON VIEW AND EVIDENCE.COM (REQUIRED FOR LE4 COMM"
935146,3/13/2020,CLT-DOCUMENTATION AND FORMS
935146,3/4/2020,CRIMINAL JUSTICE BUREAU - GIGLIO MATERIAL DISCLOSURES UNDER THE NEW DISCOVERY LAWS
935146,3/4/2020,CROSSFIRE MITIGATION DURING CLOSE COMBAT INCIDENTS - PART 2
935146,3/4/2020,INVESTIGATIVE ENCOUNTERS-VIDEO #2 COMMON LAW RIGHT OF INQUIRY-UNIT TRAINING MAY 2016
935146,3/4/2020,UTILIZING BALLISTIC PROTECTION IN DEPARTMENT VEHICLES (4:09)
935146,2/25/2020,PROCESSING DISCOVERY MATERIAL IN THE FORMS ARREST FOLDER
935146,2/11/2020,CLT-PROCEDURAL OPERATIONS
935146,2/11/2020,FTS - BALLISTIC VEST REPLACEMENT - MEASUREMENT - PRE AUG 2020
935146,12/20/2019,CROSSFIRE MITIGATION DURING CLOSE COMBAT INCIDENTS
935146,12/20/2019,SUCCESSFULLY DISARMING AN EMOTIONALLY DISTURBED PERSON
935146,12/20/2019,TACTICAL AWARENESS- BALLISTIC VEST
935146,12/18/2019,ACTIVITY LOG FOR IPHONE
935146,12/18/2019,ADVANCED TACTICAL FIREARMS TRAINING COURSE
935146,12/18/2019,FTS - ANNUAL CEW RECERTIFICATION
935146,12/3/2019,CJB - OVERVIEW OF THE NEW DISCOVERY LAWS
935146,12/3/2019,RESPONDING TO COMMERCIAL ROBBERIES PART LL - MODULE 1 AND MODULE 2
935146,11/27/2019,CJB - DESK APPEARANCE TICKETS: THE NEW LAWS AND GUIDELINES FOR PROCESSING DATS
935146,11/25/2019,CLT-DOCUMENTATION AND FORMS
935146,11/21/2019,CLT-DOCUMENTATION AND FORMS
935146,11/21/2019,DISCHARGING YOUR FIREARM AT A MOVING THREAT
935146,10/18/2019,CRIMINAL JUSTICE BUREAU - DNA TRAINING VIDEO
935146,10/18/2019,CRITICAL DECISION MAKING MODEL
935146,10/18/2019,FORCE POLICY UPDATE VIDEO
935146,10/18/2019,MARIJUANA POLICY UPDATE
935146,10/3/2019,CLT-PROFESSIONAL DEVELOPMENT
935146,9/12/2019,DOMESTIC VIOLENCE EDUCATION AND COUNSELING
935146,9/12/2019,SHIELD OF RESILIENCE TRAINING COURSE
935146,8/6/2019,RESPONDING TO COMMERCIAL ROBBERIES
935146,7/11/2019,CLT-TACTICAL AWARENESS AND OFFICER SAFETY
935146,7/11/2019,DISCUSSION - BASED LEARNING MODULE # 1-3
935146,7/10/2019,INVESTIGATIVE ENCOUNTERS-VIDEO #1 REQUEST FOR INFO-UNIT TRAINING FEB 2016
935146,7/10/2019,TRANSIT BUREAU - SAFETY CONSIDERATIONS FOR PATROLLING THE NYC SUBWAY SYSTEM
935146,7/10/2019,TRANSIT BUREAU - SAFETY CONSIDERATIONS FOR PATROLLING THE NYC SUBWAY SYSTEM - PART 2
935146,7/10/2019,TRANSIT BUREAU - TIMELY RESUMPTION OF SERVICE IN NYC TRANSIT
935146,6/30/2019,COLLABORATIVE POLICING - MEDIATION REFERRAL PROGRAM FOR NON-CRIMINAL COMPLAINTS
935146,6/30/2019,CRIMINAL JUSTICE REFORM ACT ROLL CALL TRAINING PART 1
935146,6/30/2019,CRIMINAL JUSTICE REFORM ACT ROLL CALL TRAINING PART 2
935146,6/30/2019,INVESTIGATIVE ENCOUNTERS-VIDEO #4 DOCUMENTATION AND SUPERVISION-UNIT TRAINING JULY 2016
935146,6/30/2019,NEW PERFORMANCE EVALUATION PROCESS
935146,6/30/2019,PUBLIC CONTACT AND CONSENT TO SEARCH (RIGHT TO KNOW) - UNIT TRAINING AUGUST 2016
935146,6/30/2019,RESPONDING TO PEOPLE IN CRISIS – MODULE 4: USING DEPARTMENT MOBILE DIGITAL DEVICES
935146,6/17/2019,WORLDPRIDE NYC 2019
935146,4/29/2019,RESPONDING TO PEOPLE IN CRISIS - MODULES 2 AND 3: ACTIVE LISTENING PARTS 1 AND 2
935146,4/18/2019,CABARET/CLUB ENFORCEMENT TRAINING
935146,4/18/2019,CLT-ENFORCEMENT ACTIONS
935146,4/15/2019,COLLABORATIVE POLICING - THE DEAF AND HARD OF HEARING COMMUNITY
935146,4/1/2019,LEGAL BUREAU - PERJURY TRAINING MODULE
935146,3/31/2019,EQUAL EMPLOYMENT OPPORTUNITYTRAINING - SEXUAL HARASSMENT AWARENESS AND PREVENTION
935146,3/24/2019,SAFEGUARDING PRISONERS - OFFICER SAFETY GUIDELINES
935146,3/24/2019,"SUPPORT SERVICES DIVISION - CLASS ""C"" OPERATOR"
935146,3/3/2019,COLLABORATIVE POLICING - ELDER ABUSE
935146,2/19/2019,RESPONDING TO PEOPLE IN CRISIS - MODULE 1: SENDING THE RIGHT SIGNALS
935146,1/23/2019,COLLABORATIVE POLICING- ACCESSING TELEPHONIC INTERPRETERS VIA LANGUAGE LINE
935146,12/28/2018,MARIJUANA BURNING ENFORCEMENT POLICY
935146,12/19/2018,AMERICANS WITH DISABILITIES ACT (ADA)
935146,12/7/2018,FTS - ANNUAL CEW RECERTIFICATION
935146,10/25/2018,CLT-PROCEDURAL OPERATIONS
935146,10/25/2018,INFORMATION SECURITY AWARENESS TRAINING
935146,10/25/2018,RESPONDING TO PEOPLE IN CRISIS-INTRODUCTION TO CIT VIDEO SERIES
935146,10/12/2018,CLT-PROCEDURAL OPERATIONS
935146,9/25/2018,NYC RIGHT TO KNOW ACT LEGISLATION - PART 2
935146,9/25/2018,NYC RIGHT TO KNOW ACT LEGISLATION – PART 1
935146,9/7/2018,RAISE THE AGE
935146,8/9/2018,CLT-DOCUMENTATION AND FORMS
935146,7/31/2018,FTS - TACTICAL TRAINING CENTER 090 PCT - SESSION 2
935146,7/10/2018,FTS - CEW X26P HOLSTER TRAINING AND DISTRIBUTION
935146,7/3/2018,CLT-TACTICAL AWARENESS AND OFFICER SAFETY
935146,6/26/2018,COMMUNICATIONS- THE PROPER USAGE OF THE IDA RADIO CODES
935146,5/30/2018,COUNTER TERRORISM INITIAL PATROL RESPONSE TO AN ACTIVE SHOOTER
935146,5/10/2018,CLT-DOCUMENTATION AND FORMS
935146,5/9/2018,INVESTIGATIVE ENCOUNTERS-VIDEO #3 TERRY STOPS AND REASONABLE SUSPICION-UNIT TRAINING JUNE 2016
935146,4/12/2018,CLT-MEMBER-EMPLOYEE WELLNESS
935146,3/5/2018,CPS BODY-WORN CAMERA TRAINING WITH SCENARIOS
935146,2/27/2018,CPS FAIR AND IMPARTIAL POLICING - ALL POS AND DETS
935146,2/20/2018,COLLABORATIVE POLICING- FOREIGN LANGUAGE CERTIFICATION VIDEO
935146,2/20/2018,CPS INTERIOR PATROL TRESPASS AFFIDAVIT PROGRAM (TAP) VIDEO 1
935146,2/20/2018,CPS INTERIOR PATROL TRESPASS AFFIDAVIT PROGRAM (TAP) VIDEO 2
935146,2/20/2018,LEGAL BUREAU PERFORMANCE METRICS - PROHIBITED CONDUCT
935146,2/20/2018,NARCAN NASAL SPRAY TRAINING
935146,1/26/2018,1PP IPHONE TRAINING AND DISTRIBUTION
935146,12/26/2017,FTS - ANNUAL CEW RECERTIFICATION
935146,12/7/2017,BTK (BELT TRAUMA KIT DISTRIBUTION AND FAMILIARIZATION)
935146,11/24/2017,TACTICAL AWARENESS-SMARTPHONE SAFETY
935146,11/1/2017,COLLABORATIVE POLICING- ACCESSING TELEPHONIC INTERPRETERS VIA LANGUAGE LINE
935146,10/26/2017,CRISIS INTERVENTION TEAM TRAINING
935146,10/14/2017,COUNTERTERRORISM U.A.S. (UNMANNED AIRCRAFT SYSTEMS) DRONE AWARENESS
935146,10/13/2017,PERSONNEL BUREAU NYPD EMPLOYEE ASSISTANCE UNIT (EAU)
935146,10/13/2017,POLICE COMMISSIONERS MESSAGE - VICTIMS OF SEXUAL ASSAULT VIDEO
935146,10/2/2017,2017-2019 IN-SERVICE CYCLE-INVESTIGATIVE ENCOUNTERS-SUPERVISOR TRAINING WITHOUT SCENARIOS
935146,9/14/2017,"CPS INTERIOR PATROL OF HOUSING AUTHORITY BUILDINGS, PG 212-60 ROLL CALL VIDEO 1"
935146,9/14/2017,"CPS INTERIOR PATROL OF HOUSING AUTHORITY BUILDINGS, PG 212-60 ROLL CALL VIDEO 2"
935146,9/14/2017,PATROL- POLYCARBONATE SHIELD
935146,9/4/2017,DETECTIVE BUREAU HOMICIDE INVESTIGATORS COURSE
935146,8/8/2017,ILERSBA - INITIAL LAW ENFORCMENT RESPONSE TO SUICIDE BOMBING ATTACKS
935146,7/13/2017,SITE PROTECTION & DOCUMENT SCREENING TECHNIQUES
935146,6/7/2017,CRIMINAL JUSTICE REFORM ACT ROLL CALL TRAINING PART 1
935146,6/7/2017,CRIMINAL JUSTICE REFORM ACT ROLL CALL TRAINING PART 2
935146,2/16/2017,EQUAL EMPLOYMENT OPPORTUNITY TRANSGENDER DIVERSITY AND INCLUSION:EXECUTIVE ORDER 16
935146,1/18/2017,HATE CRIMES AND BIAS-RELATED INCIDENTS
935146,11/17/2016,INVESTIGATIVE ENCOUNTERS-VIDEO #4 DOCUMENTATION AND SUPERVISION-UNIT TRAINING JULY 2016
935146,11/16/2016,PUBLIC CONTACT AND CONSENT TO SEARCH (RIGHT TO KNOW) - UNIT TRAINING AUGUST 2016
935146,11/3/2016,X26P TRANSITION COURSE FOR CURRENT X26 END-USER TRAINING
935146,8/29/2016,NEIGHBORHOOD COORDINATION OFFICER TRAINING - LIEUTENANTS
935146,8/9/2016,FTS - ANNUAL CEW RECERTIFICATION
935146,6/21/2016,INVESTIGATIVE ENCOUNTERS-VIDEO #3 TERRY STOPS AND REASONABLE SUSPICION-UNIT TRAINING JUNE 2016
935146,6/3/2016,FORCE POLICY REVISION-VIDEO-PG 221-UNIT TRAINING MAY 2016
935146,5/10/2016,FORCE POLICY REVISION-VIDEO-PG 221-UNIT TRAINING MAY 2016
935146,5/10/2016,INVESTIGATIVE ENCOUNTERS-VIDEO #2 COMMON LAW RIGHT OF INQUIRY-UNIT TRAINING MAY 2016
935146,3/25/2016,SERGEANTS LEADERSHIP COURSE: NEWLY PROMOTED SERGEANTS
935146,2/10/2016,INVESTIGATIVE ENCOUNTERS-VIDEO #1 REQUEST FOR INFO-UNIT TRAINING FEB 2016
935146,2/9/2016,WINDOWS PHONE TRAINING AND DISTRIBUTION
935146,12/9/2015,FORCE POLICY REVISION-PAMPHLET - PG 221 - UNIT TRAINING DECEMBER 2015
935146,11/9/2015,EMERGENCY VEHICLE OPERATION JULY 03 - JUNE 07
935146,11/9/2015,FIELD TRAINING PROGRAM JULY 03 - JUNE 07
935146,11/9/2015,PHYSICAL EDUCATION PART 1: FOUNDATIONS OF PHYSICAL FITNESS
935146,11/9/2015,PHYSICAL EDUCATION PART 2: DEFENSIVE TACTICS
935146,11/9/2015,PHYSICAL EDUCATION PART 3: AMERICAN HEART ASSOCIATION BASIC LIFE SUPPORT
935146,11/9/2015,POLICE CRISIS INTERVENTION JULY 03 - JUNE 07
935146,11/9/2015,POLICE FIELD PROBLEMS JULY 03 - JUNE 07
935146,11/9/2015,POLICE INVESTIGATION AND REPORTING JULY 03 - JUNE 07
935146,11/9/2015,POLICING A DEMOCRACY JULY 03 - JUNE 07
935146,11/9/2015,POLICING SPECIAL POPULATIONS JULY 03 - JUNE 07
935146,11/9/2015,PROCEDURAL LAW JULY 03 - JUNE 07
935146,11/9/2015,SUBSTANTIVE LAW JULY 03 - JUNE 07
935146,11/9/2015,TERRORISM AWARENESS AND RESPONSE JULY 03 - JUNE 07
935146,4/28/2015,ROCKWALL CERTIFICATION
935146,3/27/2015,DIGNITARY PROTECTION COURSE
935146,3/2/2015,20K TRAINING INITIATIVE - PHYSICAL TACTICS
935146,2/20/2015,20K TRAINING INITIATIVE - SMART POLICING
935146,2/12/2015,20K TRAINING INITIATIVE - FOUNDATIONS OF POLICING
935146,9/13/2013,LESS LETHAL TRAINING (X26 TASER)
935146,9/12/2013,CIMS ICS 300
935146,9/4/2013,LIEUTENANT ADVANCED LEADERSHIP COMPUTER COURSE
935146,9/3/2013,UF 250 - OPERATION IMPACT REFRESHER CERTIFIED
935146,8/29/2013,ADVANCED LEADERSHIP COURSE: NEWLY PROMOTED LIEUTENANTS
935146,3/29/2013,I/NETDISPATCHER
935146,12/3/2012,COUNTERTERRORISM PERSONAL RADIATION DETECTION COURSE
935146,9/12/2012,DISORDER CONTROL TRAINING
935146,8/7/2012,LESS LETHAL TRAINING (X26 TASER)
935146,5/22/2012,UNIFORM LEAD
935146,2/15/2012,DISORDER CONTROL TRAINING
935146,8/4/2011,DISORDER CONTROL TRAINING
935146,6/7/2011,LESS LETHAL TRAINING (M26 AIR TASER)
935146,8/5/2009,PLAIN CLOTHES TRAINING CERTIFIED BASIC PLAIN-CLOTHES COURSE
935146,5/29/2008,PSB OPERATION LOSING PROPOSITION
935146,7/1/2004,12 PASSENGER VAN / UTILITY VEHICLE QUALIFICATION
935146,7/1/2004,THREE WHEEL SCOOTER CERTIFIED
935146,,BICYCLE TRAINING (3-DAY)
935146,,RECRUIT 12 PASSENGER VAN / UTILITY VEHICLE QUALIFICATION
935146,,RECRUIT RMP QUALIFICATION / RMP OPERATOR QUALIFIED
935146,,TWO WHEEL SCOOTER (WITH TACTICS) CERTIFIED
920483,6/17/2025,2025 BWC PROFICIENCY TRAINING
920483,6/17/2025,EAU 2025 POLICE COMMISSIONER JESSICA S. TISCH
920483,6/17/2025,SQF REVIEW AND DOCUMENTATION: SQF MODULE 10
920483,5/20/2025,2025 EQUAL EMPLOYMENT OPPORTUNITY TRAINING - SEXUAL HARASSMENT AWARENESS AND PREVENTION
920483,1/29/2025,RIGHT TO KNOW ACT SQF MODULE 9
920483,1/29/2025,VEHICLE PURSUITS
920483,1/20/2025,2025 IDENTIFYING THE IMPAIRED DRIVER REFRESHER
920483,1/20/2025,ACTIVE SHOOTER - SCHOOL RESPONSE PROTOCOL
920483,1/20/2025,KEVIN AND AVONTE SAFE HOME PROGRAM
920483,12/26/2024,CELL BLOCK FIRESHIELD EV BLANKETS
920483,12/26/2024,MULTI-FACTOR AUTHENTICATION MFA TRAINING
920483,12/13/2024,BEHAVIORAL HEALTH EMERGENCY ASSISTANCE RESPONSE DIVISION B-HEARD
920483,12/13/2024,DRIVING WHILE INTOXICATED AWARENESS VIDEO MODULE 1
920483,12/13/2024,INFORMATION SECURITY AWARENESS TRAINING 2024
920483,12/13/2024,LEAVING THE SCENE COLLISIONS INVESTIGATIVE BEST PRACTICES
920483,12/13/2024,NOTIFICATION OF ALLEGATIONS AND EMPLOYEE RIGHTS
920483,12/9/2024,FTS - CEW TASER 7 TRANSITION COURSE
920483,12/9/2024,FTS - TASER 7 HOLSTER DISTRIBUTION
920483,10/15/2024,FAMILY BUILDING
920483,10/15/2024,NORTHWELL DIRECT FINEST CARE PROGRAM FOR UMOS
920483,10/15/2024,RACIAL PROFILING AND BIASED BASED POLICING: SQF MODULE 8
920483,8/19/2024,APX NEXT PORTABLE AND RADIO DISCIPLINE TRAINING VIDEO
920483,8/19/2024,MENTAL HEALTH INVOLUNTARY REMOVALS MHL 9.41 AND MHL 9.58
920483,8/19/2024,RAPE IS RAPE
920483,8/19/2024,UNMANNED AIRCRAFT SYSTEMS VISUAL OBSERVER
920483,7/2/2024,LEVEL 1 AND LEVEL 2 INVESTIGATIVE ENCOUNTERS
920483,6/14/2024,2024 EQUAL EMPLOYMENT OPPORTUNITY TRAINING - SEXUAL HARASSMENT AWARENESS AND PREVENTION
920483,6/14/2024,2024 VEHICLE SEIZURE FORM REFRESHER
920483,6/14/2024,ACCURATE COMPLAINT REPORT CLASSIFICATION
920483,6/14/2024,TACTICS WHEN ENGAGING INDIVIDUALS IN A MENTAL HEALTH CRISIS
920483,5/6/2024,ASSISTING SURVIVORS OF SEXUAL BASED VIOLENCE WITH ACCESS TO RESOURCES
920483,5/6/2024,DRIVE SMART 2024
920483,5/6/2024,HOUSING BUREAU INTERIOR PATROL TACTICS
920483,5/6/2024,POLICING THE SUBWAY 2024
920483,3/12/2024,EMPLOYEE ASSISTANCE UNIT (E.A.U.) IS HERE FOR YOU- 2024
920483,3/12/2024,NYCHA INTERIOR PATROL: SQF MODULE 7
920483,1/22/2024,AUTISM SPECTRUM DISORDER
920483,1/22/2024,LGBTQIA PLUS - DIVERSITY AND INCLUSION
920483,1/22/2024,OPIOID DANGERS- FENTANYL AND CARFENTANIL
920483,1/22/2024,"POSSESSION OR INGESTION OF ANABOLIC STEROIDS, HUMAN GROWTH HORMONE, AND NUTRITIONAL SUPPLEMENTS"
920483,12/18/2023,2023 SUMMER ALL-OUT BODY WORN CAMERA TRAINING
920483,12/18/2023,AUGMENTED REALITY FEATURE
920483,12/18/2023,EFFECTIVE COMMUNICATION SKILLS - DEAF OR HARD OF HEARING
920483,12/18/2023,ELDER ABUSE -2023 REFRESHER
920483,12/18/2023,INFORMATION SECURITY AWARENESS TRAINING - 2023
920483,12/18/2023,INVESTIGATIVE ENCOUNTERS 2023: MODULE 5 SQF LEVELS 3 AND 4
920483,12/18/2023,INVESTIGATIVE ENCOUNTERS SUMMARY: SQF MODULE 6
920483,12/18/2023,NYPD JOUVERT AND WEST INDIAN DAY-2023
920483,12/18/2023,NYPD RECRUITMENT TRAINING VIDEO
920483,12/18/2023,TRAFFIC COURT TESTIMONY VIDEO
920483,12/18/2023,UNMANNED AIRCRAFT PERMIT: DRONES FOR PUBLIC USE
920483,12/18/2023,VEHICLE MOUNTED VIDEO SYSTEM
920483,12/11/2023,SRG - RAPID MOBILIZATION (PATROL) LEVEL 4
920483,11/15/2023,SRG - RAPID MOBILIZATION (PATROL) LEVEL 4
920483,11/2/2023,SRG - RAPID MOBILIZATION (PATROL) LEVEL 4
920483,6/9/2023,"INVESTIGATIVE ENCOUNTERS 2023: MODULE 4 SQF LEVELS 2, 3 AND 4"
920483,5/21/2023,SRG - RAPID MOBILIZATION (PATROL) LEVEL 4
920483,5/1/2023,2023 EQUAL EMPLOYMENT OPPORTUNITY TRAINING-SEXUAL HARASSMENT AWARENESS AND PREVENTION
920483,4/10/2023,2023 LANGUAGE MATTERS - FOSTERING A POSITIVE WORK ENVIRONMENT
920483,3/27/2023,ESPER POLICY LIBRARY
920483,3/27/2023,INVESTIGATIVE ENCOUNTERS 2023: MODULE 3 SQF LEVEL 2
920483,2/22/2023,INFORMATION SECURITY CRIMINAL JUSTICE TRAINING 2023
920483,1/26/2023,NYPD-U VOLUNTARY - INVOLUNTARY TRANSPORTS
920483,1/26/2023,RAISING THE LOWER AGE OF JUVENILE DELINQUENCY
920483,1/9/2023,INVESTIGATIVE ENCOUNTERS 2023: MODULE 2 SQF LEVEL 1
920483,12/28/2022,INVESTIGATIVE ENCOUNTERS 2023 - MODULE 1 INTRODUCTION TO SQF
920483,12/28/2022,LGBTQIA PLUS AWARENESS
920483,12/28/2022,VIDEO 1 - PATROLLING THE NYC SUBWAY SYSTEM 2022
920483,12/28/2022,VIDEO 2 -TACTICAL CONSIDERATIONS FOR TRANSIT PATROL 2022 (PART 1)
920483,12/28/2022,VIDEO 3 - TACTICAL CONSIDERATIONS FOR TRANSIT PATROL 2022 (PART 2)
920483,12/28/2022,VIDEO 4 - PLATFORM SAFETY 2022
920483,10/28/2022,PROCESSING CIVILIAN COMPLAINTS
920483,10/5/2022,THE EMPLOYEE ASSISTANCE UNIT (EAU) IS HERE FOR YOU
920483,9/2/2022,"INTEGRATING COMMUNICATION, ASSESSMENT AND TACTICS (ICAT) MODULE 6"
920483,9/2/2022,"INTEGRATING COMMUNICATION, ASSESSMENT, AND TACTICS (ICAT) MODULE 7"
920483,8/30/2022,NYPD JOUVERT  WEST INDIAN DAY
920483,8/23/2022,CAR STOP TACTICS FOR PATROL OFFICERS - MODULE 1: CONTROLLING THE STOP
920483,8/23/2022,CAR STOP TACTICS FOR PATROL OFFICERS - MODULE 2: PROHIBITED MANEUVERS
920483,8/23/2022,CAR STOP TACTICS FOR PATROL OFFICERS - MODULE 3: THE UNKNOWN RISK STOP
920483,8/23/2022,CAR STOP TACTICS FOR PATROL OFFICERS - MODULE 4: THE HIGH-RISK STOP
920483,8/22/2022,2022 EQUAL EMPLOYMENT OPPORTUNITY TRAINING-SEXUAL HARASSMENT AWARENESS AND PREVENTION
920483,8/22/2022,CONVICTED OFFENDER DNA DATABANK SPECIMEN COLLECTION KIT
920483,8/22/2022,VEHICLE SEIZURE FORM
920483,6/2/2022,BEST PRACTICES IN STRUCTURED INTERVIEWING
920483,6/2/2022,NATIONAL INCIDENT-BASED REPORTING SYSTEM (NIBRS) UPDATES TO THE OMNIFORM COMPLAINT SYSTEMV
920483,6/2/2022,PROHIBITED METHODS OF RESTRAINT
920483,5/23/2022,ILLEGAL EVICTIONS
920483,4/28/2022,"INTEGRATING COMMUNICATION, ASSESSMENT AND TACTICS (ICAT) MODULE 5"
920483,3/18/2022,"INTEGRATING COMMUNICATION, ASSESSMENT AND TACTICS (ICAT) MODULE 4"
920483,2/28/2022,PRISONER ESCAPE WARNING SIGNS
920483,2/7/2022,"INTEGRATING COMMUNICATION, ASSESSMENT AND TACTICS (ICAT) MODULE 3"
920483,1/13/2022,ARRESTS - RELIGIOUS HEAD COVERING GUIDELINES (PG 208-83)
920483,1/13/2022,BODY-WORN CAMERA REVIEW PART TWO
920483,1/13/2022,IDENTIFYING THE IMPAIRED DRIVER
920483,1/13/2022,LOCAL LAW 45 OF 2021-TRAFFIC ENCOUNTERS
920483,12/22/2021,"INTEGRATING COMMUNICATION, ASSESSMENT AND TACTICS (ICAT) MODULE 2"
920483,12/1/2021,"INTEGRATING COMMUNICATION, ASSESSMENT AND TACTICS (ICAT) MODULE 1"
920483,10/29/2021,ACTIVE BYSTANDERSHIP FOR LAW ENFORCEMENT (ABLE): ONE DAY COURSE
920483,9/25/2021,BODY-WORN CAMERA REVIEW PART ONE
920483,9/25/2021,MAYOR EXECUTIVE ORDER 78 VACCINATION - TESTING COMPLIANCE POLICY
920483,9/25/2021,OPIOID OVERDOSE RECOGNITION AND NARCAN ADMINISTRATION -2021
920483,9/15/2021,INFORMATION SECURITY AWARENESS TRAINING 2021
920483,7/19/2021,EQUAL EMPLOYMENT OPPORTUNITY TRAINING - SEXUAL HARASSMENT AWARENESS AND PREVENTION 2021
920483,6/8/2021,EMPLOYEE ASSISTANCE UNIT-2021
920483,6/8/2021,OVERVIEW OF THE NEW DISCOVERY LAWS 2021 REFRESHER
920483,6/8/2021,PATROL GUIDE 215-17 POLICE ACTIONS RELATED QUESTIONING ARRESTS AND INVESTIGATIONS AT A NYC DEPARTMEN
920483,4/13/2021,BALLISTIC VEST MEASUREMENT PROGRAM
920483,4/5/2021,EQUAL EMPLOYMENT OPPORTUNITY TRAINING - LGBTQIA+ DIVERSITY AND INCLUSION / EXECUTIVE ORDER 16 OF 201
920483,3/9/2021,DESK APPEARANCE TICKETS: THE NEW LAW AND THE NEW GUIDELINES FOR PROCESSING DAT'S - 2021 REFRESHER
920483,2/2/2021,COVID VACCINE DISTRIBUTION AND EDUCATION
920483,12/30/2020,EQUAL EMPLOYMENT OPPORTUNITY TRAINING - LEAVE TO EXPRESS BREAST MILK
920483,9/25/2020,2017-2019 IN-SERVICE CYCLE-INVESTIGATIVE ENCOUNTERS- BASIC TRAINING WITH SCENARIOS
920483,9/4/2020,CJB - DESK APPEARANCE TICKETS: THE NEW LAWS AND GUIDELINES FOR PROCESSING DATS
920483,9/4/2020,CJB - OVERVIEW OF THE NEW DISCOVERY LAWS
920483,9/4/2020,COUNTERTERRORISM BUREAU ACTIVE SHOOTER SCHOOL INCIDENTS AWARENESS
920483,9/4/2020,DOMESTIC VIOLENCE EDUCATION AND COUNSELING
920483,9/4/2020,TRANSIT BUREAU - SAFETY CONSIDERATIONS FOR PATROLLING THE NYC SUBWAY SYSTEM
920483,9/4/2020,TRANSIT BUREAU - SAFETY CONSIDERATIONS FOR PATROLLING THE NYC SUBWAY SYSTEM - PART 2
920483,8/31/2020,CONSTITUTIONAL POLICING AT COMMUNITY EVENTS (CPACE)
920483,6/30/2020,"EQUAL EMPLOYMENT OPPORTUNITY TRAINING - SEXUAL HARASSMENT, AWARENESS AND PREVENTION"
920483,6/30/2020,HEALTH AND WELLNESS SECTION - MODULE 12 - IN THAT DARK PLACE - AN OFFICER'S JOURNEY
920483,6/30/2020,NEW LAWS AFFECTING POLICE OFFICERS’ CRIMINAL AND CIVIL LIABILITY
920483,6/30/2020,RESPONDING TO PEOPLE IN CRISIS - MODULES 2 AND 3: ACTIVE LISTENING PARTS 1 AND 2
920483,6/30/2020,VICTIM BLAMING AND RELEASE OF INFORMATION TO THE MEDIA
920483,6/1/2020,COVID-19: PREPAREDNESS YOUR FAMILY AND HOME
920483,6/1/2020,CRIMINAL JUSTICE BUREAU - GIGLIO MATERIAL DISCLOSURES UNDER THE NEW DISCOVERY LAWS
920483,6/1/2020,CROSSFIRE MITIGATION DURING CLOSE COMBAT INCIDENTS
920483,6/1/2020,CROSSFIRE MITIGATION DURING CLOSE COMBAT INCIDENTS - PART 2
920483,6/1/2020,DISCHARGING YOUR FIREARM AT A MOVING THREAT
920483,6/1/2020,HEALTH AND WELLNESS SECTION - MODULE 1 - PSYCHOLOGICAL HEALTH AND WELLNESS
920483,6/1/2020,HEALTH AND WELLNESS SECTION - MODULE 10 - SEEKING AND RECEIVING MENTAL HEALTH SUPPORT
920483,6/1/2020,HEALTH AND WELLNESS SECTION - MODULE 11 - HEALTH AND RESILIENCY
920483,6/1/2020,HEALTH AND WELLNESS SECTION - MODULE 2 - JOB COUNSELING AND STRESS
920483,6/1/2020,HEALTH AND WELLNESS SECTION - MODULE 3 - WARNING SIGNS
920483,6/1/2020,HEALTH AND WELLNESS SECTION - MODULE 4 - CUMULATIVE TRAUMA
920483,6/1/2020,HEALTH AND WELLNESS SECTION - MODULE 5 - GAINING PERSPECTIVE
920483,6/1/2020,HEALTH AND WELLNESS SECTION - MODULE 6 - COPING WITH SIGNS OF ANXIETY DEPRESSION
920483,6/1/2020,HEALTH AND WELLNESS SECTION - MODULE 7 - LEADING WITH COMPASSION
920483,6/1/2020,"HEALTH AND WELLNESS SECTION - MODULE 8 - WARNING SIGNS, SUPPORT AND OUTREACH"
920483,6/1/2020,HEALTH AND WELLNESS SECTION - MODULE 9 - MANAGING STRESS ON THE JOB
920483,6/1/2020,INVESTIGATIVE ENCOUNTERS-VIDEO #2 COMMON LAW RIGHT OF INQUIRY-UNIT TRAINING MAY 2016
920483,6/1/2020,SAFETY CONSIDERATIONS FOR PATROLLING THE NYC SUBWAY SYSTEM -DANGERS OF THE PLATFORM EDGE
920483,6/1/2020,UTILIZING BALLISTIC PROTECTION IN DEPARTMENT VEHICLES (4:09)
920483,5/11/2020,COVID-19: PREPAREDENESS
920483,5/11/2020,COVID-19: PROTECTIVE MASKS
920483,2/5/2020,CPS FAIR AND IMPARTIAL POLICING - ALL POS AND DETS
920483,1/16/2020,ACTIVITY LOG FOR IPHONE
920483,1/16/2020,INVESTIGATIVE ENCOUNTERS-VIDEO #1 REQUEST FOR INFO-UNIT TRAINING FEB 2016
920483,1/16/2020,INVESTIGATIVE ENCOUNTERS-VIDEO #3 TERRY STOPS AND REASONABLE SUSPICION-UNIT TRAINING JUNE 2016
920483,1/16/2020,INVESTIGATIVE ENCOUNTERS-VIDEO #4 DOCUMENTATION AND SUPERVISION-UNIT TRAINING JULY 2016
920483,1/16/2020,PROCESSING DISCOVERY MATERIAL IN THE FORMS ARREST FOLDER
920483,1/16/2020,PUBLIC CONTACT AND CONSENT TO SEARCH (RIGHT TO KNOW) - UNIT TRAINING AUGUST 2016
920483,1/16/2020,RESPONDING TO COMMERCIAL ROBBERIES
920483,1/16/2020,RESPONDING TO COMMERCIAL ROBBERIES PART LL - MODULE 1 AND MODULE 2
920483,1/16/2020,RESPONDING TO PEOPLE IN CRISIS – MODULE 4: USING DEPARTMENT MOBILE DIGITAL DEVICES
920483,10/22/2019,COLLABORATIVE POLICING - ELDER ABUSE
920483,10/22/2019,CRIMINAL JUSTICE BUREAU - DNA TRAINING VIDEO
920483,10/22/2019,FORCE POLICY UPDATE VIDEO
920483,10/22/2019,MARIJUANA POLICY UPDATE
920483,10/8/2019,COLLABORATIVE POLICING- FOREIGN LANGUAGE CERTIFICATION VIDEO
920483,10/8/2019,COMMUNICATIONS- THE PROPER USAGE OF THE IDA RADIO CODES
920483,10/8/2019,CRITICAL DECISION MAKING MODEL
920483,10/8/2019,TRANSIT BUREAU - TIMELY RESUMPTION OF SERVICE IN NYC TRANSIT
920483,10/8/2019,WORLDPRIDE NYC 2019
920483,9/4/2019,SHIELD OF RESILIENCE TRAINING COURSE
920483,5/29/2019,COLLABORATIVE POLICING - MEDIATION REFERRAL PROGRAM FOR NON-CRIMINAL COMPLAINTS
920483,5/20/2019,COLLABORATIVE POLICING - THE DEAF AND HARD OF HEARING COMMUNITY
920483,4/8/2019,LEGAL BUREAU - PERJURY TRAINING MODULE
920483,4/8/2019,SAFEGUARDING PRISONERS - OFFICER SAFETY GUIDELINES
920483,2/6/2019,RESPONDING TO PEOPLE IN CRISIS - MODULE 1: SENDING THE RIGHT SIGNALS
920483,2/6/2019,"SUPPORT SERVICES DIVISION - CLASS ""C"" OPERATOR"
920483,1/11/2019,MARIJUANA BURNING ENFORCEMENT POLICY
920483,12/28/2018,EQUAL EMPLOYMENT OPPORTUNITYTRAINING - SEXUAL HARASSMENT AWARENESS AND PREVENTION
920483,11/2/2018,AMERICANS WITH DISABILITIES ACT (ADA)
920483,10/23/2018,RESPONDING TO PEOPLE IN CRISIS-INTRODUCTION TO CIT VIDEO SERIES
920483,9/21/2018,NYC RIGHT TO KNOW ACT LEGISLATION - PART 2
920483,9/21/2018,NYC RIGHT TO KNOW ACT LEGISLATION – PART 1
920483,9/21/2018,RAISE THE AGE
920483,7/20/2018,FTS - SMITH AND WESSON MODEL 5946 BARREL REMEDIATION
920483,3/23/2018,LEGAL BUREAU PERFORMANCE METRICS - PROHIBITED CONDUCT
920483,10/23/2017,INFORMATION SECURITY AWARENESS TRAINING
920483,10/23/2017,NARCAN NASAL SPRAY TRAINING
920483,10/5/2017,COLLABORATIVE POLICING- ACCESSING TELEPHONIC INTERPRETERS VIA LANGUAGE LINE
920483,10/5/2017,"CPS INTERIOR PATROL OF HOUSING AUTHORITY BUILDINGS, PG 212-60 ROLL CALL VIDEO 1"
920483,10/5/2017,"CPS INTERIOR PATROL OF HOUSING AUTHORITY BUILDINGS, PG 212-60 ROLL CALL VIDEO 2"
920483,10/5/2017,CPS INTERIOR PATROL TRESPASS AFFIDAVIT PROGRAM (TAP) VIDEO 1
920483,10/5/2017,CPS INTERIOR PATROL TRESPASS AFFIDAVIT PROGRAM (TAP) VIDEO 2
920483,10/5/2017,CRIMINAL JUSTICE REFORM ACT ROLL CALL TRAINING PART 1
920483,10/5/2017,CRIMINAL JUSTICE REFORM ACT ROLL CALL TRAINING PART 2
920483,10/5/2017,NEW PERFORMANCE EVALUATION PROCESS
920483,10/5/2017,POLICE COMMISSIONERS MESSAGE - VICTIMS OF SEXUAL ASSAULT VIDEO
920483,10/5/2017,TACTICAL AWARENESS-SMARTPHONE SAFETY
920483,9/29/2017,PATROL- POLYCARBONATE SHIELD
920483,8/9/2017,PERSONNEL BUREAU NYPD EMPLOYEE ASSISTANCE UNIT (EAU)
920483,6/6/2017,EQUAL EMPLOYMENT OPPORTUNITY IN-SERVICE TRAINING
920483,4/25/2017,EQUAL EMPLOYMENT OPPORTUNITY TRANSGENDER DIVERSITY AND INCLUSION:EXECUTIVE ORDER 16
920483,3/21/2017,DETECTIVE BUREAU HOMICIDE INVESTIGATORS COURSE
920483,10/4/2016,PUBLIC CONTACT AND CONSENT TO SEARCH (RIGHT TO KNOW) - UNIT TRAINING AUGUST 2016
920483,6/29/2016,FORCE POLICY REVISION-VIDEO-PG 221-UNIT TRAINING MAY 2016
920483,6/29/2016,INVESTIGATIVE ENCOUNTERS-VIDEO #3 TERRY STOPS AND REASONABLE SUSPICION-UNIT TRAINING JUNE 2016
920483,6/29/2016,INVESTIGATIVE ENCOUNTERS-VIDEO #4 DOCUMENTATION AND SUPERVISION-UNIT TRAINING JULY 2016
920483,6/3/2016,INVESTIGATIVE ENCOUNTERS-VIDEO #1 REQUEST FOR INFO-UNIT TRAINING FEB 2016
920483,6/3/2016,INVESTIGATIVE ENCOUNTERS-VIDEO #2 COMMON LAW RIGHT OF INQUIRY-UNIT TRAINING MAY 2016
920483,11/24/2015,FORCE POLICY REVISION-PAMPHLET - PG 221 - UNIT TRAINING DECEMBER 2015
920483,11/9/2015,CRIMINAL INVESTIGATION (POLICE SCIENCE-CRIMINAL INVESTIGATION) - VERSION 4
920483,11/9/2015,CRIMINAL LAW
920483,11/9/2015,FIELD TRAINING PROGRAM RETIRED COURSES
920483,11/9/2015,INTRODUCTION TO LAW
920483,11/9/2015,INTRODUCTION TO LAW ENFORCEMENT - POLICE SCIENCE
920483,11/9/2015,PHYSICAL EDUCATION - VERSIONS 2 - 5 PART 1: FOUNDATIONS OF PHYSICAL FITNESS
920483,11/9/2015,PHYSICAL EDUCATION - VERSIONS 2 - 5 PART 2: DEFENSIVE TACTICS
920483,11/9/2015,PHYSICAL EDUCATION - VERSIONS 2 - 5 PART 3: AMERICAN HEART ASSOCIATION BASIC LIFE SUPPORT
920483,11/9/2015,SELECTED TOPICS IN BEHAVIORAL SCIENCE FOR POLICE OFFICERS
920483,1/3/2013,CRIMINAL INVESTIGATORS COURSE
920483,6/20/2011,PROPERTY EVIDENCE TRACKING SYSTEM
920483,8/19/2005,DIGNITARY PROTECTION COURSE
920483,3/23/2004,COBRA - COHORT TRAINING
920483,12/8/1997,THREE WHEEL SCOOTER CERTIFIED
920483,,BARRIER TRUCK CERTIFIED
920483,,OTHER
920483,,PASSENGER VAN OPERATOR
920483,,PATROL WAGON CERTIFIED
920483,,RECRUIT RMP QUALIFICATION / RMP OPERATOR QUALIFIED
920483,,TWO WHEEL SCOOTER (WITH TACTICS) CERTIFIED
948373,6/23/2025,CLT-OCCUPATIONAL-WORKPLACE SAFETY AND HEALTH
948373,6/20/2025,2025 BWC PROFICIENCY TRAINING
948373,6/20/2025,EAU 2025 POLICE COMMISSIONER JESSICA S. TISCH
948373,5/26/2025,SQF REVIEW AND DOCUMENTATION: SQF MODULE 10
948373,5/23/2025,2025 EQUAL EMPLOYMENT OPPORTUNITY TRAINING - SEXUAL HARASSMENT AWARENESS AND PREVENTION
948373,5/13/2025,CLT-ENFORCEMENT ACTIONS
948373,5/2/2025,CLT-ENFORCEMENT ACTIONS
948373,4/29/2025,CLT-DOMESTIC VIOLENCE TRAINING
948373,4/16/2025,CLT-OCCUPATIONAL-WORKPLACE SAFETY AND HEALTH
948373,3/11/2025,CLT-OCCUPATIONAL-WORKPLACE SAFETY AND HEALTH
948373,3/6/2025,CLT-DOCUMENTATION AND FORMS
948373,3/4/2025,CLT-DOCUMENTATION AND FORMS
948373,2/7/2025,CLT-OCCUPATIONAL-WORKPLACE SAFETY AND HEALTH
948373,1/31/2025,RIGHT TO KNOW ACT SQF MODULE 9
948373,1/22/2025,VEHICLE PURSUITS
948373,1/9/2025,2025 IDENTIFYING THE IMPAIRED DRIVER REFRESHER
948373,1/9/2025,ACTIVE SHOOTER - SCHOOL RESPONSE PROTOCOL
948373,1/9/2025,KEVIN AND AVONTE SAFE HOME PROGRAM
948373,1/2/2025,CLT-OCCUPATIONAL-WORKPLACE SAFETY AND HEALTH
948373,12/20/2024,CELL BLOCK FIRESHIELD EV BLANKETS
948373,12/20/2024,MULTI-FACTOR AUTHENTICATION MFA TRAINING
948373,12/15/2024,INFORMATION SECURITY AWARENESS TRAINING 2024
948373,12/15/2024,LEAVING THE SCENE COLLISIONS INVESTIGATIVE BEST PRACTICES
948373,12/15/2024,NOTIFICATION OF ALLEGATIONS AND EMPLOYEE RIGHTS
948373,12/10/2024,BEHAVIORAL HEALTH EMERGENCY ASSISTANCE RESPONSE DIVISION B-HEARD
948373,12/10/2024,DRIVING WHILE INTOXICATED AWARENESS VIDEO MODULE 1
948373,11/22/2024,SELF-DEFENSE AND GRAPPLING TACTICS TRAINING COURSE
948373,11/9/2024,CLT-OCCUPATIONAL-WORKPLACE SAFETY AND HEALTH
948373,10/22/2024,FAMILY BUILDING
948373,10/19/2024,CLT-OCCUPATIONAL-WORKPLACE SAFETY AND HEALTH
948373,10/7/2024,CLT-PROCEDURAL OPERATIONS
948373,9/26/2024,NORTHWELL DIRECT FINEST CARE PROGRAM FOR UMOS
948373,8/27/2024,CLT-OCCUPATIONAL-WORKPLACE SAFETY AND HEALTH
948373,8/27/2024,RACIAL PROFILING AND BIASED BASED POLICING: SQF MODULE 8
948373,8/27/2024,RAPE IS RAPE
948373,8/11/2024,APX NEXT PORTABLE AND RADIO DISCIPLINE TRAINING VIDEO
948373,8/11/2024,UNMANNED AIRCRAFT SYSTEMS VISUAL OBSERVER
948373,7/21/2024,MENTAL HEALTH INVOLUNTARY REMOVALS MHL 9.41 AND MHL 9.58
948373,7/20/2024,CLT-OCCUPATIONAL-WORKPLACE SAFETY AND HEALTH
948373,6/22/2024,LEVEL 1 AND LEVEL 2 INVESTIGATIVE ENCOUNTERS
948373,6/20/2024,CLT-OCCUPATIONAL-WORKPLACE SAFETY AND HEALTH
948373,6/3/2024,ACCURATE COMPLAINT REPORT CLASSIFICATION
948373,6/2/2024,TACTICS WHEN ENGAGING INDIVIDUALS IN A MENTAL HEALTH CRISIS
948373,5/14/2024,2024 EQUAL EMPLOYMENT OPPORTUNITY TRAINING - SEXUAL HARASSMENT AWARENESS AND PREVENTION
948373,5/14/2024,ASSISTING SURVIVORS OF SEXUAL BASED VIOLENCE WITH ACCESS TO RESOURCES
948373,5/14/2024,DRIVE SMART 2024
948373,5/14/2024,HOUSING BUREAU INTERIOR PATROL TACTICS
948373,4/30/2024,CLT-OCCUPATIONAL-WORKPLACE SAFETY AND HEALTH
948373,4/7/2024,NYCHA INTERIOR PATROL: SQF MODULE 7
948373,4/7/2024,POLICING THE SUBWAY 2024
948373,4/4/2024,2024 VEHICLE SEIZURE FORM REFRESHER
948373,4/4/2024,EMPLOYEE ASSISTANCE UNIT (E.A.U.) IS HERE FOR YOU- 2024
948373,4/2/2024,CLT-OCCUPATIONAL-WORKPLACE SAFETY AND HEALTH
948373,4/1/2024,CLT - OATH VS. CRIMINAL COURT SUMMONS ROLL CALL TRAINING
948373,3/27/2024,FTS - CEW TASER 7 TRANSITION COURSE
948373,3/27/2024,FTS - TASER 7 HOLSTER DISTRIBUTION
948373,3/5/2024,CLT-OCCUPATIONAL-WORKPLACE SAFETY AND HEALTH
948373,2/28/2024,CLT-DOCUMENTATION AND FORMS
948373,2/10/2024,AUTISM SPECTRUM DISORDER
948373,2/10/2024,CLT-LEGAL ISSUES
948373,2/3/2024,"CLT-UNIFORMS, PERSONAL APPEARANCE AND EQUIPMENT"
948373,1/9/2024,INVESTIGATIVE ENCOUNTERS 2023: MODULE 5 SQF LEVELS 3 AND 4
948373,1/9/2024,INVESTIGATIVE ENCOUNTERS SUMMARY: SQF MODULE 6
948373,12/28/2023,LGBTQIA PLUS - DIVERSITY AND INCLUSION
948373,12/28/2023,OPIOID DANGERS- FENTANYL AND CARFENTANIL
948373,12/28/2023,"POSSESSION OR INGESTION OF ANABOLIC STEROIDS, HUMAN GROWTH HORMONE, AND NUTRITIONAL SUPPLEMENTS"
948373,12/3/2023,CLT-EJUSTICE ORDER OF PROTECTION SEARCH
948373,11/22/2023,AUGMENTED REALITY FEATURE
948373,11/22/2023,ELDER ABUSE -2023 REFRESHER
948373,11/11/2023,2023 TASER X26P RE-QUALIFICATION
948373,10/20/2023,NYPD RECRUITMENT TRAINING VIDEO
948373,10/10/2023,EFFECTIVE COMMUNICATION SKILLS - DEAF OR HARD OF HEARING
948373,10/10/2023,INFORMATION SECURITY AWARENESS TRAINING - 2023
948373,10/10/2023,VEHICLE MOUNTED VIDEO SYSTEM
948373,10/6/2023,CLT-OCCUPATIONAL-WORKPLACE SAFETY AND HEALTH
948373,8/26/2023,NYPD JOUVERT AND WEST INDIAN DAY-2023
948373,8/16/2023,CLT-OCCUPATIONAL-WORKPLACE SAFETY AND HEALTH
948373,8/16/2023,CLT-VOLUNTARY - INVOLUNTARY TRANSPORTS
948373,8/11/2023,2023 SUMMER ALL-OUT BODY WORN CAMERA TRAINING
948373,8/11/2023,UNMANNED AIRCRAFT PERMIT: DRONES FOR PUBLIC USE
948373,7/20/2023,CLT-OCCUPATIONAL-WORKPLACE SAFETY AND HEALTH
948373,7/11/2023,TRAFFIC COURT TESTIMONY VIDEO
948373,7/6/2023,CLT-ENFORCEMENT ACTIONS
948373,6/2/2023,"INVESTIGATIVE ENCOUNTERS 2023: MODULE 4 SQF LEVELS 2, 3 AND 4"
948373,5/18/2023,CLT-PROCEDURAL OPERATIONS
948373,5/5/2023,2023 EQUAL EMPLOYMENT OPPORTUNITY TRAINING-SEXUAL HARASSMENT AWARENESS AND PREVENTION
948373,5/5/2023,ESPER POLICY LIBRARY
948373,5/5/2023,INVESTIGATIVE ENCOUNTERS 2023: MODULE 3 SQF LEVEL 2
948373,4/13/2023,2023 LANGUAGE MATTERS - FOSTERING A POSITIVE WORK ENVIRONMENT
948373,3/10/2023,CLT-DOCUMENTATION AND FORMS
948373,2/23/2023,INFORMATION SECURITY CRIMINAL JUSTICE TRAINING 2023
948373,2/13/2023,CLT-PROFESSIONAL DEVELOPMENT
948373,2/6/2023,CLT- RESPONDING TO COMMERCIAL ROBBERIES 2023
948373,2/1/2023,NYPD-U VOLUNTARY - INVOLUNTARY TRANSPORTS
948373,2/1/2023,RAISING THE LOWER AGE OF JUVENILE DELINQUENCY
948373,1/25/2023,INVESTIGATIVE ENCOUNTERS 2023 - MODULE 1 INTRODUCTION TO SQF
948373,1/25/2023,INVESTIGATIVE ENCOUNTERS 2023: MODULE 2 SQF LEVEL 1
948373,1/23/2023,CLT-PROCEDURAL OPERATIONS
948373,12/28/2022,CLT-VOLUNTARY - INVOLUNTARY TRANSPORTS
948373,11/30/2022,VIDEO 1 - PATROLLING THE NYC SUBWAY SYSTEM 2022
948373,11/30/2022,VIDEO 2 -TACTICAL CONSIDERATIONS FOR TRANSIT PATROL 2022 (PART 1)
948373,11/30/2022,VIDEO 3 - TACTICAL CONSIDERATIONS FOR TRANSIT PATROL 2022 (PART 2)
948373,11/30/2022,VIDEO 4 - PLATFORM SAFETY 2022
948373,11/12/2022,LGBTQIA PLUS AWARENESS
948373,10/25/2022,CLT-PROCEDURAL OPERATIONS
948373,10/13/2022,FTS - ANNUAL CEW RECERTIFICATION
948373,10/11/2022,PROCESSING CIVILIAN COMPLAINTS
948373,10/4/2022,BELT-WORN TRAUMA KIT REFRESHER TRAINING VIDEO-2022
948373,9/13/2022,THE EMPLOYEE ASSISTANCE UNIT (EAU) IS HERE FOR YOU
948373,9/7/2022,CLT-SPECIAL POPULATIONS
948373,8/30/2022,NYPD JOUVERT  WEST INDIAN DAY
948373,7/7/2022,CONVICTED OFFENDER DNA DATABANK SPECIMEN COLLECTION KIT
948373,7/7/2022,"INTEGRATING COMMUNICATION, ASSESSMENT, AND TACTICS (ICAT) MODULE 7"
948373,7/7/2022,VEHICLE SEIZURE FORM
948373,7/6/2022,2022 EQUAL EMPLOYMENT OPPORTUNITY TRAINING-SEXUAL HARASSMENT AWARENESS AND PREVENTION
948373,6/23/2022,"INTEGRATING COMMUNICATION, ASSESSMENT AND TACTICS (ICAT) MODULE 6"
948373,6/22/2022,CAR STOP TACTICS FOR PATROL OFFICERS - MODULE 1: CONTROLLING THE STOP
948373,6/22/2022,CAR STOP TACTICS FOR PATROL OFFICERS - MODULE 2: PROHIBITED MANEUVERS
948373,6/22/2022,CAR STOP TACTICS FOR PATROL OFFICERS - MODULE 3: THE UNKNOWN RISK STOP
948373,6/22/2022,CAR STOP TACTICS FOR PATROL OFFICERS - MODULE 4: THE HIGH-RISK STOP
948373,6/18/2022,CLT-ENFORCEMENT ACTIONS
948373,6/14/2022,CLT-NIBRS ROLL CALL TRAINING
948373,6/9/2022,CLT-ENFORCEMENT ACTIONS
948373,6/5/2022,BEST PRACTICES IN STRUCTURED INTERVIEWING
948373,6/5/2022,NATIONAL INCIDENT-BASED REPORTING SYSTEM (NIBRS) UPDATES TO THE OMNIFORM COMPLAINT SYSTEMV
948373,6/3/2022,CLT-ENFORCEMENT ACTIONS
948373,6/2/2022,CLT-SPECIAL POPULATIONS
948373,5/28/2022,CLT-PROPERTY
948373,5/24/2022,PROHIBITED METHODS OF RESTRAINT
948373,5/14/2022,CLT-OCCUPATIONAL-WORKPLACE SAFETY AND HEALTH
948373,5/6/2022,CLT-LEGAL ISSUES
948373,5/4/2022,CLT-LEGAL ISSUES
948373,4/20/2022,ROCKWALL CERTIFICATION
948373,4/16/2022,CLT-OCCUPATIONAL-WORKPLACE SAFETY AND HEALTH
948373,4/13/2022,"INTEGRATING COMMUNICATION, ASSESSMENT AND TACTICS (ICAT) MODULE 5"
948373,3/23/2022,CLT-ENFORCEMENT ACTIONS
948373,3/19/2022,CLT-PROCEDURAL OPERATIONS
948373,3/15/2022,NYC 311 DYNAMICS SYSTEM
948373,3/8/2022,CLT-TACTICAL AWARENESS AND OFFICER SAFETY
948373,3/8/2022,ILLEGAL EVICTIONS
948373,3/8/2022,"INTEGRATING COMMUNICATION, ASSESSMENT AND TACTICS (ICAT) MODULE 4"
948373,3/8/2022,NEIGHBORHOOD POLICING APPLICATION TRAINING VIDEO
948373,3/8/2022,SERGEANTS DEVELOPMENT COURSE
948373,3/4/2022,CLT-PROCEDURAL OPERATIONS
948373,2/22/2022,"INTEGRATING COMMUNICATION, ASSESSMENT AND TACTICS (ICAT) MODULE 3"
948373,1/22/2022,CLT-EJUSTICE ORDER OF PROTECTION SEARCH
948373,1/15/2022,CLT-EPERMIT SYSTEM
948373,1/1/2022,LOCAL LAW 45 OF 2021-TRAFFIC ENCOUNTERS
948373,12/10/2021,"INTEGRATING COMMUNICATION, ASSESSMENT AND TACTICS (ICAT) MODULE 2"
948373,12/2/2021,IDENTIFYING THE IMPAIRED DRIVER
948373,11/11/2021,ACTIVE BYSTANDERSHIP FOR LAW ENFORCEMENT (ABLE): ONE DAY COURSE
948373,11/10/2021,COUNTERTERRORISM AWARENESS FOR SUPERVISORS
948373,11/8/2021,TACTICAL LEADERSHIP
948373,11/1/2021,ARRESTS - RELIGIOUS HEAD COVERING GUIDELINES (PG 208-83)
948373,11/1/2021,TRAINING BUREAU - ACCREDITATION FAMILIARIZATION TRAINING
948373,10/26/2021,EQUAL EMPLOYMENT OPPORTUNITY TRAINING FOR UNIFORM SUPERVISORS
948373,10/22/2021,CPS BODY-WORN CAMERA TRAINING WITH SCENARIOS
948373,10/13/2021,BODY-WORN CAMERA REVIEW PART TWO
948373,10/8/2021,"INTEGRATING COMMUNICATION, ASSESSMENT AND TACTICS (ICAT) MODULE 1"
948373,10/1/2021,ACTIVE BYSTANDERSHIP FOR LAW ENFORCEMENT (ABLE): ONE DAY COURSE
948373,9/27/2021,BODY-WORN CAMERA REVIEW PART ONE
948373,9/27/2021,OPIOID OVERDOSE RECOGNITION AND NARCAN ADMINISTRATION -2021
948373,9/15/2021,INFORMATION SECURITY AWARENESS TRAINING 2021
948373,9/10/2021,MAYOR EXECUTIVE ORDER 78 VACCINATION - TESTING COMPLIANCE POLICY
948373,8/11/2021,"HME - HOMEMADE EXPLOSIVES: AWARENESS, RECOGNITION, AND RESPONSE"
948373,7/23/2021,CLT-ENFORCEMENT ACTIONS
948373,7/23/2021,EQUAL EMPLOYMENT OPPORTUNITY TRAINING - SEXUAL HARASSMENT AWARENESS AND PREVENTION 2021
948373,7/9/2021,FTS - ANNUAL CEW RECERTIFICATION
948373,6/9/2021,CLT-OCCUPATIONAL-WORKPLACE SAFETY AND HEALTH
948373,6/9/2021,CONTERTERRORISM BUREAU SITE PROTECTION THROUGH OBSERVATIONAL TECHNIQUES
948373,5/20/2021,OVERVIEW OF THE NEW DISCOVERY LAWS 2021 REFRESHER
948373,5/14/2021,PATROL GUIDE 215-17 POLICE ACTIONS RELATED QUESTIONING ARRESTS AND INVESTIGATIONS AT A NYC DEPARTMEN
948373,5/13/2021,CLT-TACTICAL AWARENESS AND OFFICER SAFETY
948373,5/8/2021,CLT-OCCUPATIONAL-WORKPLACE SAFETY AND HEALTH
948373,4/30/2021,CHILD SENSITIVE ARREST POLICY GUIDELINES AND PROCEDURES
948373,4/22/2021,CLT-MEMBER-EMPLOYEE WELLNESS
948373,4/19/2021,EMPLOYEE ASSISTANCE UNIT-2021
948373,4/12/2021,ILERSBA - INITIAL LAW ENFORCMENT RESPONSE TO SUICIDE BOMBING ATTACKS
948373,3/31/2021,EQUAL EMPLOYMENT OPPORTUNITY TRAINING - LGBTQIA+ DIVERSITY AND INCLUSION / EXECUTIVE ORDER 16 OF 201
948373,3/19/2021,COUNTER TERRORISM LAW ENFORCEMENT PREVENTION AND DETERRENCE OF TERRORIST ATTACKS
948373,3/4/2021,DESK APPEARANCE TICKETS: THE NEW LAW AND THE NEW GUIDELINES FOR PROCESSING DAT'S - 2021 REFRESHER
948373,2/18/2021,CLT-PROCEDURAL OPERATIONS
948373,2/16/2021,ACTIVE SHOOTER POST-ENGAGEMENT STRATEGIES’ FOR LAW ENFORCEMENT
948373,2/13/2021,"CUSTOMER SERVICE PROGRAM:  ROLL CALL MODULE 2, COMMUNICATION SKILLS"
948373,2/3/2021,HEALTH AND WELLNESS SECTION - CHILD MIND INSTITUTE VIDEO SERIES - MODULE 1 - BEHAVIOR MANAGEMENT STR
948373,2/2/2021,"CUSTOMER SERVICE PROGRAM:  ROLL CALL MODULE 1, INTRODUCTION TO PRECINCT GREETER PROGRAM"
948373,1/21/2021,COVID VACCINE DISTRIBUTION AND EDUCATION
948373,1/15/2021,CLT-PROPERTY
948373,1/14/2021,CUSTOMER SERVICE PROGRAM: HOW DID WE DO
948373,12/9/2020,CLT-PROCEDURAL OPERATIONS
948373,12/1/2020,EQUAL EMPLOYMENT OPPORTUNITY TRAINING - LEAVE TO EXPRESS BREAST MILK
948373,11/30/2020,CLT-OCCUPATIONAL-WORKPLACE SAFETY AND HEALTH
948373,11/25/2020,CLT-ENFORCEMENT ACTIONS
948373,9/28/2020,CLT-PROCEDURAL OPERATIONS
948373,9/17/2020,2019-2020 IN-SERVICE CYCLE - TEAM TACTICS REFRESHER
948373,8/31/2020,CONSTITUTIONAL POLICING AT COMMUNITY EVENTS (CPACE)
948373,8/14/2020,CLT-DOCUMENTATION AND FORMS
948373,8/11/2020,COUNTER TERRORISM INITIAL PATROL RESPONSE TO AN ACTIVE SHOOTER
948373,7/1/2020,NEW LAWS AFFECTING POLICE OFFICERS’ CRIMINAL AND CIVIL LIABILITY
948373,6/30/2020,"EQUAL EMPLOYMENT OPPORTUNITY TRAINING - SEXUAL HARASSMENT, AWARENESS AND PREVENTION"
948373,6/30/2020,VICTIM BLAMING AND RELEASE OF INFORMATION TO THE MEDIA
948373,6/23/2020,CLT-TACTICAL AWARENESS AND OFFICER SAFETY
948373,6/19/2020,HEALTH AND WELLNESS SECTION - MODULE 12 - IN THAT DARK PLACE - AN OFFICER'S JOURNEY
948373,6/16/2020,CLT-LEGAL ISSUES
948373,5/26/2020,COVID-19: PREPAREDNESS YOUR FAMILY AND HOME
948373,5/22/2020,HEALTH AND WELLNESS SECTION - MODULE 1 - PSYCHOLOGICAL HEALTH AND WELLNESS
948373,5/22/2020,HEALTH AND WELLNESS SECTION - MODULE 10 - SEEKING AND RECEIVING MENTAL HEALTH SUPPORT
948373,5/22/2020,HEALTH AND WELLNESS SECTION - MODULE 11 - HEALTH AND RESILIENCY
948373,5/22/2020,HEALTH AND WELLNESS SECTION - MODULE 2 - JOB COUNSELING AND STRESS
948373,5/22/2020,HEALTH AND WELLNESS SECTION - MODULE 3 - WARNING SIGNS
948373,5/22/2020,HEALTH AND WELLNESS SECTION - MODULE 4 - CUMULATIVE TRAUMA
948373,5/22/2020,HEALTH AND WELLNESS SECTION - MODULE 5 - GAINING PERSPECTIVE
948373,5/22/2020,HEALTH AND WELLNESS SECTION - MODULE 6 - COPING WITH SIGNS OF ANXIETY DEPRESSION
948373,5/22/2020,HEALTH AND WELLNESS SECTION - MODULE 7 - LEADING WITH COMPASSION
948373,5/22/2020,"HEALTH AND WELLNESS SECTION - MODULE 8 - WARNING SIGNS, SUPPORT AND OUTREACH"
948373,5/22/2020,HEALTH AND WELLNESS SECTION - MODULE 9 - MANAGING STRESS ON THE JOB
948373,5/13/2020,"CPS INTERIOR PATROL OF HOUSING AUTHORITY BUILDINGS, PG 212-60 ROLL CALL VIDEO 1"
948373,5/13/2020,"CPS INTERIOR PATROL OF HOUSING AUTHORITY BUILDINGS, PG 212-60 ROLL CALL VIDEO 2"
948373,5/8/2020,COVID-19: PREPAREDENESS
948373,5/8/2020,COVID-19: PROTECTIVE MASKS
948373,5/8/2020,PUBLIC CONTACT AND CONSENT TO SEARCH (RIGHT TO KNOW) - UNIT TRAINING AUGUST 2016
948373,5/8/2020,SAFETY CONSIDERATIONS FOR PATROLLING THE NYC SUBWAY SYSTEM -DANGERS OF THE PLATFORM EDGE
948373,5/7/2020,CLT-INFORMATION TECHNOLOGY
948373,4/24/2020,CLT-COMMUNITY ENGAGEMENT
948373,3/18/2020,"AXON BODY-WORN CAMERA TRAINING - CAMERA OPERATION, AXON VIEW AND EVIDENCE.COM (REQUIRED FOR LE4 COMM"
948373,2/21/2020,CLT-PROCEDURAL OPERATIONS
948373,2/17/2020,UTILIZING BALLISTIC PROTECTION IN DEPARTMENT VEHICLES (4:09)
948373,2/11/2020,CRIMINAL JUSTICE BUREAU - GIGLIO MATERIAL DISCLOSURES UNDER THE NEW DISCOVERY LAWS
948373,1/23/2020,THREE DAY BASIC SURVEILLANCE COURSE
948373,1/17/2020,CRITICAL INCIDENT TACTICS - RESPONDING TO COMMERCIAL ROBBERIES (EXTENDED VERSION)
948373,1/17/2020,SAFEGUARDING HOSPITALIZED PRISONERS
948373,1/16/2020,INCREASE OFFICER SAFETY DURING VEHICLE STOPS
948373,1/16/2020,PROCESSING DISCOVERY MATERIAL IN THE FORMS ARREST FOLDER
948373,1/16/2020,SUCCESSFULLY DISARMING AN EMOTIONALLY DISTURBED PERSON
948373,1/7/2020,CROSSFIRE MITIGATION DURING CLOSE COMBAT INCIDENTS - PART 2
948373,12/12/2019,ACTIVITY LOG FOR IPHONE
948373,12/11/2019,CROSSFIRE MITIGATION DURING CLOSE COMBAT INCIDENTS
948373,12/11/2019,RESPONDING TO COMMERCIAL ROBBERIES PART LL - MODULE 1 AND MODULE 2
948373,12/2/2019,CLT-PROCEDURAL OPERATIONS
948373,11/26/2019,CJB - DESK APPEARANCE TICKETS: THE NEW LAWS AND GUIDELINES FOR PROCESSING DATS
948373,11/26/2019,CJB - OVERVIEW OF THE NEW DISCOVERY LAWS
948373,11/25/2019,CLT-TACTICAL AWARENESS AND OFFICER SAFETY
948373,11/19/2019,CLT-OCCUPATIONAL-WORKPLACE SAFETY AND HEALTH
948373,11/15/2019,CLT-PROCEDURAL OPERATIONS
948373,11/13/2019,CLT-PROCEDURAL OPERATIONS
948373,11/13/2019,DISCHARGING YOUR FIREARM AT A MOVING THREAT
948373,10/31/2019,CLT-PROCEDURAL OPERATIONS
948373,10/28/2019,FTS - ANNUAL CEW RECERTIFICATION
948373,10/15/2019,PRISONER ESCAPE WARNING SIGNS
948373,10/11/2019,CRIMINAL JUSTICE BUREAU - DNA TRAINING VIDEO
948373,10/9/2019,CLT-PROFESSIONAL DEVELOPMENT
948373,10/9/2019,FORCE POLICY UPDATE VIDEO
948373,10/1/2019,CRITICAL DECISION MAKING MODEL
948373,10/1/2019,MARIJUANA POLICY UPDATE
948373,9/3/2019,DOMESTIC VIOLENCE EDUCATION AND COUNSELING
948373,8/30/2019,CLT-ENFORCEMENT ACTIONS
948373,8/27/2019,CLT-OCCUPATIONAL-WORKPLACE SAFETY AND HEALTH
948373,8/26/2019,SHIELD OF RESILIENCE TRAINING COURSE
948373,8/6/2019,RESPONDING TO COMMERCIAL ROBBERIES
948373,8/2/2019,CLT-PROFESSIONAL DEVELOPMENT
948373,7/19/2019,CLT-COUNTERTERRORISM AND INTELLIGENCE
948373,7/19/2019,CLT-TACTICAL AWARENESS AND OFFICER SAFETY
948373,7/17/2019,CLT-INFORMATION TECHNOLOGY
948373,7/15/2019,CLT-PROCEDURAL OPERATIONS
948373,7/10/2019,TRANSIT BUREAU - SAFETY CONSIDERATIONS FOR PATROLLING THE NYC SUBWAY SYSTEM
948373,7/10/2019,TRANSIT BUREAU - SAFETY CONSIDERATIONS FOR PATROLLING THE NYC SUBWAY SYSTEM - PART 2
948373,7/10/2019,TRANSIT BUREAU - TIMELY RESUMPTION OF SERVICE IN NYC TRANSIT
948373,6/26/2019,RESPONDING TO PEOPLE IN CRISIS – MODULE 4: USING DEPARTMENT MOBILE DIGITAL DEVICES
948373,6/25/2019,DISCUSSION - BASED LEARNING MODULE # 1-3
948373,6/24/2019,CLT-ENFORCEMENT ACTIONS
948373,6/6/2019,WORLDPRIDE NYC 2019
948373,5/29/2019,RESPONDING TO PEOPLE IN CRISIS - MODULES 2 AND 3: ACTIVE LISTENING PARTS 1 AND 2
948373,5/24/2019,COLLABORATIVE POLICING - MEDIATION REFERRAL PROGRAM FOR NON-CRIMINAL COMPLAINTS
948373,5/20/2019,BTK (BELT TRAUMA KIT DISTRIBUTION AND FAMILIARIZATION)
948373,5/17/2019,WHEELCHAIR LIFT OPERATION ENDORSEMENT
948373,5/13/2019,CLT-SPECIAL POPULATIONS
948373,5/13/2019,COUNTERTERRORISM BUREAU ACTIVE SHOOTER SCHOOL INCIDENTS AWARENESS
948373,5/13/2019,COUNTERTERRORISM BUREAU NH15 TRAINING
948373,4/25/2019,FACILITIES MANAGEMENT DIVISION - MUNICIPAL SEPERATE STORM SEWER SYSTEM (MS4)
948373,4/17/2019,CLT-PROFESSIONAL DEVELOPMENT
948373,4/17/2019,COLLABORATIVE POLICING - THE DEAF AND HARD OF HEARING COMMUNITY
948373,4/16/2019,CLT-PROFESSIONAL DEVELOPMENT
948373,4/12/2019,CLT-ENFORCEMENT ACTIONS
948373,4/1/2019,LEGAL BUREAU - PERJURY TRAINING MODULE
948373,3/28/2019,SAFEGUARDING PRISONERS - OFFICER SAFETY GUIDELINES
948373,3/27/2019,CLT-PROCEDURAL OPERATIONS
948373,3/19/2019,CLT-COMMUNICATION STRATEGIES AND AIDS
948373,3/14/2019,CLT-COMMUNICATION STRATEGIES AND AIDS
948373,3/8/2019,AWARENESS AND RESPONSE TO BIOLOGICAL INCIDENTS
948373,3/8/2019,CLT-OCCUPATIONAL-WORKPLACE SAFETY AND HEALTH
948373,3/5/2019,CLT-PROCEDURAL OPERATIONS
948373,2/21/2019,COLLABORATIVE POLICING - ELDER ABUSE
948373,2/8/2019,"SUPPORT SERVICES DIVISION - CLASS ""C"" OPERATOR"
948373,2/5/2019,CLT-TACTICAL AWARENESS AND OFFICER SAFETY
948373,1/31/2019,CLT-OCCUPATIONAL-WORKPLACE SAFETY AND HEALTH
948373,1/23/2019,CLT-COUNTERTERRORISM AND INTELLIGENCE
948373,1/23/2019,CLT-EQUAL EMPLOYMENT OPPORTUNITY
948373,1/23/2019,CLT-PROCEDURAL OPERATIONS
948373,1/23/2019,RESPONDING TO PEOPLE IN CRISIS - MODULE 1: SENDING THE RIGHT SIGNALS
948373,1/21/2019,"CLT-INTEGRITY, ETHICS AND DISCIPLINE"
948373,1/21/2019,CLT-SPECIAL POPULATIONS
948373,1/19/2019,DETECTIVE BUREAU ASPCA ANIMAL CRUELTY SEMINAR
948373,1/15/2019,CLT-OCCUPATIONAL-WORKPLACE SAFETY AND HEALTH
948373,1/11/2019,CLT-TACTICAL AWARENESS AND OFFICER SAFETY
948373,1/9/2019,CLT-SPECIAL POPULATIONS
948373,1/1/2019,PATROL DOOR BAG - ROPE AND WEDGE INTRODUCTION
948373,1/1/2019,TEXT TO 911 - INTRODUCTION
948373,12/26/2018,EQUAL EMPLOYMENT OPPORTUNITYTRAINING - SEXUAL HARASSMENT AWARENESS AND PREVENTION
948373,12/13/2018,CLT-OCCUPATIONAL-WORKPLACE SAFETY AND HEALTH
948373,12/10/2018,"CLT-UNIFORMS, PERSONAL APPEARANCE AND EQUIPMENT"
948373,12/5/2018,MARIJUANA BURNING ENFORCEMENT POLICY
948373,12/3/2018,CLT-PROCEDURAL OPERATIONS
948373,12/3/2018,FTS - ANNUAL CEW RECERTIFICATION
948373,12/3/2018,FTS - SMITH AND WESSON MODEL 5946 BARREL REMEDIATION
948373,11/28/2018,CLT-OCCUPATIONAL-WORKPLACE SAFETY AND HEALTH
948373,11/20/2018,CLT-TACTICAL AWARENESS AND OFFICER SAFETY
948373,11/14/2018,CLT-HUMAN RESOURCES AND PERSONNEL MATTERS
948373,11/2/2018,"CLT-UNIFORMS, PERSONAL APPEARANCE AND EQUIPMENT"
948373,10/31/2018,AMERICANS WITH DISABILITIES ACT (ADA)
948373,10/29/2018,CLT-INFORMATION TECHNOLOGY
948373,10/17/2018,CLT-COUNTERTERRORISM AND INTELLIGENCE
948373,10/16/2018,CLT-PROCEDURAL OPERATIONS
948373,10/15/2018,RESPONDING TO PEOPLE IN CRISIS-INTRODUCTION TO CIT VIDEO SERIES
948373,10/12/2018,CLT-SPECIAL POPULATIONS
948373,10/12/2018,CLT-TACTICAL AWARENESS AND OFFICER SAFETY
948373,10/10/2018,CLT-CRIME CONTROL STRATEGIES AND PROBLEM SOLVING
948373,10/9/2018,CLT-PROCEDURAL OPERATIONS
948373,10/4/2018,CLT-OCCUPATIONAL-WORKPLACE SAFETY AND HEALTH
948373,10/1/2018,CLT-SPECIAL POPULATIONS
948373,10/1/2018,NYC RIGHT TO KNOW ACT LEGISLATION - PART 2
948373,10/1/2018,NYC RIGHT TO KNOW ACT LEGISLATION – PART 1
948373,9/27/2018,CLT-OCCUPATIONAL-WORKPLACE SAFETY AND HEALTH
948373,9/19/2018,CLT-PROCEDURAL OPERATIONS
948373,9/13/2018,CLT-ENFORCEMENT ACTIONS
948373,9/4/2018,CLT-ENFORCEMENT ACTIONS
948373,9/2/2018,RAISE THE AGE
948373,8/29/2018,CLT-PROCEDURAL OPERATIONS
948373,8/21/2018,2017-2019 IN-SERVICE CYCLE-INVESTIGATIVE ENCOUNTERS- BASIC TRAINING WITH SCENARIOS
948373,8/10/2018,CLT-PROCEDURAL OPERATIONS
948373,7/30/2018,CLT-COUNTERTERRORISM AND INTELLIGENCE
948373,7/9/2018,CPS BODY-WORN CAMERA TRAINING WITH SCENARIOS
948373,7/5/2018,CLT-DOCUMENTATION AND FORMS
948373,6/14/2018,FTS - CEW X26P HOLSTER TRAINING AND DISTRIBUTION
948373,6/1/2018,CPS FAIR AND IMPARTIAL POLICING - ALL POS AND DETS
948373,5/24/2018,2017-2019 IN-SERVICE CYCLE-INTEGRATED TACTICS
948373,5/15/2018,CLT-PROCEDURAL OPERATIONS
948373,5/11/2018,CLT-TACTICAL AWARENESS AND OFFICER SAFETY
948373,5/10/2018,COMMUNICATIONS- THE PROPER USAGE OF THE IDA RADIO CODES
948373,5/7/2018,CLT-INFORMATION TECHNOLOGY
948373,5/4/2018,CLT-DOCUMENTATION AND FORMS
948373,5/3/2018,CLT-DOCUMENTATION AND FORMS
948373,5/2/2018,CLT-OCCUPATIONAL-WORKPLACE SAFETY AND HEALTH
948373,4/25/2018,CLT-DOCUMENTATION AND FORMS
948373,4/20/2018,CLT-CRIME CONTROL STRATEGIES AND PROBLEM SOLVING
948373,4/18/2018,CLT-PROCEDURAL OPERATIONS
948373,4/17/2018,CLT-DOCUMENTATION AND FORMS
948373,4/11/2018,"CLT-UNIFORMS, PERSONAL APPEARANCE AND EQUIPMENT"
948373,4/9/2018,CLT-OCCUPATIONAL-WORKPLACE SAFETY AND HEALTH
948373,4/6/2018,CLT-PROPERTY
948373,4/4/2018,"CLT-INTEGRITY, ETHICS AND DISCIPLINE"
948373,3/30/2018,CLT-TACTICAL AWARENESS AND OFFICER SAFETY
948373,3/27/2018,CLT-TACTICAL AWARENESS AND OFFICER SAFETY
948373,3/20/2018,CLT-ENFORCEMENT ACTIONS
948373,3/19/2018,"CLT-UNIFORMS, PERSONAL APPEARANCE AND EQUIPMENT"
948373,2/20/2018,COUNTER TERRORISM INITIAL PATROL RESPONSE TO AN ACTIVE SHOOTER
948373,2/15/2018,"CLT-INTEGRITY, ETHICS AND DISCIPLINE"
948373,2/14/2018,LEGAL BUREAU PERFORMANCE METRICS - PROHIBITED CONDUCT
948373,1/1/2018,CLT-EQUAL EMPLOYMENT OPPORTUNITY
948373,12/29/2017,NEW YEAR'S EVE TACTICAL AWARENESS
948373,12/4/2017,COLLABORATIVE POLICING- FOREIGN LANGUAGE CERTIFICATION VIDEO
948373,12/4/2017,COUNTERTERRORISM BUREAU FACILITY AWARENESS VIDEO- TIME WARNER BUILDING
948373,12/4/2017,COUNTERTERRORISM BUREAU FACILITY AWARENESS VIDEO-EMPIRE STATE BUILDING
948373,12/4/2017,COUNTERTERRORISM BUREAU INITIAL PATROL RESPONSE FOR ACTIVE SHOOTER
948373,11/30/2017,NEW PERFORMANCE EVALUATION PROCESS
948373,11/30/2017,TACTICAL AWARENESS-SMARTPHONE SAFETY
948373,11/7/2017,NARCAN NASAL SPRAY TRAINING
948373,10/20/2017,FTS - ANNUAL CEW RECERTIFICATION
948373,10/12/2017,LPR TRAINING
948373,9/12/2017,COLLABORATIVE POLICING- ACCESSING TELEPHONIC INTERPRETERS VIA LANGUAGE LINE
948373,9/12/2017,TACTICAL AWARENESS- BALLISTIC VEST
948373,8/28/2017,PATROL- POLYCARBONATE SHIELD
948373,8/28/2017,POLICE COMMISSIONERS MESSAGE - VICTIMS OF SEXUAL ASSAULT VIDEO
948373,8/8/2017,INFORMATION SECURITY AWARENESS TRAINING
948373,7/21/2017,"CPS INTERIOR PATROL OF HOUSING AUTHORITY BUILDINGS, PG 212-60 ROLL CALL VIDEO 1"
948373,7/21/2017,"CPS INTERIOR PATROL OF HOUSING AUTHORITY BUILDINGS, PG 212-60 ROLL CALL VIDEO 2"
948373,7/13/2017,CPS INTERIOR PATROL TRESPASS AFFIDAVIT PROGRAM (TAP) VIDEO 1
948373,7/13/2017,CPS INTERIOR PATROL TRESPASS AFFIDAVIT PROGRAM (TAP) VIDEO 2
948373,7/13/2017,CRIMINAL JUSTICE REFORM ACT ROLL CALL TRAINING PART 1
948373,7/13/2017,CRIMINAL JUSTICE REFORM ACT ROLL CALL TRAINING PART 2
948373,7/13/2017,PERSONNEL BUREAU NYPD EMPLOYEE ASSISTANCE UNIT (EAU)
948373,6/7/2017,EQUAL EMPLOYMENT OPPORTUNITY TRANSGENDER DIVERSITY AND INCLUSION:EXECUTIVE ORDER 16
948373,5/26/2017,2016-17 INSERVICE CYCLE-PHYSICAL TACTICS
948373,5/12/2017,CRIMINAL JUSTICE REFORM ACT ROLL CALL TRAINING PART 1
948373,5/1/2017,CRIMINAL JUSTICE REFORM ACT ROLL CALL TRAINING PART 2
948373,1/16/2017,HATE CRIMES AND BIAS-RELATED INCIDENTS
948373,12/21/2016,X26P TRANSITION COURSE FOR CURRENT X26 END-USER TRAINING
948373,10/24/2016,FUNDAMENTALS OF AUTO THEFT INVESTIGATION
948373,8/31/2016,PUBLIC CONTACT AND CONSENT TO SEARCH (RIGHT TO KNOW) - UNIT TRAINING AUGUST 2016
948373,7/14/2016,INVESTIGATIVE ENCOUNTERS-VIDEO #4 DOCUMENTATION AND SUPERVISION-UNIT TRAINING JULY 2016
948373,6/13/2016,FORCE POLICY REVISION-VIDEO-PG 221-UNIT TRAINING MAY 2016
948373,6/8/2016,INVESTIGATIVE ENCOUNTERS-VIDEO #3 TERRY STOPS AND REASONABLE SUSPICION-UNIT TRAINING JUNE 2016
948373,5/2/2016,INVESTIGATIVE ENCOUNTERS-VIDEO #2 COMMON LAW RIGHT OF INQUIRY-UNIT TRAINING MAY 2016
948373,4/7/2016,FORMS DATABASE - AIDED REPORTS AND POLICE ACCIDENT REPORTS
948373,2/4/2016,INVESTIGATIVE ENCOUNTERS-VIDEO #1 REQUEST FOR INFO-UNIT TRAINING FEB 2016
948373,1/20/2016,FTS - CEW END USER CERT
948373,12/2/2015,FORCE POLICY REVISION-PAMPHLET - PG 221 - UNIT TRAINING DECEMBER 2015
948373,11/9/2015,EMERGENCY VEHICLE OPERATION JULY 07 - PRESENT
948373,11/9/2015,FIELD TRAINING PROGRAM JULY 07 - PRESENT
948373,11/9/2015,PHYSICAL EDUCATION PART 1: FOUNDATIONS OF PHYSICAL FITNESS
948373,11/9/2015,PHYSICAL EDUCATION PART 2: DEFENSIVE TACTICS JULY 07 - PRESENT
948373,11/9/2015,PHYSICAL EDUCATION PART 3: AMERICAN HEART ASSOCIATION BASIC LIFE SUPPORT
948373,11/9/2015,POLICE CRISIS INTERVENTION JULY 07 - PRESENT
948373,11/9/2015,POLICE FIELD PROBLEMS JULY 07 - PRESENT
948373,11/9/2015,POLICE INVESTIGATION AND REPORTING JULY 07 - PRESENT
948373,11/9/2015,POLICING A DEMOCRACY JULY 07 - PRESENT
948373,11/9/2015,POLICING SPECIAL POPULATIONS JULY 07 - PRESENT
948373,11/9/2015,PROCEDURAL LAW JULY 07 - PRESENT
948373,11/9/2015,SUBSTANTIVE LAW JULY 07 - PRESENT
948373,11/9/2015,TERRORISM AWARENESS AND RESPONSE JULY 07 - PRESENT
948373,9/29/2015,WINDOWS PHONE TRAINING AND DISTRIBUTION
948373,4/8/2015,20K TRAINING INITIATIVE - SMART POLICING
948373,4/7/2015,20K TRAINING INITIATIVE - PHYSICAL TACTICS
948373,3/21/2015,20K TRAINING INITIATIVE - FOUNDATIONS OF POLICING
948373,6/19/2014,HIGHWAY 3-DAY STATIONARY STEP-OUT LIDAR COURSE
948373,6/12/2014,TINT-METER OPERATION TINTED WINDOW VIOLATIONS
948373,9/11/2013,STATIONARY (STEP-OUT) RADAR (NON-HIGHWAY)
948373,9/5/2013,TINT-METER OPERATION TINTED WINDOW VIOLATIONS
948373,7/12/2013,THREE WHEEL SCOOTER CERTIFIED
948373,7/12/2013,TWO WHEEL SCOOTER (WITH TACTICS) CERTIFIED
948373,6/19/2013,BICYCLE TRAINING (3-DAY)
948373,10/19/2012,DISORDER CONTROL TRAINING
948373,11/29/2010,PROPERTY EVIDENCE TRACKING SYSTEM
948373,12/12/2009,COBRA - COHORT TRAINING
948373,7/14/2009,12 PASSENGER VAN / UTILITY VEHICLE QUALIFICATION
948373,7/14/2009,FOUR WHEEL DRIVE TRAINING
948373,,BARRIER TRUCK CERTIFIED
948373,,FOUR WHEEL DRIVE TRAINING
948373,,RECRUIT 12 PASSENGER VAN / UTILITY VEHICLE QUALIFICATION
948373,,RECRUIT RMP QUALIFICATION / RMP OPERATOR QUALIFIED
930519,2/26/2025,2025 IDENTIFYING THE IMPAIRED DRIVER REFRESHER
930519,2/26/2025,ACTIVE SHOOTER - SCHOOL RESPONSE PROTOCOL
930519,2/26/2025,KEVIN AND AVONTE SAFE HOME PROGRAM
930519,2/26/2025,RIGHT TO KNOW ACT SQF MODULE 9
930519,1/28/2025,VEHICLE PURSUITS
930519,1/10/2025,CELL BLOCK FIRESHIELD EV BLANKETS
930519,1/10/2025,INFORMATION SECURITY AWARENESS TRAINING 2024
930519,1/10/2025,MULTI-FACTOR AUTHENTICATION MFA TRAINING
930519,12/6/2024,BEHAVIORAL HEALTH EMERGENCY ASSISTANCE RESPONSE DIVISION B-HEARD
930519,12/6/2024,DRIVING WHILE INTOXICATED AWARENESS VIDEO MODULE 1
930519,12/6/2024,LEAVING THE SCENE COLLISIONS INVESTIGATIVE BEST PRACTICES
930519,12/6/2024,NOTIFICATION OF ALLEGATIONS AND EMPLOYEE RIGHTS
930519,11/12/2024,FAMILY BUILDING
930519,11/11/2024,CRISIS INTERVENTION TEAM TRAINING
930519,10/1/2024,NORTHWELL DIRECT FINEST CARE PROGRAM FOR UMOS
930519,9/17/2024,RACIAL PROFILING AND BIASED BASED POLICING: SQF MODULE 8
930519,9/17/2024,UNMANNED AIRCRAFT SYSTEMS VISUAL OBSERVER
930519,8/28/2024,RAPE IS RAPE
930519,8/8/2024,APX NEXT PORTABLE AND RADIO DISCIPLINE TRAINING VIDEO
930519,8/8/2024,MENTAL HEALTH INVOLUNTARY REMOVALS MHL 9.41 AND MHL 9.58
930519,7/2/2024,FTS - ANNUAL CEW RECERTIFICATION
930519,6/28/2024,ACCURATE COMPLAINT REPORT CLASSIFICATION
930519,6/28/2024,LEVEL 1 AND LEVEL 2 INVESTIGATIVE ENCOUNTERS
930519,6/24/2024,2024 EQUAL EMPLOYMENT OPPORTUNITY TRAINING - SEXUAL HARASSMENT AWARENESS AND PREVENTION
930519,6/24/2024,TACTICS WHEN ENGAGING INDIVIDUALS IN A MENTAL HEALTH CRISIS
930519,5/9/2024,ASSISTING SURVIVORS OF SEXUAL BASED VIOLENCE WITH ACCESS TO RESOURCES
930519,5/9/2024,DRIVE SMART 2024
930519,5/9/2024,HOUSING BUREAU INTERIOR PATROL TACTICS
930519,4/5/2024,2024 VEHICLE SEIZURE FORM REFRESHER
930519,4/5/2024,NYCHA INTERIOR PATROL: SQF MODULE 7
930519,4/5/2024,POLICING THE SUBWAY 2024
930519,3/6/2024,EMPLOYEE ASSISTANCE UNIT (E.A.U.) IS HERE FOR YOU- 2024
930519,2/2/2024,AUTISM SPECTRUM DISORDER
930519,2/2/2024,INVESTIGATIVE ENCOUNTERS SUMMARY: SQF MODULE 6
930519,1/4/2024,AUGMENTED REALITY FEATURE
930519,1/4/2024,LGBTQIA PLUS - DIVERSITY AND INCLUSION
930519,1/4/2024,OPIOID DANGERS- FENTANYL AND CARFENTANIL
930519,1/4/2024,"POSSESSION OR INGESTION OF ANABOLIC STEROIDS, HUMAN GROWTH HORMONE, AND NUTRITIONAL SUPPLEMENTS"
930519,12/19/2023,CPR-AED CARDIOPULMONARY RESUSCITATION-AUTOMATED EXTERNAL DEFIBRILLATOR REFRESHER
930519,11/6/2023,ELDER ABUSE -2023 REFRESHER
930519,11/6/2023,INFORMATION SECURITY AWARENESS TRAINING - 2023
930519,11/6/2023,INVESTIGATIVE ENCOUNTERS 2023: MODULE 5 SQF LEVELS 3 AND 4
930519,11/6/2023,NYPD RECRUITMENT TRAINING VIDEO
930519,10/11/2023,EFFECTIVE COMMUNICATION SKILLS - DEAF OR HARD OF HEARING
930519,10/11/2023,VEHICLE MOUNTED VIDEO SYSTEM
930519,9/19/2023,2023 SUMMER ALL-OUT BODY WORN CAMERA TRAINING
930519,9/19/2023,UNMANNED AIRCRAFT PERMIT: DRONES FOR PUBLIC USE
930519,9/2/2023,NYPD JOUVERT AND WEST INDIAN DAY-2023
930519,7/26/2023,2023 LANGUAGE MATTERS - FOSTERING A POSITIVE WORK ENVIRONMENT
930519,7/26/2023,"INVESTIGATIVE ENCOUNTERS 2023: MODULE 4 SQF LEVELS 2, 3 AND 4"
930519,7/26/2023,TRAFFIC COURT TESTIMONY VIDEO
930519,6/29/2023,2023 EQUAL EMPLOYMENT OPPORTUNITY TRAINING-SEXUAL HARASSMENT AWARENESS AND PREVENTION
930519,6/15/2023,FTS - ANNUAL CEW RECERTIFICATION
930519,4/4/2023,VIDEO 3 - TACTICAL CONSIDERATIONS FOR TRANSIT PATROL 2022 (PART 2)
930519,4/4/2023,VIDEO 4 - PLATFORM SAFETY 2022
930519,4/3/2023,BEST PRACTICES IN STRUCTURED INTERVIEWING
930519,4/3/2023,ESPER POLICY LIBRARY
930519,4/3/2023,INVESTIGATIVE ENCOUNTERS 2023 - MODULE 1 INTRODUCTION TO SQF
930519,4/3/2023,INVESTIGATIVE ENCOUNTERS 2023: MODULE 2 SQF LEVEL 1
930519,4/3/2023,INVESTIGATIVE ENCOUNTERS 2023: MODULE 3 SQF LEVEL 2
930519,4/3/2023,LGBTQIA PLUS AWARENESS
930519,4/3/2023,PROCESSING CIVILIAN COMPLAINTS
930519,4/3/2023,THE EMPLOYEE ASSISTANCE UNIT (EAU) IS HERE FOR YOU
930519,4/3/2023,VIDEO 2 -TACTICAL CONSIDERATIONS FOR TRANSIT PATROL 2022 (PART 1)
930519,2/28/2023,NYPD-U VOLUNTARY - INVOLUNTARY TRANSPORTS
930519,2/28/2023,RAISING THE LOWER AGE OF JUVENILE DELINQUENCY
930519,2/22/2023,INFORMATION SECURITY CRIMINAL JUSTICE TRAINING 2023
930519,12/1/2022,VIDEO 1 - PATROLLING THE NYC SUBWAY SYSTEM 2022
930519,10/5/2022,BELT-WORN TRAUMA KIT REFRESHER TRAINING VIDEO-2022
930519,9/2/2022,CAR STOP TACTICS FOR PATROL OFFICERS - MODULE 4: THE HIGH-RISK STOP
930519,8/31/2022,NYPD JOUVERT  WEST INDIAN DAY
930519,8/26/2022,CAR STOP TACTICS FOR PATROL OFFICERS - MODULE 3: THE UNKNOWN RISK STOP
930519,8/26/2022,CONVICTED OFFENDER DNA DATABANK SPECIMEN COLLECTION KIT
930519,8/26/2022,IDENTIFYING THE IMPAIRED DRIVER
930519,8/26/2022,ILLEGAL EVICTIONS
930519,8/26/2022,LOCAL LAW 45 OF 2021-TRAFFIC ENCOUNTERS
930519,8/26/2022,PROHIBITED METHODS OF RESTRAINT
930519,8/25/2022,VEHICLE SEIZURE FORM
930519,8/23/2022,CAR STOP TACTICS FOR PATROL OFFICERS - MODULE 1: CONTROLLING THE STOP
930519,8/23/2022,CAR STOP TACTICS FOR PATROL OFFICERS - MODULE 2: PROHIBITED MANEUVERS
930519,8/23/2022,NATIONAL INCIDENT-BASED REPORTING SYSTEM (NIBRS) UPDATES TO THE OMNIFORM COMPLAINT SYSTEMV
930519,8/23/2022,OPIOID OVERDOSE RECOGNITION AND NARCAN ADMINISTRATION -2021
930519,8/22/2022,2022 EQUAL EMPLOYMENT OPPORTUNITY TRAINING-SEXUAL HARASSMENT AWARENESS AND PREVENTION
930519,4/18/2022,"INTEGRATING COMMUNICATION, ASSESSMENT AND TACTICS (ICAT) MODULE 5"
930519,3/9/2022,"INTEGRATING COMMUNICATION, ASSESSMENT AND TACTICS (ICAT) MODULE 4"
930519,2/16/2022,"INTEGRATING COMMUNICATION, ASSESSMENT AND TACTICS (ICAT) MODULE 3"
930519,12/9/2021,"INTEGRATING COMMUNICATION, ASSESSMENT AND TACTICS (ICAT) MODULE 2"
930519,12/8/2021,"INTEGRATING COMMUNICATION, ASSESSMENT AND TACTICS (ICAT) MODULE 1"
930519,11/15/2021,ACTIVE BYSTANDERSHIP FOR LAW ENFORCEMENT (ABLE): ONE DAY COURSE
930519,11/4/2021,ARRESTS - RELIGIOUS HEAD COVERING GUIDELINES (PG 208-83)
930519,11/4/2021,BODY-WORN CAMERA REVIEW PART ONE
930519,11/4/2021,BODY-WORN CAMERA REVIEW PART TWO
930519,9/18/2021,INFORMATION SECURITY AWARENESS TRAINING 2021
930519,9/17/2021,MAYOR EXECUTIVE ORDER 78 VACCINATION - TESTING COMPLIANCE POLICY
930519,8/23/2021,OVERVIEW OF THE NEW DISCOVERY LAWS 2021 REFRESHER
930519,8/9/2021,EQUAL EMPLOYMENT OPPORTUNITY TRAINING - SEXUAL HARASSMENT AWARENESS AND PREVENTION 2021
930519,6/9/2021,PATROL GUIDE 215-17 POLICE ACTIONS RELATED QUESTIONING ARRESTS AND INVESTIGATIONS AT A NYC DEPARTMEN
930519,5/10/2021,FTS - ANNUAL CEW RECERTIFICATION
930519,4/20/2021,EMPLOYEE ASSISTANCE UNIT-2021
930519,4/5/2021,EQUAL EMPLOYMENT OPPORTUNITY TRAINING - LGBTQIA+ DIVERSITY AND INCLUSION / EXECUTIVE ORDER 16 OF 201
930519,3/11/2021,CUSTOMER SERVICE PROGRAM:  TRAIN THE TRAINING SERGEANT (PRECINCT GREETER)
930519,3/8/2021,DESK APPEARANCE TICKETS: THE NEW LAW AND THE NEW GUIDELINES FOR PROCESSING DAT'S - 2021 REFRESHER
930519,2/2/2021,HEALTH AND WELLNESS SECTION - FINANCIAL LITERACY SERIES - MODULE 3 - YOUR SPENDING AND SAVINGS PLAN
930519,1/26/2021,HEALTH AND WELLNESS SECTION - MODULE 20 - POPPA TESTIMONIAL VIDEO
930519,1/21/2021,COVID VACCINE DISTRIBUTION AND EDUCATION
930519,1/13/2021,EQUAL EMPLOYMENT OPPORTUNITY TRAINING - LEAVE TO EXPRESS BREAST MILK
930519,12/15/2020,FTS - ANNUAL CEW RECERTIFICATION
930519,10/22/2020,2017-2019 IN-SERVICE CYCLE-INVESTIGATIVE ENCOUNTERS- BASIC TRAINING WITH SCENARIOS
930519,8/31/2020,CONSTITUTIONAL POLICING AT COMMUNITY EVENTS (CPACE)
930519,7/28/2020,CLT-SPECIAL POPULATIONS
930519,7/23/2020,CLT-OCCUPATIONAL-WORKPLACE SAFETY AND HEALTH
930519,7/8/2020,NEW LAWS AFFECTING POLICE OFFICERS’ CRIMINAL AND CIVIL LIABILITY
930519,6/30/2020,CLT-TACTICAL AWARENESS AND OFFICER SAFETY
930519,6/30/2020,"EQUAL EMPLOYMENT OPPORTUNITY TRAINING - SEXUAL HARASSMENT, AWARENESS AND PREVENTION"
930519,6/26/2020,HEALTH AND WELLNESS SECTION - MODULE 3 - WARNING SIGNS
930519,6/26/2020,HEALTH AND WELLNESS SECTION - MODULE 4 - CUMULATIVE TRAUMA
930519,6/26/2020,HEALTH AND WELLNESS SECTION - MODULE 5 - GAINING PERSPECTIVE
930519,6/26/2020,HEALTH AND WELLNESS SECTION - MODULE 6 - COPING WITH SIGNS OF ANXIETY DEPRESSION
930519,6/26/2020,HEALTH AND WELLNESS SECTION - MODULE 7 - LEADING WITH COMPASSION
930519,6/26/2020,"HEALTH AND WELLNESS SECTION - MODULE 8 - WARNING SIGNS, SUPPORT AND OUTREACH"
930519,6/26/2020,HEALTH AND WELLNESS SECTION - MODULE 9 - MANAGING STRESS ON THE JOB
930519,6/26/2020,UTILIZING BALLISTIC PROTECTION IN DEPARTMENT VEHICLES (4:09)
930519,6/26/2020,VICTIM BLAMING AND RELEASE OF INFORMATION TO THE MEDIA
930519,6/25/2020,HEALTH AND WELLNESS SECTION - MODULE 11 - HEALTH AND RESILIENCY
930519,6/25/2020,HEALTH AND WELLNESS SECTION - MODULE 12 - IN THAT DARK PLACE - AN OFFICER'S JOURNEY
930519,6/25/2020,HEALTH AND WELLNESS SECTION - MODULE 2 - JOB COUNSELING AND STRESS
930519,6/25/2020,SHIELD OF RESILIENCE TRAINING COURSE
930519,5/26/2020,COVID-19: PREPAREDENESS
930519,5/26/2020,COVID-19: PREPAREDNESS YOUR FAMILY AND HOME
930519,5/26/2020,COVID-19: PROTECTIVE MASKS
930519,5/26/2020,CRIMINAL JUSTICE BUREAU - GIGLIO MATERIAL DISCLOSURES UNDER THE NEW DISCOVERY LAWS
930519,5/26/2020,HEALTH AND WELLNESS SECTION - MODULE 1 - PSYCHOLOGICAL HEALTH AND WELLNESS
930519,5/26/2020,HEALTH AND WELLNESS SECTION - MODULE 10 - SEEKING AND RECEIVING MENTAL HEALTH SUPPORT
930519,5/1/2020,SAFETY CONSIDERATIONS FOR PATROLLING THE NYC SUBWAY SYSTEM -DANGERS OF THE PLATFORM EDGE
930519,3/4/2020,CLT-OCCUPATIONAL-WORKPLACE SAFETY AND HEALTH
930519,3/3/2020,CLT-OCCUPATIONAL-WORKPLACE SAFETY AND HEALTH
930519,1/29/2020,CLT-OCCUPATIONAL-WORKPLACE SAFETY AND HEALTH
930519,1/22/2020,CLT-MEMBER-EMPLOYEE WELLNESS
930519,1/13/2020,CROSSFIRE MITIGATION DURING CLOSE COMBAT INCIDENTS - PART 2
930519,1/13/2020,PROCESSING DISCOVERY MATERIAL IN THE FORMS ARREST FOLDER
930519,12/23/2019,ACTIVITY LOG FOR IPHONE
930519,12/23/2019,ACTIVITY LOG FOR IPHONE TRAIN-THE-TRAINER
930519,12/23/2019,CROSSFIRE MITIGATION DURING CLOSE COMBAT INCIDENTS
930519,12/20/2019,COMMAND LEVEL TRAINING
930519,12/3/2019,CJB - OVERVIEW OF THE NEW DISCOVERY LAWS
930519,12/3/2019,RESPONDING TO COMMERCIAL ROBBERIES PART LL - MODULE 1 AND MODULE 2
930519,11/26/2019,CJB - DESK APPEARANCE TICKETS: THE NEW LAWS AND GUIDELINES FOR PROCESSING DATS
930519,11/13/2019,DISCHARGING YOUR FIREARM AT A MOVING THREAT
930519,10/30/2019,CLT-MEMBER-EMPLOYEE WELLNESS
930519,10/24/2019,CRIMINAL JUSTICE BUREAU - DNA TRAINING VIDEO
930519,10/24/2019,FORCE POLICY UPDATE VIDEO
930519,10/14/2019,DOMESTIC VIOLENCE EDUCATION AND COUNSELING
930519,10/14/2019,MARIJUANA POLICY UPDATE
930519,10/9/2019,CRITICAL DECISION MAKING MODEL
930519,9/6/2019,SHIELD OF RESILIENCE TRAINING COURSE
930519,8/6/2019,RESPONDING TO COMMERCIAL ROBBERIES
930519,7/16/2019,TRANSIT BUREAU - SAFETY CONSIDERATIONS FOR PATROLLING THE NYC SUBWAY SYSTEM
930519,7/16/2019,TRANSIT BUREAU - SAFETY CONSIDERATIONS FOR PATROLLING THE NYC SUBWAY SYSTEM - PART 2
930519,7/16/2019,TRANSIT BUREAU - TIMELY RESUMPTION OF SERVICE IN NYC TRANSIT
930519,6/27/2019,RESPONDING TO PEOPLE IN CRISIS – MODULE 4: USING DEPARTMENT MOBILE DIGITAL DEVICES
930519,6/10/2019,WORLDPRIDE NYC 2019
930519,5/28/2019,COLLABORATIVE POLICING - MEDIATION REFERRAL PROGRAM FOR NON-CRIMINAL COMPLAINTS
930519,5/16/2019,COLLABORATIVE POLICING - THE DEAF AND HARD OF HEARING COMMUNITY
930519,4/19/2019,RESPONDING TO PEOPLE IN CRISIS - MODULES 2 AND 3: ACTIVE LISTENING PARTS 1 AND 2
930519,4/1/2019,LEGAL BUREAU - PERJURY TRAINING MODULE
930519,3/21/2019,SAFEGUARDING PRISONERS - OFFICER SAFETY GUIDELINES
930519,2/28/2019,COLLABORATIVE POLICING - ELDER ABUSE
930519,2/18/2019,"SUPPORT SERVICES DIVISION - CLASS ""C"" OPERATOR"
930519,1/24/2019,CLT-INFORMATION TECHNOLOGY
930519,1/24/2019,INVESTIGATIVE ENCOUNTERS-VIDEO #1 REQUEST FOR INFO-UNIT TRAINING FEB 2016
930519,1/24/2019,INVESTIGATIVE ENCOUNTERS-VIDEO #3 TERRY STOPS AND REASONABLE SUSPICION-UNIT TRAINING JUNE 2016
930519,1/23/2019,RESPONDING TO PEOPLE IN CRISIS - MODULE 1: SENDING THE RIGHT SIGNALS
930519,1/10/2019,EQUAL EMPLOYMENT OPPORTUNITYTRAINING - SEXUAL HARASSMENT AWARENESS AND PREVENTION
930519,1/9/2019,COLLABORATIVE POLICING- FOREIGN LANGUAGE CERTIFICATION VIDEO
930519,1/9/2019,CRIMINAL JUSTICE REFORM ACT ROLL CALL TRAINING PART 1
930519,1/9/2019,INVESTIGATIVE ENCOUNTERS-VIDEO #2 COMMON LAW RIGHT OF INQUIRY-UNIT TRAINING MAY 2016
930519,1/9/2019,INVESTIGATIVE ENCOUNTERS-VIDEO #4 DOCUMENTATION AND SUPERVISION-UNIT TRAINING JULY 2016
930519,12/10/2018,MARIJUANA BURNING ENFORCEMENT POLICY
930519,11/26/2018,CLT-OCCUPATIONAL-WORKPLACE SAFETY AND HEALTH
930519,11/1/2018,AMERICANS WITH DISABILITIES ACT (ADA)
930519,10/29/2018,CLT-OCCUPATIONAL-WORKPLACE SAFETY AND HEALTH
930519,10/19/2018,RESPONDING TO PEOPLE IN CRISIS-INTRODUCTION TO CIT VIDEO SERIES
930519,10/5/2018,NYC RIGHT TO KNOW ACT LEGISLATION - PART 2
930519,10/5/2018,NYC RIGHT TO KNOW ACT LEGISLATION – PART 1
930519,10/5/2018,PUBLIC CONTACT AND CONSENT TO SEARCH (RIGHT TO KNOW) - UNIT TRAINING AUGUST 2016
930519,10/4/2018,CLT-EQUAL EMPLOYMENT OPPORTUNITY
930519,9/14/2018,RAISE THE AGE
930519,8/10/2018,FTS - ANNUAL CEW RECERTIFICATION
930519,5/16/2018,COMMUNICATIONS- THE PROPER USAGE OF THE IDA RADIO CODES
930519,5/1/2018,CPS FAIR AND IMPARTIAL POLICING - ALL POS AND DETS
930519,4/9/2018,CLT-OCCUPATIONAL-WORKPLACE SAFETY AND HEALTH
930519,4/5/2018,CLT-OCCUPATIONAL-WORKPLACE SAFETY AND HEALTH
930519,3/8/2018,LEGAL BUREAU PERFORMANCE METRICS - PROHIBITED CONDUCT
930519,1/24/2018,NEW PERFORMANCE EVALUATION PROCESS
930519,1/23/2018,"CPS INTERIOR PATROL OF HOUSING AUTHORITY BUILDINGS, PG 212-60 ROLL CALL VIDEO 2"
930519,1/22/2018,FORCE POLICY REVISION-VIDEO-PG 221-UNIT TRAINING MAY 2016
930519,1/5/2018,"CPS INTERIOR PATROL OF HOUSING AUTHORITY BUILDINGS, PG 212-60 ROLL CALL VIDEO 1"
930519,1/5/2018,CPS INTERIOR PATROL TRESPASS AFFIDAVIT PROGRAM (TAP) VIDEO 1
930519,1/5/2018,CPS INTERIOR PATROL TRESPASS AFFIDAVIT PROGRAM (TAP) VIDEO 2
930519,1/5/2018,CRIMINAL JUSTICE REFORM ACT ROLL CALL TRAINING PART 2
930519,1/5/2018,PATROL- POLYCARBONATE SHIELD
930519,1/5/2018,TACTICAL AWARENESS-SMARTPHONE SAFETY
930519,12/5/2017,COLLABORATIVE POLICING- ACCESSING TELEPHONIC INTERPRETERS VIA LANGUAGE LINE
930519,12/5/2017,POLICE COMMISSIONERS MESSAGE - VICTIMS OF SEXUAL ASSAULT VIDEO
930519,10/20/2017,NARCAN NASAL SPRAY TRAINING
930519,10/9/2017,FTS - ANNUAL CEW RECERTIFICATION
930519,7/20/2017,PERSONNEL BUREAU NYPD EMPLOYEE ASSISTANCE UNIT (EAU)
930519,5/8/2017,CRIMINAL JUSTICE REFORM ACT ROLL CALL TRAINING PART 1
930519,5/8/2017,CRIMINAL JUSTICE REFORM ACT ROLL CALL TRAINING PART 2
930519,3/21/2017,2016-17 INSERVICE CYCLE-PHYSICAL TACTICS
930519,2/17/2017,EQUAL EMPLOYMENT OPPORTUNITY TRANSGENDER DIVERSITY AND INCLUSION:EXECUTIVE ORDER 16
930519,12/14/2016,HATE CRIMES AND BIAS-RELATED INCIDENTS
930519,9/12/2016,PUBLIC CONTACT AND CONSENT TO SEARCH (RIGHT TO KNOW) - UNIT TRAINING AUGUST 2016
930519,8/1/2016,INVESTIGATIVE ENCOUNTERS-VIDEO #4 DOCUMENTATION AND SUPERVISION-UNIT TRAINING JULY 2016
930519,7/11/2016,FTS - ANNUAL CEW RECERTIFICATION
930519,6/28/2016,FORCE POLICY REVISION-PAMPHLET - PG 221 - UNIT TRAINING DECEMBER 2015
930519,6/27/2016,INVESTIGATIVE ENCOUNTERS-VIDEO #1 REQUEST FOR INFO-UNIT TRAINING FEB 2016
930519,6/27/2016,INVESTIGATIVE ENCOUNTERS-VIDEO #3 TERRY STOPS AND REASONABLE SUSPICION-UNIT TRAINING JUNE 2016
930519,6/20/2016,INVESTIGATIVE ENCOUNTERS-VIDEO #1 REQUEST FOR INFO-UNIT TRAINING FEB 2016
930519,6/20/2016,INVESTIGATIVE ENCOUNTERS-VIDEO #2 COMMON LAW RIGHT OF INQUIRY-UNIT TRAINING MAY 2016
930519,6/3/2016,BTK (BELT TRAUMA KIT DISTRIBUTION AND FAMILIARIZATION)
930519,4/8/2016,WINDOWS PHONE TRAINING AND DISTRIBUTION
930519,3/25/2016,BASIC LEADERSHIP COURSE
930519,2/1/2016,INVESTIGATIVE ENCOUNTERS-VIDEO #1 REQUEST FOR INFO-UNIT TRAINING FEB 2016
930519,1/4/2016,FORCE POLICY REVISION-PAMPHLET - PG 221 - UNIT TRAINING DECEMBER 2015
930519,11/9/2015,FIELD TRAINING PROGRAM RETIRED COURSES
930519,11/9/2015,LAW
930519,11/9/2015,PHYSICAL EDUCATION - VERSIONS 2 - 5 PART 1: FOUNDATIONS OF PHYSICAL FITNESS
930519,11/9/2015,PHYSICAL EDUCATION - VERSIONS 2 - 5 PART 2: DEFENSIVE TACTICS
930519,11/9/2015,PHYSICAL EDUCATION - VERSIONS 2 - 5 PART 3: AMERICAN HEART ASSOCIATION BASIC LIFE SUPPORT
930519,11/9/2015,POLICE SCIENCE
930519,11/9/2015,SELECTED TOPICS IN BEHAVIORAL SCIENCE FOR POLICE OFFICERS
930519,6/2/2015,LESS LETHAL TRAINING (X26 TASER)
930519,5/16/2014,FINANCIAL PLANNING
930519,11/12/2007,LESS LETHAL TRAINING (M26 AIR TASER)
930519,7/1/2002,12 PASSENGER VAN / UTILITY VEHICLE QUALIFICATION
930519,,RECRUIT 12 PASSENGER VAN / UTILITY VEHICLE QUALIFICATION
930519,,RECRUIT RMP QUALIFICATION / RMP OPERATOR QUALIFIED
928607,6/24/2025,EAU 2025 POLICE COMMISSIONER JESSICA S. TISCH
928607,3/6/2025,FTS - CEW TASER 7 TRANSITION COURSE
928607,3/6/2025,FTS - TASER 7 HOLSTER DISTRIBUTION
928607,1/28/2025,2024 VEHICLE SEIZURE FORM REFRESHER
928607,1/28/2025,ACCURATE COMPLAINT REPORT CLASSIFICATION
928607,1/27/2025,MENTAL HEALTH INVOLUNTARY REMOVALS MHL 9.41 AND MHL 9.58
928607,1/27/2025,TACTICS WHEN ENGAGING INDIVIDUALS IN A MENTAL HEALTH CRISIS
928607,1/26/2025,APX NEXT PORTABLE AND RADIO DISCIPLINE TRAINING VIDEO
928607,1/26/2025,BEHAVIORAL HEALTH EMERGENCY ASSISTANCE RESPONSE DIVISION B-HEARD
928607,1/26/2025,CELL BLOCK FIRESHIELD EV BLANKETS
928607,1/26/2025,RACIAL PROFILING AND BIASED BASED POLICING: SQF MODULE 8
928607,1/26/2025,RIGHT TO KNOW ACT SQF MODULE 9
928607,1/26/2025,VEHICLE PURSUITS
928607,1/21/2025,2025 IDENTIFYING THE IMPAIRED DRIVER REFRESHER
928607,1/21/2025,ACTIVE SHOOTER - SCHOOL RESPONSE PROTOCOL
928607,1/21/2025,KEVIN AND AVONTE SAFE HOME PROGRAM
928607,12/18/2024,INFORMATION SECURITY AWARENESS TRAINING 2024
928607,12/18/2024,MULTI-FACTOR AUTHENTICATION MFA TRAINING
928607,12/4/2024,ASSISTING SURVIVORS OF SEXUAL BASED VIOLENCE WITH ACCESS TO RESOURCES
928607,12/4/2024,DRIVE SMART 2024
928607,12/4/2024,DRIVING WHILE INTOXICATED AWARENESS VIDEO MODULE 1
928607,12/4/2024,FAMILY BUILDING
928607,12/4/2024,HOUSING BUREAU INTERIOR PATROL TACTICS
928607,12/4/2024,LEAVING THE SCENE COLLISIONS INVESTIGATIVE BEST PRACTICES
928607,12/4/2024,NOTIFICATION OF ALLEGATIONS AND EMPLOYEE RIGHTS
928607,12/4/2024,POLICING THE SUBWAY 2024
928607,12/4/2024,UNMANNED AIRCRAFT SYSTEMS VISUAL OBSERVER
928607,10/15/2024,NORTHWELL DIRECT FINEST CARE PROGRAM FOR UMOS
928607,8/26/2024,RAPE IS RAPE
928607,7/23/2024,2024 EQUAL EMPLOYMENT OPPORTUNITY TRAINING - SEXUAL HARASSMENT AWARENESS AND PREVENTION
928607,6/28/2024,LEVEL 1 AND LEVEL 2 INVESTIGATIVE ENCOUNTERS
928607,6/20/2024,FTS - ANNUAL CEW RECERTIFICATION
928607,3/19/2024,CLT - OATH VS. CRIMINAL COURT SUMMONS ROLL CALL TRAINING
928607,3/12/2024,AUTISM SPECTRUM DISORDER
928607,3/12/2024,EMPLOYEE ASSISTANCE UNIT (E.A.U.) IS HERE FOR YOU- 2024
928607,3/12/2024,NYCHA INTERIOR PATROL: SQF MODULE 7
928607,1/30/2024,"CLT-UNIFORMS, PERSONAL APPEARANCE AND EQUIPMENT"
928607,1/14/2024,AUGMENTED REALITY FEATURE
928607,1/14/2024,INVESTIGATIVE ENCOUNTERS SUMMARY: SQF MODULE 6
928607,1/14/2024,LGBTQIA PLUS - DIVERSITY AND INCLUSION
928607,1/14/2024,OPIOID DANGERS- FENTANYL AND CARFENTANIL
928607,12/14/2023,FTS - ANNUAL CEW RECERTIFICATION
928607,11/9/2023,AXON CASES 2.0
928607,11/8/2023,COLLABORATIVE POLICING- HUMAN TRAFFICKING
928607,11/8/2023,DETECTIVE BUREAU RETRIEVING BODY WORN CAMERA DATA
928607,11/8/2023,DOMAIN AWARENESS SYSTEM - SEARCH ACCURINT RESULTS
928607,11/8/2023,"FORMS - THREAT,RESISTANCE,INJURY (TRI)"
928607,11/8/2023,POLICE COMMISSIONER MESSAGE- NYC GIVES
928607,11/8/2023,VERTEX 949 RADIO OPERATIONAL INSTRUCTIONS
928607,11/5/2023,INVESTIGATIVE ENCOUNTERS 2023: MODULE 5 SQF LEVELS 3 AND 4
928607,10/19/2023,DAS PATTERN MODE
928607,10/19/2023,DOMAIN AWARNESS SYSTEM (DAS)
928607,10/19/2023,NEW YEAR'S EVE TACTICAL AWARENESS
928607,10/19/2023,NYPD RECRUITMENT TRAINING VIDEO
928607,10/19/2023,STOP REPORT
928607,10/11/2023,COUNTERTERRORISM BUREAU ACTIVE SHOOTER SCHOOL INCIDENTS AWARENESS
928607,10/9/2023,HEALTH AND WELLNESS SECTION - CHILD MIND INSTITUTE VIDEO SERIES - MODULE 4 - RAISING SELF SUFFICIENT
928607,10/5/2023,COVID-19 SELF-COLLECTION KIT INSTRUCTIONS
928607,10/5/2023,ELDER ABUSE -2023 REFRESHER
928607,10/5/2023,VIPER CCTV TRAINING COURSE
928607,10/4/2023,VEHICLE MOUNTED VIDEO SYSTEM
928607,10/3/2023,EFFECTIVE COMMUNICATION SKILLS - DEAF OR HARD OF HEARING
928607,10/3/2023,INFORMATION SECURITY AWARENESS TRAINING - 2023
928607,10/3/2023,NYPD JOUVERT AND WEST INDIAN DAY-2023
928607,8/9/2023,UNMANNED AIRCRAFT PERMIT: DRONES FOR PUBLIC USE
928607,8/7/2023,2023 SUMMER ALL-OUT BODY WORN CAMERA TRAINING
928607,7/10/2023,TRAFFIC COURT TESTIMONY VIDEO
928607,6/5/2023,"INVESTIGATIVE ENCOUNTERS 2023: MODULE 4 SQF LEVELS 2, 3 AND 4"
928607,5/10/2023,2023 EQUAL EMPLOYMENT OPPORTUNITY TRAINING-SEXUAL HARASSMENT AWARENESS AND PREVENTION
928607,5/10/2023,2023 LANGUAGE MATTERS - FOSTERING A POSITIVE WORK ENVIRONMENT
928607,5/10/2023,INVESTIGATIVE ENCOUNTERS 2023: MODULE 2 SQF LEVEL 1
928607,5/10/2023,INVESTIGATIVE ENCOUNTERS 2023: MODULE 3 SQF LEVEL 2
928607,3/19/2023,ESPER POLICY LIBRARY
928607,3/19/2023,INVESTIGATIVE ENCOUNTERS 2023 - MODULE 1 INTRODUCTION TO SQF
928607,3/19/2023,NYPD-U VOLUNTARY - INVOLUNTARY TRANSPORTS
928607,2/22/2023,INFORMATION SECURITY CRIMINAL JUSTICE TRAINING 2023
928607,1/31/2023,CLT- RESPONDING TO COMMERCIAL ROBBERIES 2023
928607,1/22/2023,RAISING THE LOWER AGE OF JUVENILE DELINQUENCY
928607,1/13/2023,CLT-VOLUNTARY - INVOLUNTARY TRANSPORTS
928607,11/27/2022,LGBTQIA PLUS AWARENESS
928607,11/27/2022,THE EMPLOYEE ASSISTANCE UNIT (EAU) IS HERE FOR YOU
928607,11/27/2022,VIDEO 1 - PATROLLING THE NYC SUBWAY SYSTEM 2022
928607,11/27/2022,VIDEO 2 -TACTICAL CONSIDERATIONS FOR TRANSIT PATROL 2022 (PART 1)
928607,11/27/2022,VIDEO 3 - TACTICAL CONSIDERATIONS FOR TRANSIT PATROL 2022 (PART 2)
928607,11/27/2022,VIDEO 4 - PLATFORM SAFETY 2022
928607,10/20/2022,BELT-WORN TRAUMA KIT REFRESHER TRAINING VIDEO-2022
928607,10/20/2022,PROCESSING CIVILIAN COMPLAINTS
928607,10/6/2022,FTS - ANNUAL CEW RECERTIFICATION
928607,8/31/2022,NYPD JOUVERT  WEST INDIAN DAY
928607,7/13/2022,2022 EQUAL EMPLOYMENT OPPORTUNITY TRAINING-SEXUAL HARASSMENT AWARENESS AND PREVENTION
928607,7/13/2022,CONVICTED OFFENDER DNA DATABANK SPECIMEN COLLECTION KIT
928607,7/13/2022,"INTEGRATING COMMUNICATION, ASSESSMENT, AND TACTICS (ICAT) MODULE 7"
928607,7/13/2022,VEHICLE SEIZURE FORM
928607,6/28/2022,CAR STOP TACTICS FOR PATROL OFFICERS - MODULE 3: THE UNKNOWN RISK STOP
928607,6/15/2022,CAR STOP TACTICS FOR PATROL OFFICERS - MODULE 1: CONTROLLING THE STOP
928607,6/15/2022,CAR STOP TACTICS FOR PATROL OFFICERS - MODULE 2: PROHIBITED MANEUVERS
928607,6/15/2022,CAR STOP TACTICS FOR PATROL OFFICERS - MODULE 4: THE HIGH-RISK STOP
928607,6/15/2022,"INTEGRATING COMMUNICATION, ASSESSMENT AND TACTICS (ICAT) MODULE 6"
928607,6/1/2022,BEST PRACTICES IN STRUCTURED INTERVIEWING
928607,6/1/2022,NATIONAL INCIDENT-BASED REPORTING SYSTEM (NIBRS) UPDATES TO THE OMNIFORM COMPLAINT SYSTEMV
928607,5/24/2022,PROHIBITED METHODS OF RESTRAINT
928607,4/27/2022,"INTEGRATING COMMUNICATION, ASSESSMENT AND TACTICS (ICAT) MODULE 5"
928607,2/23/2022,"INTEGRATING COMMUNICATION, ASSESSMENT AND TACTICS (ICAT) MODULE 4"
928607,1/26/2022,ILLEGAL EVICTIONS
928607,1/19/2022,"INTEGRATING COMMUNICATION, ASSESSMENT AND TACTICS (ICAT) MODULE 3"
928607,1/9/2022,LOCAL LAW 45 OF 2021-TRAFFIC ENCOUNTERS
928607,11/30/2021,IDENTIFYING THE IMPAIRED DRIVER
928607,11/23/2021,NEIGHBORHOOD POLICING APPLICATION TRAINING VIDEO
928607,11/11/2021,ACTIVE BYSTANDERSHIP FOR LAW ENFORCEMENT (ABLE): ONE DAY COURSE
928607,11/9/2021,"INTEGRATING COMMUNICATION, ASSESSMENT AND TACTICS (ICAT) MODULE 2"
928607,10/26/2021,ARRESTS - RELIGIOUS HEAD COVERING GUIDELINES (PG 208-83)
928607,10/12/2021,BODY-WORN CAMERA REVIEW PART TWO
928607,10/12/2021,"INTEGRATING COMMUNICATION, ASSESSMENT AND TACTICS (ICAT) MODULE 1"
928607,9/20/2021,BODY-WORN CAMERA REVIEW PART ONE
928607,9/14/2021,INFORMATION SECURITY AWARENESS TRAINING 2021
928607,9/14/2021,OPIOID OVERDOSE RECOGNITION AND NARCAN ADMINISTRATION -2021
928607,9/12/2021,MAYOR EXECUTIVE ORDER 78 VACCINATION - TESTING COMPLIANCE POLICY
928607,7/28/2021,EQUAL EMPLOYMENT OPPORTUNITY TRAINING - SEXUAL HARASSMENT AWARENESS AND PREVENTION 2021
928607,6/30/2021,FTS - ANNUAL CEW RECERTIFICATION
928607,5/19/2021,OVERVIEW OF THE NEW DISCOVERY LAWS 2021 REFRESHER
928607,5/18/2021,PATROL GUIDE 215-17 POLICE ACTIONS RELATED QUESTIONING ARRESTS AND INVESTIGATIONS AT A NYC DEPARTMEN
928607,5/5/2021,CLT-ENFORCEMENT ACTIONS
928607,4/27/2021,EMPLOYEE ASSISTANCE UNIT-2021
928607,4/13/2021,EQUAL EMPLOYMENT OPPORTUNITY TRAINING - LGBTQIA+ DIVERSITY AND INCLUSION / EXECUTIVE ORDER 16 OF 201
928607,3/4/2021,CUSTOMER SERVICE PROGRAM: HOW DID WE DO
928607,3/4/2021,DESK APPEARANCE TICKETS: THE NEW LAW AND THE NEW GUIDELINES FOR PROCESSING DAT'S - 2021 REFRESHER
928607,2/23/2021,"CUSTOMER SERVICE PROGRAM:  ROLL CALL MODULE 1, INTRODUCTION TO PRECINCT GREETER PROGRAM"
928607,2/23/2021,"CUSTOMER SERVICE PROGRAM:  ROLL CALL MODULE 2, COMMUNICATION SKILLS"
928607,1/25/2021,COVID VACCINE DISTRIBUTION AND EDUCATION
928607,12/18/2020,EQUAL EMPLOYMENT OPPORTUNITY TRAINING - LEAVE TO EXPRESS BREAST MILK
928607,10/12/2020,BALLISTIC VEST DISTRIBUTION PROGRAM
928607,10/6/2020,FTS - ANNUAL CEW RECERTIFICATION
928607,10/5/2020,BALLISTIC VEST DISTRIBUTION PROGRAM
928607,8/12/2020,COVID-19: PREPAREDENESS
928607,8/12/2020,COVID-19: PREPAREDNESS YOUR FAMILY AND HOME
928607,8/12/2020,COVID-19: PROTECTIVE MASKS
928607,8/12/2020,CRIME CONTROL STRATEGIES- COMMUNITY SUPERVISION
928607,8/12/2020,HEALTH AND WELLNESS SECTION - MODULE 1 - PSYCHOLOGICAL HEALTH AND WELLNESS
928607,8/12/2020,HEALTH AND WELLNESS SECTION - MODULE 10 - SEEKING AND RECEIVING MENTAL HEALTH SUPPORT
928607,8/12/2020,HEALTH AND WELLNESS SECTION - MODULE 11 - HEALTH AND RESILIENCY
928607,8/12/2020,HEALTH AND WELLNESS SECTION - MODULE 12 - IN THAT DARK PLACE - AN OFFICER'S JOURNEY
928607,8/12/2020,HEALTH AND WELLNESS SECTION - MODULE 2 - JOB COUNSELING AND STRESS
928607,8/12/2020,HEALTH AND WELLNESS SECTION - MODULE 3 - WARNING SIGNS
928607,8/12/2020,HEALTH AND WELLNESS SECTION - MODULE 4 - CUMULATIVE TRAUMA
928607,8/12/2020,HEALTH AND WELLNESS SECTION - MODULE 5 - GAINING PERSPECTIVE
928607,8/12/2020,HEALTH AND WELLNESS SECTION - MODULE 6 - COPING WITH SIGNS OF ANXIETY DEPRESSION
928607,8/12/2020,HEALTH AND WELLNESS SECTION - MODULE 7 - LEADING WITH COMPASSION
928607,8/12/2020,"HEALTH AND WELLNESS SECTION - MODULE 8 - WARNING SIGNS, SUPPORT AND OUTREACH"
928607,8/12/2020,HEALTH AND WELLNESS SECTION - MODULE 9 - MANAGING STRESS ON THE JOB
928607,8/12/2020,INVESTIGATIVE ENCOUNTERS-VIDEO #2 COMMON LAW RIGHT OF INQUIRY-UNIT TRAINING MAY 2016
928607,8/12/2020,SAFETY CONSIDERATIONS FOR PATROLLING THE NYC SUBWAY SYSTEM -DANGERS OF THE PLATFORM EDGE
928607,8/12/2020,VICTIM BLAMING AND RELEASE OF INFORMATION TO THE MEDIA
928607,7/14/2020,FTS - BALLISTIC VEST REPLACEMENT - MEASUREMENT - PRE AUG 2020
928607,7/1/2020,"EQUAL EMPLOYMENT OPPORTUNITY TRAINING - SEXUAL HARASSMENT, AWARENESS AND PREVENTION"
928607,7/1/2020,NEW LAWS AFFECTING POLICE OFFICERS’ CRIMINAL AND CIVIL LIABILITY
928607,3/4/2020,CLT-PROCEDURAL OPERATIONS
928607,2/19/2020,UTILIZING BALLISTIC PROTECTION IN DEPARTMENT VEHICLES (4:09)
928607,2/18/2020,FTS - TACTICAL TRAINING CENTER CAD - SESSION 1
928607,2/13/2020,CRIMINAL JUSTICE BUREAU - GIGLIO MATERIAL DISCLOSURES UNDER THE NEW DISCOVERY LAWS
928607,2/11/2020,HATE CRIMES AND BIAS-RELATED INCIDENTS
928607,2/4/2020,CLT-PROCEDURAL OPERATIONS
928607,1/29/2020,CPS FAIR AND IMPARTIAL POLICING - ALL POS AND DETS
928607,1/16/2020,CLT-OCCUPATIONAL-WORKPLACE SAFETY AND HEALTH
928607,1/8/2020,TEXT TO 911 - INTRODUCTION
928607,1/7/2020,CROSSFIRE MITIGATION DURING CLOSE COMBAT INCIDENTS - PART 2
928607,1/7/2020,PROCESSING DISCOVERY MATERIAL IN THE FORMS ARREST FOLDER
928607,12/28/2019,SAFEGUARDING HOSPITALIZED PRISONERS
928607,12/19/2019,ACTIVITY LOG FOR IPHONE COMMAND - UNIT TRAINING
928607,12/19/2019,CROSSFIRE MITIGATION DURING CLOSE COMBAT INCIDENTS
928607,12/19/2019,INCREASE OFFICER SAFETY DURING VEHICLE STOPS
928607,12/19/2019,SUCCESSFULLY DISARMING AN EMOTIONALLY DISTURBED PERSON
928607,12/5/2019,ACTIVITY LOG FOR IPHONE
928607,11/27/2019,CJB - DESK APPEARANCE TICKETS: THE NEW LAWS AND GUIDELINES FOR PROCESSING DATS
928607,11/27/2019,CJB - OVERVIEW OF THE NEW DISCOVERY LAWS
928607,11/27/2019,FTS - TACTICAL TRAINING CENTER CAD - SESSION 2
928607,11/27/2019,INVESTIGATIVE ENCOUNTERS-VIDEO #1 REQUEST FOR INFO-UNIT TRAINING FEB 2016
928607,11/27/2019,INVESTIGATIVE ENCOUNTERS-VIDEO #3 TERRY STOPS AND REASONABLE SUSPICION-UNIT TRAINING JUNE 2016
928607,11/27/2019,INVESTIGATIVE ENCOUNTERS-VIDEO #4 DOCUMENTATION AND SUPERVISION-UNIT TRAINING JULY 2016
928607,11/27/2019,PUBLIC CONTACT AND CONSENT TO SEARCH (RIGHT TO KNOW) - UNIT TRAINING AUGUST 2016
928607,11/27/2019,RESPONDING TO COMMERCIAL ROBBERIES PART LL - MODULE 1 AND MODULE 2
928607,11/13/2019,DISCHARGING YOUR FIREARM AT A MOVING THREAT
928607,10/16/2019,CRIMINAL JUSTICE BUREAU - DNA TRAINING VIDEO
928607,10/15/2019,FORCE POLICY UPDATE VIDEO
928607,10/15/2019,PRISONER ESCAPE WARNING SIGNS
928607,10/3/2019,CRITICAL DECISION MAKING MODEL
928607,10/3/2019,MARIJUANA POLICY UPDATE
928607,9/19/2019,FTS - ANNUAL CEW RECERTIFICATION
928607,9/15/2019,DOMESTIC VIOLENCE EDUCATION AND COUNSELING
928607,9/15/2019,SHIELD OF RESILIENCE TRAINING COURSE
928607,8/8/2019,INVESTIGATIVE ENCOUNTERS-VIDEO #2 COMMON LAW RIGHT OF INQUIRY-UNIT TRAINING MAY 2016
928607,8/7/2019,RESPONDING TO COMMERCIAL ROBBERIES
928607,8/1/2019,INVESTIGATIVE ENCOUNTERS-VIDEO #1 REQUEST FOR INFO-UNIT TRAINING FEB 2016
928607,7/25/2019,DISCUSSION - BASED LEARNING MODULE # 1-3
928607,7/23/2019,CLT-DOCUMENTATION AND FORMS
928607,7/17/2019,CLT-EQUAL EMPLOYMENT OPPORTUNITY
928607,7/11/2019,CLT-COUNTERTERRORISM AND INTELLIGENCE
928607,7/10/2019,FTS - CEW END USER CERTIFICATION
928607,7/9/2019,CLT-COMMUNITY ENGAGEMENT
928607,7/7/2019,RESPONDING TO PEOPLE IN CRISIS – MODULE 4: USING DEPARTMENT MOBILE DIGITAL DEVICES
928607,7/7/2019,TRANSIT BUREAU - SAFETY CONSIDERATIONS FOR PATROLLING THE NYC SUBWAY SYSTEM
928607,7/7/2019,TRANSIT BUREAU - SAFETY CONSIDERATIONS FOR PATROLLING THE NYC SUBWAY SYSTEM - PART 2
928607,7/7/2019,TRANSIT BUREAU - TIMELY RESUMPTION OF SERVICE IN NYC TRANSIT
928607,7/3/2019,CLT-COMMUNICATION STRATEGIES AND AIDS
928607,6/27/2019,HIGHWAY BASIC CRASH INVESTIGATION
928607,6/9/2019,WORLDPRIDE NYC 2019
928607,5/30/2019,"CLT-UNIFORMS, PERSONAL APPEARANCE AND EQUIPMENT"
928607,5/26/2019,COLLABORATIVE POLICING - MEDIATION REFERRAL PROGRAM FOR NON-CRIMINAL COMPLAINTS
928607,5/26/2019,COLLABORATIVE POLICING - THE DEAF AND HARD OF HEARING COMMUNITY
928607,5/22/2019,RESPONDING TO PEOPLE IN CRISIS - MODULES 2 AND 3: ACTIVE LISTENING PARTS 1 AND 2
928607,5/15/2019,CLT-TACTICAL AWARENESS AND OFFICER SAFETY
928607,5/7/2019,CLT-DOCUMENTATION AND FORMS
928607,4/25/2019,FACILITIES MANAGEMENT DIVISION - MUNICIPAL SEPERATE STORM SEWER SYSTEM (MS4)
928607,4/8/2019,LEGAL BUREAU - PERJURY TRAINING MODULE
928607,4/3/2019,RESPONDING TO PEOPLE IN CRISIS - MODULE 1: SENDING THE RIGHT SIGNALS
928607,3/24/2019,SAFEGUARDING PRISONERS - OFFICER SAFETY GUIDELINES
928607,3/12/2019,COLLABORATIVE POLICING - ELDER ABUSE
928607,3/5/2019,EQUAL EMPLOYMENT OPPORTUNITYTRAINING - SEXUAL HARASSMENT AWARENESS AND PREVENTION
928607,3/5/2019,MARIJUANA BURNING ENFORCEMENT POLICY
928607,3/5/2019,"SUPPORT SERVICES DIVISION - CLASS ""C"" OPERATOR"
928607,2/22/2019,FTS - SMITH AND WESSON MODEL 5946 BARREL REMEDIATION
928607,1/12/2019,CRIME SCENE RESPONSE VEHICLE ENDORSEMENT
928607,1/12/2019,SPRINTER VAN QUALIFICATION
928607,12/4/2018,DETECTIVE BUREAU 2018 INTAC BROOKLYN ARMY TERMINAL
928607,12/3/2018,BTK (BELT TRAUMA KIT DISTRIBUTION AND FAMILIARIZATION)
928607,11/18/2018,CLT-ENFORCEMENT ACTIONS
928607,11/18/2018,CLT-HUMAN RESOURCES AND PERSONNEL MATTERS
928607,11/12/2018,AMERICANS WITH DISABILITIES ACT (ADA)
928607,11/12/2018,CLT-COUNTERTERRORISM AND INTELLIGENCE
928607,11/12/2018,"CLT-UNIFORMS, PERSONAL APPEARANCE AND EQUIPMENT"
928607,10/17/2018,RESPONDING TO PEOPLE IN CRISIS-INTRODUCTION TO CIT VIDEO SERIES
928607,10/1/2018,NYC RIGHT TO KNOW ACT LEGISLATION - PART 2
928607,10/1/2018,NYC RIGHT TO KNOW ACT LEGISLATION – PART 1
928607,9/17/2018,CLT-ENFORCEMENT ACTIONS
928607,9/17/2018,CLT-LEGAL ISSUES
928607,9/11/2018,RAISE THE AGE
928607,8/10/2018,2017-2019 IN-SERVICE CYCLE-INVESTIGATIVE ENCOUNTERS- BASIC TRAINING WITH SCENARIOS
928607,8/9/2018,2017-2019 IN-SERVICE CYCLE-INVESTIGATIVE ENCOUNTERS- BASIC TRAINING WITH SCENARIOS
928607,8/2/2018,2017-2019 IN-SERVICE CYCLE-INTEGRATED TACTICS
928607,6/14/2018,COMMUNICATIONS- THE PROPER USAGE OF THE IDA RADIO CODES
928607,3/20/2018,LEGAL BUREAU PERFORMANCE METRICS - PROHIBITED CONDUCT
928607,12/26/2017,COLLABORATIVE POLICING- FOREIGN LANGUAGE CERTIFICATION VIDEO
928607,12/26/2017,NEW PERFORMANCE EVALUATION PROCESS
928607,12/26/2017,TACTICAL AWARENESS-SMARTPHONE SAFETY
928607,12/18/2017,NARCAN NASAL SPRAY TRAINING
928607,9/28/2017,COLLABORATIVE POLICING- ACCESSING TELEPHONIC INTERPRETERS VIA LANGUAGE LINE
928607,9/28/2017,EQUAL EMPLOYMENT OPPORTUNITY TRANSGENDER DIVERSITY AND INCLUSION:EXECUTIVE ORDER 16
928607,9/27/2017,PERSONNEL BUREAU NYPD EMPLOYEE ASSISTANCE UNIT (EAU)
928607,9/26/2017,INFORMATION SECURITY AWARENESS TRAINING
928607,8/29/2017,"CPS INTERIOR PATROL OF HOUSING AUTHORITY BUILDINGS, PG 212-60 ROLL CALL VIDEO 1"
928607,8/29/2017,"CPS INTERIOR PATROL OF HOUSING AUTHORITY BUILDINGS, PG 212-60 ROLL CALL VIDEO 2"
928607,8/29/2017,CPS INTERIOR PATROL TRESPASS AFFIDAVIT PROGRAM (TAP) VIDEO 1
928607,8/29/2017,CPS INTERIOR PATROL TRESPASS AFFIDAVIT PROGRAM (TAP) VIDEO 2
928607,8/29/2017,PATROL- POLYCARBONATE SHIELD
928607,8/29/2017,POLICE COMMISSIONERS MESSAGE - VICTIMS OF SEXUAL ASSAULT VIDEO
928607,7/24/2017,"CPS INTERIOR PATROL OF HOUSING AUTHORITY BUILDINGS, PG 212-60 ROLL CALL VIDEO 1"
928607,7/24/2017,"CPS INTERIOR PATROL OF HOUSING AUTHORITY BUILDINGS, PG 212-60 ROLL CALL VIDEO 2"
928607,7/24/2017,CPS INTERIOR PATROL TRESPASS AFFIDAVIT PROGRAM (TAP) VIDEO 1
928607,7/24/2017,CPS INTERIOR PATROL TRESPASS AFFIDAVIT PROGRAM (TAP) VIDEO 2
928607,5/22/2017,CRIMINAL JUSTICE REFORM ACT ROLL CALL TRAINING PART 1
928607,5/22/2017,CRIMINAL JUSTICE REFORM ACT ROLL CALL TRAINING PART 2
928607,5/8/2017,PUBLIC CONTACT AND CONSENT TO SEARCH (RIGHT TO KNOW) - UNIT TRAINING AUGUST 2016
928607,2/1/2017,2016-17 INSERVICE CYCLE-PHYSICAL TACTICS
928607,1/15/2017,HATE CRIMES AND BIAS-RELATED INCIDENTS
928607,9/8/2016,DETECTIVE BUREAU SPECIAL VICTIMS INVESTIGATORS COURSE
928607,8/23/2016,FORCE POLICY REVISION-VIDEO-PG 221-UNIT TRAINING MAY 2016
928607,8/23/2016,INVESTIGATIVE ENCOUNTERS-VIDEO #3 TERRY STOPS AND REASONABLE SUSPICION-UNIT TRAINING JUNE 2016
928607,8/23/2016,INVESTIGATIVE ENCOUNTERS-VIDEO #4 DOCUMENTATION AND SUPERVISION-UNIT TRAINING JULY 2016
928607,5/3/2016,INVESTIGATIVE ENCOUNTERS-VIDEO #2 COMMON LAW RIGHT OF INQUIRY-UNIT TRAINING MAY 2016
928607,3/31/2016,WINDOWS PHONE TRAINING AND DISTRIBUTION
928607,2/7/2016,INVESTIGATIVE ENCOUNTERS-VIDEO #1 REQUEST FOR INFO-UNIT TRAINING FEB 2016
928607,11/9/2015,FIELD TRAINING PROGRAM RETIRED COURSES
928607,11/9/2015,LAW
928607,11/9/2015,PHYSICAL EDUCATION - VERSIONS 2 - 5 PART 1: FOUNDATIONS OF PHYSICAL FITNESS
928607,11/9/2015,PHYSICAL EDUCATION - VERSIONS 2 - 5 PART 2: DEFENSIVE TACTICS
928607,11/9/2015,PHYSICAL EDUCATION - VERSIONS 2 - 5 PART 3: AMERICAN HEART ASSOCIATION BASIC LIFE SUPPORT
928607,11/9/2015,POLICE SCIENCE
928607,11/9/2015,SELECTED TOPICS IN BEHAVIORAL SCIENCE FOR POLICE OFFICERS
928607,5/6/2015,20K TRAINING INITIATIVE - PHYSICAL TACTICS
928607,3/25/2015,20K TRAINING INITIATIVE - SMART POLICING
928607,3/17/2015,20K TRAINING INITIATIVE - FOUNDATIONS OF POLICING
928607,3/14/2014,CITYTIME TRAINING
928607,3/14/2014,CITYTIME TRAINING FOR SUPERVISORS
928607,1/10/2011,PROPERTY EVIDENCE TRACKING SYSTEM
928607,7/10/2009,RADIOLOGICAL/NUCLEAR AWARENESS TSGP
928607,4/12/2007,EXPANDABLE BATON COURSE
928607,12/10/2005,COBRA - COHORT TRAINING
928607,3/5/2002,RECRUIT 12 PASSENGER VAN / UTILITY VEHICLE QUALIFICATION
928607,3/5/2002,RECRUIT RMP QUALIFICATION / RMP OPERATOR QUALIFIED
928607,7/1/2001,THREE WHEEL SCOOTER CERTIFIED
928607,,TWO WHEEL SCOOTER (WITH TACTICS) CERTIFIED
955034,6/18/2025,2025 BWC PROFICIENCY TRAINING
955034,6/18/2025,SQF REVIEW AND DOCUMENTATION: SQF MODULE 10
955034,6/12/2025,2025 EQUAL EMPLOYMENT OPPORTUNITY TRAINING - SEXUAL HARASSMENT AWARENESS AND PREVENTION
955034,6/12/2025,EAU 2025 POLICE COMMISSIONER JESSICA S. TISCH
955034,1/23/2025,RIGHT TO KNOW ACT SQF MODULE 9
955034,1/22/2025,VEHICLE PURSUITS
955034,1/18/2025,CLT-DOMESTIC VIOLENCE TRAINING
955034,1/18/2025,CLT-PROCEDURAL OPERATIONS
955034,1/18/2025,CLT-TACTICAL AWARENESS AND OFFICER SAFETY
955034,1/17/2025,CLT-DOMESTIC VIOLENCE TRAINING
955034,1/17/2025,CLT-PROCEDURAL OPERATIONS
955034,1/10/2025,2025 IDENTIFYING THE IMPAIRED DRIVER REFRESHER
955034,1/10/2025,INFORMATION SECURITY AWARENESS TRAINING 2024
955034,1/9/2025,ACTIVE SHOOTER - SCHOOL RESPONSE PROTOCOL
955034,1/9/2025,KEVIN AND AVONTE SAFE HOME PROGRAM
955034,12/23/2024,MULTI-FACTOR AUTHENTICATION MFA TRAINING
955034,12/21/2024,CELL BLOCK FIRESHIELD EV BLANKETS
955034,12/7/2024,NOTIFICATION OF ALLEGATIONS AND EMPLOYEE RIGHTS
955034,12/4/2024,CLT-OCCUPATIONAL-WORKPLACE SAFETY AND HEALTH
955034,12/4/2024,CLT-PROCEDURAL OPERATIONS
955034,11/26/2024,BEHAVIORAL HEALTH EMERGENCY ASSISTANCE RESPONSE DIVISION B-HEARD
955034,11/26/2024,LEAVING THE SCENE COLLISIONS INVESTIGATIVE BEST PRACTICES
955034,11/25/2024,CLT-PROCEDURAL OPERATIONS
955034,11/19/2024,DRIVING WHILE INTOXICATED AWARENESS VIDEO MODULE 1
955034,11/15/2024,FAMILY BUILDING
955034,11/8/2024,CLT-DOMESTIC VIOLENCE TRAINING
955034,11/8/2024,NORTHWELL DIRECT FINEST CARE PROGRAM FOR UMOS
955034,11/6/2024,CLT-DOCUMENTATION AND FORMS
955034,11/6/2024,CLT-DOMESTIC VIOLENCE TRAINING
955034,11/2/2024,CLT-DOMESTIC VIOLENCE TRAINING
955034,11/2/2024,CLT-PROCEDURAL OPERATIONS
955034,10/30/2024,ADVANCED TACTICAL FIREARMS TRAINING COURSE
955034,10/17/2024,CLT-DOCUMENTATION AND FORMS
955034,10/17/2024,CLT-PROCEDURAL OPERATIONS
955034,9/17/2024,CLT-DOMESTIC VIOLENCE TRAINING
955034,9/11/2024,CLT-PROCEDURAL OPERATIONS
955034,9/4/2024,CLT-PROCEDURAL OPERATIONS
955034,8/28/2024,MENTAL HEALTH INVOLUNTARY REMOVALS MHL 9.41 AND MHL 9.58
955034,8/20/2024,APX NEXT PORTABLE AND RADIO DISCIPLINE TRAINING VIDEO
955034,8/20/2024,RACIAL PROFILING AND BIASED BASED POLICING: SQF MODULE 8
955034,8/20/2024,RAPE IS RAPE
955034,8/20/2024,UNMANNED AIRCRAFT SYSTEMS VISUAL OBSERVER
955034,8/17/2024,CLT-PROCEDURAL OPERATIONS
955034,8/14/2024,CLT-BWC POLICY UPDATES
955034,8/14/2024,CLT-ENFORCEMENT ACTIONS
955034,8/14/2024,CLT-PROFESSIONAL DEVELOPMENT
955034,7/11/2024,CLT-DOMESTIC VIOLENCE TRAINING
955034,7/3/2024,CLT-PROCEDURAL OPERATIONS
955034,6/26/2024,CLT-DOMESTIC VIOLENCE TRAINING
955034,6/26/2024,CLT-ENFORCEMENT ACTIONS
955034,6/26/2024,CLT-PROCEDURAL OPERATIONS
955034,6/25/2024,CLT-PROCEDURAL OPERATIONS
955034,6/19/2024,LEVEL 1 AND LEVEL 2 INVESTIGATIVE ENCOUNTERS
955034,6/16/2024,2024 EQUAL EMPLOYMENT OPPORTUNITY TRAINING - SEXUAL HARASSMENT AWARENESS AND PREVENTION
955034,6/16/2024,TACTICS WHEN ENGAGING INDIVIDUALS IN A MENTAL HEALTH CRISIS
955034,6/12/2024,CLT-BWC POLICY UPDATES
955034,6/12/2024,CLT-PROPERTY
955034,6/6/2024,CLT-BWC POLICY UPDATES
955034,6/6/2024,CLT-PROCEDURAL OPERATIONS
955034,6/6/2024,CLT-PROPERTY
955034,5/27/2024,ACCURATE COMPLAINT REPORT CLASSIFICATION
955034,5/27/2024,ASSISTING SURVIVORS OF SEXUAL BASED VIOLENCE WITH ACCESS TO RESOURCES
955034,5/27/2024,DRIVE SMART 2024
955034,5/25/2024,HOUSING BUREAU INTERIOR PATROL TACTICS
955034,5/15/2024,CLT-BWC POLICY UPDATES
955034,5/14/2024,CLT-DOMESTIC VIOLENCE TRAINING
955034,5/2/2024,CLT-BWC POLICY UPDATES
955034,4/18/2024,CLT-DOMESTIC VIOLENCE TRAINING
955034,4/10/2024,CLT - OATH VS. CRIMINAL COURT SUMMONS ROLL CALL TRAINING
955034,4/10/2024,POLICING THE SUBWAY 2024
955034,4/4/2024,CLT - OATH VS. CRIMINAL COURT SUMMONS ROLL CALL TRAINING
955034,4/4/2024,CLT-ENFORCEMENT ACTIONS
955034,4/2/2024,CLT-EQUAL EMPLOYMENT OPPORTUNITY
955034,3/28/2024,"CLT - VEHICLE STOP, OPTIMAL OFFICER POSITIONING"
955034,3/19/2024,2024 VEHICLE SEIZURE FORM REFRESHER
955034,3/19/2024,NYCHA INTERIOR PATROL: SQF MODULE 7
955034,3/5/2024,CLT-DOMESTIC VIOLENCE TRAINING
955034,3/5/2024,EMPLOYEE ASSISTANCE UNIT (E.A.U.) IS HERE FOR YOU- 2024
955034,3/4/2024,CLT-DOMESTIC VIOLENCE TRAINING
955034,2/26/2024,CLT-DOMESTIC VIOLENCE TRAINING
955034,2/21/2024,CLT-DOMESTIC VIOLENCE TRAINING
955034,2/21/2024,CLT-TACTICAL AWARENESS AND OFFICER SAFETY
955034,2/19/2024,CLT-DOMESTIC VIOLENCE TRAINING
955034,2/2/2024,"CLT-UNIFORMS, PERSONAL APPEARANCE AND EQUIPMENT"
955034,1/29/2024,CLT-PATROL TACTICS ROLLCALL TRAINING VIDEO SERIES
955034,1/28/2024,CLT-DOCUMENTATION AND FORMS
955034,1/27/2024,AUTISM SPECTRUM DISORDER
955034,1/22/2024,CLT-DOCUMENTATION AND FORMS
955034,1/22/2024,CLT-PATROL TACTICS ROLLCALL TRAINING VIDEO SERIES
955034,1/14/2024,SRG - RAPID MOBILIZATION (PATROL) LEVEL 4
955034,1/12/2024,CLT-OCCUPATIONAL-WORKPLACE SAFETY AND HEALTH
955034,12/27/2023,INVESTIGATIVE ENCOUNTERS SUMMARY: SQF MODULE 6
955034,12/27/2023,LGBTQIA PLUS - DIVERSITY AND INCLUSION
955034,12/27/2023,OPIOID DANGERS- FENTANYL AND CARFENTANIL
955034,12/27/2023,"POSSESSION OR INGESTION OF ANABOLIC STEROIDS, HUMAN GROWTH HORMONE, AND NUTRITIONAL SUPPLEMENTS"
955034,12/22/2023,CLT-DOCUMENTATION AND FORMS
955034,12/20/2023,CLT-DOCUMENTATION AND FORMS
955034,12/13/2023,FTS - ANNUAL CEW RECERTIFICATION
955034,12/8/2023,CLT-OCCUPATIONAL-WORKPLACE SAFETY AND HEALTH
955034,11/30/2023,CLT-OCCUPATIONAL-WORKPLACE SAFETY AND HEALTH
955034,11/28/2023,CLT-EQUAL EMPLOYMENT OPPORTUNITY
955034,11/23/2023,SRG - RAPID MOBILIZATION (PATROL) LEVEL 4
955034,11/21/2023,AUGMENTED REALITY FEATURE
955034,11/20/2023,CLT-DOCUMENTATION AND FORMS
955034,11/8/2023,CLT-DOCUMENTATION AND FORMS
955034,11/7/2023,CLT-DOCUMENTATION AND FORMS
955034,11/7/2023,ELDER ABUSE -2023 REFRESHER
955034,11/7/2023,INVESTIGATIVE ENCOUNTERS 2023: MODULE 5 SQF LEVELS 3 AND 4
955034,11/6/2023,CLT-OCCUPATIONAL-WORKPLACE SAFETY AND HEALTH
955034,11/5/2023,SRG - RAPID MOBILIZATION (PATROL) LEVEL 4
955034,11/4/2023,SRG - RAPID MOBILIZATION (PATROL) LEVEL 4
955034,11/2/2023,CLT-DOCUMENTATION AND FORMS
955034,11/2/2023,NYPD RECRUITMENT TRAINING VIDEO
955034,11/2/2023,SRG - RAPID MOBILIZATION (PATROL) LEVEL 4
955034,11/1/2023,CLT-OCCUPATIONAL-WORKPLACE SAFETY AND HEALTH
955034,10/31/2023,SRG - RAPID MOBILIZATION (PATROL) LEVEL 4
955034,10/30/2023,CLT-OCCUPATIONAL-WORKPLACE SAFETY AND HEALTH
955034,10/23/2023,CLT-OCCUPATIONAL-WORKPLACE SAFETY AND HEALTH
955034,10/20/2023,CLT-EQUAL EMPLOYMENT OPPORTUNITY
955034,10/17/2023,CLT-DOCUMENTATION AND FORMS
955034,10/16/2023,CLT-DOCUMENTATION AND FORMS
955034,10/6/2023,CLT-DOCUMENTATION AND FORMS
955034,10/5/2023,CLT-DOCUMENTATION AND FORMS
955034,10/5/2023,EFFECTIVE COMMUNICATION SKILLS - DEAF OR HARD OF HEARING
955034,10/5/2023,INFORMATION SECURITY AWARENESS TRAINING - 2023
955034,10/5/2023,NYC 311 DYNAMICS SYSTEM
955034,10/5/2023,NYPD JOUVERT AND WEST INDIAN DAY-2023
955034,10/5/2023,VEHICLE MOUNTED VIDEO SYSTEM
955034,10/2/2023,SERGEANTS DEVELOPMENT COURSE
955034,9/21/2023,CLT-OCCUPATIONAL-WORKPLACE SAFETY AND HEALTH
955034,9/15/2023,CLT-INVESTIGATIONS
955034,9/13/2023,CLT-OCCUPATIONAL-WORKPLACE SAFETY AND HEALTH
955034,8/16/2023,TACTICAL LEADERSHIP
955034,8/15/2023,2023 SUMMER ALL-OUT BODY WORN CAMERA TRAINING
955034,8/15/2023,"INVESTIGATIVE ENCOUNTERS 2023: MODULE 4 SQF LEVELS 2, 3 AND 4"
955034,8/15/2023,TRAINING BUREAU - ACCREDITATION FAMILIARIZATION TRAINING
955034,8/15/2023,UNMANNED AIRCRAFT PERMIT: DRONES FOR PUBLIC USE
955034,8/1/2023,EQUAL EMPLOYMENT OPPORTUNITY TRAINING FOR UNIFORM SUPERVISORS
955034,7/25/2023,TRAFFIC COURT TESTIMONY VIDEO
955034,5/14/2023,2023 EQUAL EMPLOYMENT OPPORTUNITY TRAINING-SEXUAL HARASSMENT AWARENESS AND PREVENTION
955034,4/17/2023,2023 LANGUAGE MATTERS - FOSTERING A POSITIVE WORK ENVIRONMENT
955034,4/4/2023,INVESTIGATIVE ENCOUNTERS 2023: MODULE 3 SQF LEVEL 2
955034,3/29/2023,ADVANCED TACTICAL FIREARMS TRAINING COURSE
955034,3/29/2023,FTS - ANNUAL CEW RECERTIFICATION
955034,3/22/2023,ESPER POLICY LIBRARY
955034,2/22/2023,INFORMATION SECURITY CRIMINAL JUSTICE TRAINING 2023
955034,1/30/2023,INVESTIGATIVE ENCOUNTERS 2023: MODULE 2 SQF LEVEL 1
955034,1/30/2023,NYPD-U VOLUNTARY - INVOLUNTARY TRANSPORTS
955034,1/30/2023,RAISING THE LOWER AGE OF JUVENILE DELINQUENCY
955034,1/23/2023,CLT-VOLUNTARY - INVOLUNTARY TRANSPORTS
955034,12/20/2022,INVESTIGATIVE ENCOUNTERS 2023 - MODULE 1 INTRODUCTION TO SQF
955034,11/27/2022,VIDEO 2 -TACTICAL CONSIDERATIONS FOR TRANSIT PATROL 2022 (PART 1)
955034,11/27/2022,VIDEO 3 - TACTICAL CONSIDERATIONS FOR TRANSIT PATROL 2022 (PART 2)
955034,11/27/2022,VIDEO 4 - PLATFORM SAFETY 2022
955034,11/21/2022,VIDEO 1 - PATROLLING THE NYC SUBWAY SYSTEM 2022
955034,11/9/2022,VIPER CCTV TRAINING COURSE
955034,11/3/2022,LGBTQIA PLUS AWARENESS
955034,10/9/2022,COVID-19 SELF-COLLECTION KIT INSTRUCTIONS
955034,10/9/2022,PROCESSING CIVILIAN COMPLAINTS
955034,10/4/2022,BELT-WORN TRAUMA KIT REFRESHER TRAINING VIDEO-2022
955034,9/11/2022,THE EMPLOYEE ASSISTANCE UNIT (EAU) IS HERE FOR YOU
955034,8/30/2022,NYPD JOUVERT  WEST INDIAN DAY
955034,7/17/2022,CONVICTED OFFENDER DNA DATABANK SPECIMEN COLLECTION KIT
955034,7/17/2022,VEHICLE SEIZURE FORM
955034,7/5/2022,2022 EQUAL EMPLOYMENT OPPORTUNITY TRAINING-SEXUAL HARASSMENT AWARENESS AND PREVENTION
955034,7/5/2022,"INTEGRATING COMMUNICATION, ASSESSMENT, AND TACTICS (ICAT) MODULE 7"
955034,6/27/2022,CAR STOP TACTICS FOR PATROL OFFICERS - MODULE 3: THE UNKNOWN RISK STOP
955034,6/27/2022,CAR STOP TACTICS FOR PATROL OFFICERS - MODULE 4: THE HIGH-RISK STOP
955034,6/22/2022,CAR STOP TACTICS FOR PATROL OFFICERS - MODULE 1: CONTROLLING THE STOP
955034,6/22/2022,CAR STOP TACTICS FOR PATROL OFFICERS - MODULE 2: PROHIBITED MANEUVERS
955034,6/22/2022,"INTEGRATING COMMUNICATION, ASSESSMENT AND TACTICS (ICAT) MODULE 6"
955034,6/12/2022,BEST PRACTICES IN STRUCTURED INTERVIEWING
955034,6/9/2022,NATIONAL INCIDENT-BASED REPORTING SYSTEM (NIBRS) UPDATES TO THE OMNIFORM COMPLAINT SYSTEMV
955034,5/27/2022,PROHIBITED METHODS OF RESTRAINT
955034,4/18/2022,CLT-TACTICAL AWARENESS AND OFFICER SAFETY
955034,4/14/2022,"INTEGRATING COMMUNICATION, ASSESSMENT AND TACTICS (ICAT) MODULE 5"
955034,2/28/2022,"INTEGRATING COMMUNICATION, ASSESSMENT AND TACTICS (ICAT) MODULE 4"
955034,2/16/2022,FTS - ANNUAL CEW RECERTIFICATION
955034,1/26/2022,ILLEGAL EVICTIONS
955034,1/17/2022,ACTIVE BYSTANDERSHIP FOR LAW ENFORCEMENT (ABLE): ONE DAY COURSE
955034,1/7/2022,LOCAL LAW 45 OF 2021-TRAFFIC ENCOUNTERS
955034,12/22/2021,"INTEGRATING COMMUNICATION, ASSESSMENT AND TACTICS (ICAT) MODULE 3"
955034,12/1/2021,"INTEGRATING COMMUNICATION, ASSESSMENT AND TACTICS (ICAT) MODULE 2"
955034,11/30/2021,IDENTIFYING THE IMPAIRED DRIVER
955034,11/22/2021,NEIGHBORHOOD POLICING APPLICATION TRAINING VIDEO
955034,10/27/2021,"INTEGRATING COMMUNICATION, ASSESSMENT AND TACTICS (ICAT) MODULE 1"
955034,10/23/2021,ARRESTS - RELIGIOUS HEAD COVERING GUIDELINES (PG 208-83)
955034,10/23/2021,BODY-WORN CAMERA REVIEW PART TWO
955034,9/23/2021,OPIOID OVERDOSE RECOGNITION AND NARCAN ADMINISTRATION -2021
955034,9/18/2021,BODY-WORN CAMERA REVIEW PART ONE
955034,9/15/2021,INFORMATION SECURITY AWARENESS TRAINING 2021
955034,9/10/2021,MAYOR EXECUTIVE ORDER 78 VACCINATION - TESTING COMPLIANCE POLICY
955034,7/3/2021,EQUAL EMPLOYMENT OPPORTUNITY TRAINING - SEXUAL HARASSMENT AWARENESS AND PREVENTION 2021
955034,6/3/2021,OVERVIEW OF THE NEW DISCOVERY LAWS 2021 REFRESHER
955034,5/20/2021,CLT-ENFORCEMENT ACTIONS
955034,5/18/2021,PATROL GUIDE 215-17 POLICE ACTIONS RELATED QUESTIONING ARRESTS AND INVESTIGATIONS AT A NYC DEPARTMEN
955034,4/29/2021,EMPLOYEE ASSISTANCE UNIT-2021
955034,4/12/2021,FTS - ANNUAL CEW RECERTIFICATION
955034,4/5/2021,EQUAL EMPLOYMENT OPPORTUNITY TRAINING - LGBTQIA+ DIVERSITY AND INCLUSION / EXECUTIVE ORDER 16 OF 201
955034,3/12/2021,DESK APPEARANCE TICKETS: THE NEW LAW AND THE NEW GUIDELINES FOR PROCESSING DAT'S - 2021 REFRESHER
955034,3/8/2021,"CUSTOMER SERVICE PROGRAM:  ROLL CALL MODULE 1, INTRODUCTION TO PRECINCT GREETER PROGRAM"
955034,3/8/2021,CUSTOMER SERVICE PROGRAM: HOW DID WE DO
955034,2/18/2021,"CUSTOMER SERVICE PROGRAM:  ROLL CALL MODULE 2, COMMUNICATION SKILLS"
955034,1/21/2021,COVID VACCINE DISTRIBUTION AND EDUCATION
955034,12/2/2020,EQUAL EMPLOYMENT OPPORTUNITY TRAINING - LEAVE TO EXPRESS BREAST MILK
955034,10/21/2020,FTS - ANNUAL CEW RECERTIFICATION
955034,9/1/2020,2019-2020 IN-SERVICE CYCLE - TEAM TACTICS REFRESHER
955034,7/9/2020,"EQUAL EMPLOYMENT OPPORTUNITY TRAINING - SEXUAL HARASSMENT, AWARENESS AND PREVENTION"
955034,7/9/2020,HEALTH AND WELLNESS SECTION - MODULE 5 - GAINING PERSPECTIVE
955034,7/9/2020,HEALTH AND WELLNESS SECTION - MODULE 6 - COPING WITH SIGNS OF ANXIETY DEPRESSION
955034,7/9/2020,VICTIM BLAMING AND RELEASE OF INFORMATION TO THE MEDIA
955034,7/8/2020,HEALTH AND WELLNESS SECTION - MODULE 1 - PSYCHOLOGICAL HEALTH AND WELLNESS
955034,7/8/2020,HEALTH AND WELLNESS SECTION - MODULE 10 - SEEKING AND RECEIVING MENTAL HEALTH SUPPORT
955034,7/8/2020,HEALTH AND WELLNESS SECTION - MODULE 11 - HEALTH AND RESILIENCY
955034,7/8/2020,HEALTH AND WELLNESS SECTION - MODULE 12 - IN THAT DARK PLACE - AN OFFICER'S JOURNEY
955034,7/8/2020,HEALTH AND WELLNESS SECTION - MODULE 2 - JOB COUNSELING AND STRESS
955034,7/8/2020,HEALTH AND WELLNESS SECTION - MODULE 3 - WARNING SIGNS
955034,7/8/2020,HEALTH AND WELLNESS SECTION - MODULE 4 - CUMULATIVE TRAUMA
955034,7/8/2020,HEALTH AND WELLNESS SECTION - MODULE 7 - LEADING WITH COMPASSION
955034,7/8/2020,"HEALTH AND WELLNESS SECTION - MODULE 8 - WARNING SIGNS, SUPPORT AND OUTREACH"
955034,7/8/2020,HEALTH AND WELLNESS SECTION - MODULE 9 - MANAGING STRESS ON THE JOB
955034,7/1/2020,NEW LAWS AFFECTING POLICE OFFICERS’ CRIMINAL AND CIVIL LIABILITY
955034,6/14/2020,COVID-19: PREPAREDNESS YOUR FAMILY AND HOME
955034,5/15/2020,COVID-19: PREPAREDENESS
955034,5/15/2020,COVID-19: PROTECTIVE MASKS
955034,5/1/2020,AIM COMPONENTS 2.0
955034,5/1/2020,AIM REGISTRATION AND SYNCHRONIZATION 2.0
955034,5/1/2020,SAFEGUARDING HOSPITALIZED PRISONERS
955034,5/1/2020,SAFETY CONSIDERATIONS FOR PATROLLING THE NYC SUBWAY SYSTEM -DANGERS OF THE PLATFORM EDGE
955034,3/3/2020,CRIMINAL JUSTICE BUREAU - GIGLIO MATERIAL DISCLOSURES UNDER THE NEW DISCOVERY LAWS
955034,3/3/2020,INVESTIGATIVE ENCOUNTERS-VIDEO #2 COMMON LAW RIGHT OF INQUIRY-UNIT TRAINING MAY 2016
955034,3/3/2020,PROCESSING DISCOVERY MATERIAL IN THE FORMS ARREST FOLDER
955034,3/2/2020,UTILIZING BALLISTIC PROTECTION IN DEPARTMENT VEHICLES (4:09)
955034,1/19/2020,INCREASE OFFICER SAFETY DURING VEHICLE STOPS
955034,1/19/2020,SUCCESSFULLY DISARMING AN EMOTIONALLY DISTURBED PERSON
955034,1/9/2020,CROSSFIRE MITIGATION DURING CLOSE COMBAT INCIDENTS - PART 2
955034,12/12/2019,ACTIVITY LOG FOR IPHONE
955034,12/12/2019,CJB - OVERVIEW OF THE NEW DISCOVERY LAWS
955034,12/12/2019,CROSSFIRE MITIGATION DURING CLOSE COMBAT INCIDENTS
955034,12/10/2019,CJB - DESK APPEARANCE TICKETS: THE NEW LAWS AND GUIDELINES FOR PROCESSING DATS
955034,12/10/2019,FTS - TACTICAL TRAINING CENTER CAD - SESSION 2
955034,12/10/2019,RESPONDING TO COMMERCIAL ROBBERIES PART LL - MODULE 1 AND MODULE 2
955034,12/10/2019,SHIELD OF RESILIENCE TRAINING COURSE
955034,11/19/2019,PRISONER ESCAPE WARNING SIGNS
955034,11/15/2019,DISCHARGING YOUR FIREARM AT A MOVING THREAT
955034,10/21/2019,CRIMINAL JUSTICE BUREAU - DNA TRAINING VIDEO
955034,10/14/2019,CPS FAIR AND IMPARTIAL POLICING - ALL POS AND DETS
955034,10/13/2019,FORCE POLICY UPDATE VIDEO
955034,10/8/2019,CLT-PROFESSIONAL DEVELOPMENT
955034,10/8/2019,FTS - ANNUAL CEW RECERTIFICATION
955034,10/5/2019,CRITICAL DECISION MAKING MODEL
955034,9/26/2019,DOMESTIC VIOLENCE EDUCATION AND COUNSELING
955034,9/26/2019,MARIJUANA POLICY UPDATE
955034,9/3/2019,SHIELD OF RESILIENCE TRAINING COURSE
955034,8/27/2019,2019-20 IN-SERVICE CYCLE - CRITICAL INCIDENT TACTICS AND DEVELOPING EFFECTIVE LEADERSHIP SKILLS
955034,8/12/2019,12 PASSENGER VAN / UTILITY VEHICLE QUALIFICATION
955034,8/5/2019,RESPONDING TO COMMERCIAL ROBBERIES
955034,7/25/2019,CRIMINAL JUSTICE REFORM ACT ROLL CALL TRAINING PART 1
955034,7/25/2019,DAS OVERLAPPING LAYERS TUTORIAL
955034,7/25/2019,DETECTIVE BUREAU RETRIEVING BODY WORN CAMERA DATA
955034,7/25/2019,INVESTIGATIVE ENCOUNTERS-VIDEO #1 REQUEST FOR INFO-UNIT TRAINING FEB 2016
955034,7/25/2019,INVESTIGATIVE ENCOUNTERS-VIDEO #3 TERRY STOPS AND REASONABLE SUSPICION-UNIT TRAINING JUNE 2016
955034,7/25/2019,INVESTIGATIVE ENCOUNTERS-VIDEO #4 DOCUMENTATION AND SUPERVISION-UNIT TRAINING JULY 2016
955034,7/25/2019,PUBLIC CONTACT AND CONSENT TO SEARCH (RIGHT TO KNOW) - UNIT TRAINING AUGUST 2016
955034,7/25/2019,TRAINING MATERIALS- CLOSING THE GAP ON VEHICLE INTELLIGENCE
955034,7/25/2019,TRAINING MATERIALS- PAWNSHOP AND 2ND HAND DEALER DATABASE
955034,7/25/2019,TRAINING MATERIALS- THE RECIDIVIST TRACKING AND REPORTING DATABASE (RTRD)
955034,7/25/2019,TRAINING MATERIALS- VIRTUAL CRIME INFORMATION CENTER
955034,7/25/2019,TRANSIT BUREAU - TIMELY RESUMPTION OF SERVICE IN NYC TRANSIT
955034,7/22/2019,TRANSIT BUREAU - SAFETY CONSIDERATIONS FOR PATROLLING THE NYC SUBWAY SYSTEM
955034,7/22/2019,TRANSIT BUREAU - SAFETY CONSIDERATIONS FOR PATROLLING THE NYC SUBWAY SYSTEM - PART 2
955034,6/25/2019,DISCUSSION - BASED LEARNING MODULE # 1-3
955034,6/25/2019,RESPONDING TO PEOPLE IN CRISIS – MODULE 4: USING DEPARTMENT MOBILE DIGITAL DEVICES
955034,6/17/2019,CLT-TACTICAL AWARENESS AND OFFICER SAFETY
955034,6/14/2019,WORLDPRIDE NYC 2019
955034,6/6/2019,CLT-PROCEDURAL OPERATIONS
955034,6/6/2019,COLLABORATIVE POLICING - MEDIATION REFERRAL PROGRAM FOR NON-CRIMINAL COMPLAINTS
955034,6/6/2019,COLLABORATIVE POLICING- HUMAN TRAFFICKING
955034,6/6/2019,COUNTERTERRORISM BUREAU FACILITY AWARENESS VIDEO-EMPIRE STATE BUILDING
955034,5/29/2019,COLLABORATIVE POLICING - THE DEAF AND HARD OF HEARING COMMUNITY
955034,5/10/2019,RESPONDING TO PEOPLE IN CRISIS - MODULES 2 AND 3: ACTIVE LISTENING PARTS 1 AND 2
955034,5/7/2019,CLT-ENFORCEMENT ACTIONS
955034,5/7/2019,CRIME CONTROL STRATEGIES- COMMUNITY SUPERVISION
955034,5/7/2019,LOCATING APPLE DEVICES USING YOUR DEPARTMENT SMARTPHONE
955034,4/25/2019,FACILITIES MANAGEMENT DIVISION - MUNICIPAL SEPERATE STORM SEWER SYSTEM (MS4)
955034,4/24/2019,FTS - BALLISTIC VEST REPLACEMENT - DISTRIBUTION - PRE AUGUST 2020
955034,4/19/2019,CPS BODY-WORN CAMERA TRAINING WITH SCENARIOS
955034,4/9/2019,LEGAL BUREAU - PERJURY TRAINING MODULE
955034,4/1/2019,SAFEGUARDING PRISONERS - OFFICER SAFETY GUIDELINES
955034,3/12/2019,CLT-OCCUPATIONAL-WORKPLACE SAFETY AND HEALTH
955034,2/26/2019,COLLABORATIVE POLICING - ELDER ABUSE
955034,2/13/2019,"SUPPORT SERVICES DIVISION - CLASS ""C"" OPERATOR"
955034,2/6/2019,RESPONDING TO PEOPLE IN CRISIS - MODULE 1: SENDING THE RIGHT SIGNALS
955034,1/24/2019,CLT-OCCUPATIONAL-WORKPLACE SAFETY AND HEALTH
955034,1/22/2019,CLT-OCCUPATIONAL-WORKPLACE SAFETY AND HEALTH
955034,1/14/2019,PATROL DOOR BAG - ROPE AND WEDGE INTRODUCTION
955034,1/7/2019,FTS - SMITH AND WESSON MODEL 5946 BARREL REMEDIATION
955034,12/21/2018,EQUAL EMPLOYMENT OPPORTUNITYTRAINING - SEXUAL HARASSMENT AWARENESS AND PREVENTION
955034,12/17/2018,CLT-TACTICAL AWARENESS AND OFFICER SAFETY
955034,12/10/2018,CLT-SPECIAL POPULATIONS
955034,12/4/2018,FTS - CEW X26P HOLSTER TRAINING AND DISTRIBUTION
955034,12/3/2018,CLT-OCCUPATIONAL-WORKPLACE SAFETY AND HEALTH
955034,12/3/2018,MARIJUANA BURNING ENFORCEMENT POLICY
955034,11/19/2018,CLT-ENFORCEMENT ACTIONS
955034,11/19/2018,CLT-HUMAN RESOURCES AND PERSONNEL MATTERS
955034,11/19/2018,CLT-MEMBER-EMPLOYEE WELLNESS
955034,11/19/2018,"CLT-UNIFORMS, PERSONAL APPEARANCE AND EQUIPMENT"
955034,11/9/2018,AMERICANS WITH DISABILITIES ACT (ADA)
955034,10/25/2018,FTS - ANNUAL CEW RECERTIFICATION
955034,10/17/2018,CLT-SPECIAL POPULATIONS
955034,10/16/2018,CLT-OCCUPATIONAL-WORKPLACE SAFETY AND HEALTH
955034,10/16/2018,RESPONDING TO PEOPLE IN CRISIS-INTRODUCTION TO CIT VIDEO SERIES
955034,10/13/2018,NYC RIGHT TO KNOW ACT LEGISLATION - PART 2
955034,10/10/2018,CLT-PROCEDURAL OPERATIONS
955034,10/10/2018,NYC RIGHT TO KNOW ACT LEGISLATION – PART 1
955034,10/4/2018,CLT-PROCEDURAL OPERATIONS
955034,9/20/2018,CLT-LEGAL ISSUES
955034,9/19/2018,CLT-PROCEDURAL OPERATIONS
955034,9/18/2018,CLT-PROCEDURAL OPERATIONS
955034,9/17/2018,CLT-PROFESSIONAL DEVELOPMENT
955034,9/13/2018,CLT-ENFORCEMENT ACTIONS
955034,9/12/2018,CLT-PROCEDURAL OPERATIONS
955034,9/11/2018,CLT-PROFESSIONAL DEVELOPMENT
955034,9/10/2018,CLT-ENFORCEMENT ACTIONS
955034,9/10/2018,CLT-PROCEDURAL OPERATIONS
955034,9/4/2018,RAISE THE AGE
955034,9/3/2018,CLT-OCCUPATIONAL-WORKPLACE SAFETY AND HEALTH
955034,8/29/2018,CLT-ENFORCEMENT ACTIONS
955034,7/5/2018,CLT-INFORMATION TECHNOLOGY
955034,7/4/2018,CLT-COMMUNITY ENGAGEMENT
955034,6/3/2018,COMMUNICATIONS- THE PROPER USAGE OF THE IDA RADIO CODES
955034,5/21/2018,CLT-SPECIAL POPULATIONS
955034,5/14/2018,CLT-PROFESSIONAL DEVELOPMENT
955034,5/8/2018,CLT-OCCUPATIONAL-WORKPLACE SAFETY AND HEALTH
955034,5/1/2018,FTS - CEW END USER CERTIFICATION
955034,4/30/2018,CLT-ENFORCEMENT ACTIONS
955034,4/19/2018,CLT-DOCUMENTATION AND FORMS
955034,4/16/2018,CLT-DOCUMENTATION AND FORMS
955034,4/12/2018,CLT-PROCEDURAL OPERATIONS
955034,4/6/2018,CLT-LEGAL ISSUES
955034,4/4/2018,CLT-PROCEDURAL OPERATIONS
955034,3/30/2018,CLT-PROCEDURAL OPERATIONS
955034,3/28/2018,CLT-LEGAL ISSUES
955034,3/23/2018,CLT-LEGAL ISSUES
955034,3/22/2018,CLT-PROCEDURAL OPERATIONS
955034,3/20/2018,CLT-PROCEDURAL OPERATIONS
955034,3/15/2018,2017-2019 IN-SERVICE CYCLE-INVESTIGATIVE ENCOUNTERS- BASIC TRAINING WITH SCENARIOS
955034,3/8/2018,CLT-OCCUPATIONAL-WORKPLACE SAFETY AND HEALTH
955034,3/6/2018,CLT-TACTICAL AWARENESS AND OFFICER SAFETY
955034,3/5/2018,CLT-EQUAL EMPLOYMENT OPPORTUNITY
955034,2/26/2018,"CLT-UNIFORMS, PERSONAL APPEARANCE AND EQUIPMENT"
955034,2/26/2018,LEGAL BUREAU PERFORMANCE METRICS - PROHIBITED CONDUCT
955034,2/22/2018,CLT-OCCUPATIONAL-WORKPLACE SAFETY AND HEALTH
955034,2/22/2018,NEW YEAR'S EVE TACTICAL AWARENESS
955034,2/19/2018,CLT-INFORMATION TECHNOLOGY
955034,2/13/2018,CLT-DOCUMENTATION AND FORMS
955034,2/13/2018,COLLABORATIVE POLICING- FOREIGN LANGUAGE CERTIFICATION VIDEO
955034,2/12/2018,CLT-OCCUPATIONAL-WORKPLACE SAFETY AND HEALTH
955034,2/7/2018,CLT-EQUAL EMPLOYMENT OPPORTUNITY
955034,1/30/2018,IPHONE TRAINING AND DISTRIBUTION
955034,12/7/2017,2017-2019 IN-SERVICE CYCLE-INTEGRATED TACTICS
955034,12/5/2017,NEW PERFORMANCE EVALUATION PROCESS
955034,11/14/2017,NARCAN NASAL SPRAY TRAINING
955034,11/13/2017,HOW TO ENTER DOMESTIC INCIDENT REPORTS IN TO FORMS
955034,11/13/2017,NYPD MOBILITY INITIATIVE - DEPARTMENT SMARTPHONE TRAINING
955034,11/13/2017,TACTICAL AWARENESS-SMARTPHONE SAFETY
955034,9/29/2017,CRIMINAL JUSTICE REFORM ACT ROLL CALL TRAINING PART 2
955034,9/21/2017,COLLABORATIVE POLICING- ACCESSING TELEPHONIC INTERPRETERS VIA LANGUAGE LINE
955034,9/21/2017,INFORMATION SECURITY AWARENESS TRAINING
955034,9/21/2017,PATROL- POLYCARBONATE SHIELD
955034,9/21/2017,POLICE COMMISSIONERS MESSAGE - VICTIMS OF SEXUAL ASSAULT VIDEO
955034,7/17/2017,"CPS INTERIOR PATROL OF HOUSING AUTHORITY BUILDINGS, PG 212-60 ROLL CALL VIDEO 1"
955034,7/17/2017,"CPS INTERIOR PATROL OF HOUSING AUTHORITY BUILDINGS, PG 212-60 ROLL CALL VIDEO 2"
955034,7/17/2017,PERSONNEL BUREAU NYPD EMPLOYEE ASSISTANCE UNIT (EAU)
955034,6/26/2017,PSB MARIJUANA FIELD TESTING
955034,6/5/2017,CPS INTERIOR PATROL TRESPASS AFFIDAVIT PROGRAM (TAP) VIDEO 1
955034,6/5/2017,CPS INTERIOR PATROL TRESPASS AFFIDAVIT PROGRAM (TAP) VIDEO 2
955034,5/10/2017,CRIMINAL JUSTICE REFORM ACT ROLL CALL TRAINING PART 1
955034,5/9/2017,EQUAL EMPLOYMENT OPPORTUNITY TRANSGENDER DIVERSITY AND INCLUSION:EXECUTIVE ORDER 16
955034,4/28/2017,CRIMINAL JUSTICE REFORM ACT ROLL CALL TRAINING PART 2
955034,4/13/2017,PUBLIC CONTACT AND CONSENT TO SEARCH (RIGHT TO KNOW) - UNIT TRAINING AUGUST 2016
955034,2/10/2017,COUNTER TERRORISM INITIAL PATROL RESPONSE TO AN ACTIVE SHOOTER
955034,2/3/2017,HIGHWAY PRELIMINARY BREATH TEST INSTRUMENT TRAINING - PBT
955034,2/3/2017,PBT CALIBRATION TRAINING
955034,12/15/2016,HATE CRIMES AND BIAS-RELATED INCIDENTS
955034,9/16/2016,INVESTIGATIVE ENCOUNTERS-VIDEO #4 DOCUMENTATION AND SUPERVISION-UNIT TRAINING JULY 2016
955034,7/7/2016,INVESTIGATIVE ENCOUNTERS-VIDEO #4 DOCUMENTATION AND SUPERVISION-UNIT TRAINING JULY 2016
955034,6/16/2016,INVESTIGATIVE ENCOUNTERS-VIDEO #3 TERRY STOPS AND REASONABLE SUSPICION-UNIT TRAINING JUNE 2016
955034,6/9/2016,FORCE POLICY REVISION-VIDEO-PG 221-UNIT TRAINING MAY 2016
955034,5/3/2016,INVESTIGATIVE ENCOUNTERS-VIDEO #2 COMMON LAW RIGHT OF INQUIRY-UNIT TRAINING MAY 2016
955034,4/15/2016,2016-17 INSERVICE CYCLE-PHYSICAL TACTICS
955034,3/9/2016,BTK (BELT TRAUMA KIT DISTRIBUTION AND FAMILIARIZATION)
955034,2/8/2016,INVESTIGATIVE ENCOUNTERS-VIDEO #1 REQUEST FOR INFO-UNIT TRAINING FEB 2016
955034,12/29/2015,FORCE POLICY REVISION-PAMPHLET - PG 221 - UNIT TRAINING DECEMBER 2015
955034,11/9/2015,EMERGENCY VEHICLE OPERATION JULY 07 - PRESENT
955034,11/9/2015,FIELD TRAINING PROGRAM JULY 07 - PRESENT
955034,11/9/2015,PHYSICAL EDUCATION PART 1: FOUNDATIONS OF PHYSICAL FITNESS
955034,11/9/2015,PHYSICAL EDUCATION PART 2: DEFENSIVE TACTICS JULY 07 - PRESENT
955034,11/9/2015,PHYSICAL EDUCATION PART 3: AMERICAN HEART ASSOCIATION BASIC LIFE SUPPORT
955034,11/9/2015,POLICE CRISIS INTERVENTION JULY 07 - PRESENT
955034,11/9/2015,POLICE FIELD PROBLEMS JULY 07 - PRESENT
955034,11/9/2015,POLICE INVESTIGATION AND REPORTING JULY 07 - PRESENT
955034,11/9/2015,POLICING A DEMOCRACY JULY 07 - PRESENT
955034,11/9/2015,POLICING SPECIAL POPULATIONS JULY 07 - PRESENT
955034,11/9/2015,PROCEDURAL LAW JULY 07 - PRESENT
955034,11/9/2015,SUBSTANTIVE LAW JULY 07 - PRESENT
955034,11/9/2015,TERRORISM AWARENESS AND RESPONSE JULY 07 - PRESENT
955034,9/2/2015,WINDOWS PHONE TRAINING AND DISTRIBUTION
955034,6/30/2015,20K TRAINING INITIATIVE - PHYSICAL TACTICS
955034,6/25/2015,20K TRAINING INITIATIVE - FOUNDATIONS OF POLICING
955034,6/23/2015,20K TRAINING INITIATIVE - SMART POLICING
955034,1/6/2014,POLICE ACADEMY RECRUIT CIMS WRITTEN EXAM
955034,1/6/2014,POLICE ACADEMY RECRUIT IMMERSION WRITTEN EXAM
955034,1/2/2014,POLICE ACADEMY RECRUIT NIMS 700 WRITTEN EXAM
955034,12/11/2013,PTTD DEFENSIVE TACTICS REVIEW WRITTEN EXAM
955034,12/9/2013,POLICE ACADEMY RECRUIT 3RD TRIMESTER EXAM
955034,11/29/2013,RECRUIT TACTICS FIREARMS QUALIFICATION
955034,11/29/2013,SPECIAL WEAPON FAMILIARIZATION CERTIFIED
955034,11/26/2013,POLICE ACADEMY RECRUIT NCIC WRITTEN EXAM
955034,11/26/2013,POLICE ACADEMY RECRUIT STOP QUESTION & FRISK WRITTEN EXAM
955034,11/21/2013,DISORDER CONTROL TRAINING
955034,11/20/2013,RECRUIT TACTICAL FIREARMS QUALIFICATION AND TRAINING
955034,11/19/2013,COBRA - COHORT TRAINING
955034,11/18/2013,COBRA - COHORT TRAINING
955034,11/14/2013,PROPERTY EVIDENCE TRACKING SYSTEM
955034,11/11/2013,POLICE ACADEMY RECRUIT CIMS WRITTEN EXAM
955034,11/1/2013,OFF DUTY PISTOL CERTIFIED
955034,11/1/2013,POLICE ACADEMY RECRUIT 2ND TRIMESTER EXAM
955034,11/1/2013,RECRUIT TACTICAL FIREARMS QUALIFICATION AND TRAINING OFF DUTY PISTOL CERTIFIED
955034,10/24/2013,PTTD WEAPONS DEFENSE
955034,10/11/2013,RECRUIT BASIC FIREARMS QUALIFICATION AND TRAINING
955034,9/30/2013,GROUND TACTICS
955034,9/25/2013,LIVESCAN FINGERPRINT SYSTEM TRAINING
955034,9/24/2013,RECRUIT TRAINING COMPUTER COURSE
955034,9/23/2013,POLICE ACADEMY RECRUIT JUSTIFICATION WRITTEN EXAM
955034,9/16/2013,JOB STANDARDS TEST ATTEMPT #2
955034,9/11/2013,BATON
955034,9/9/2013,POLICE ACADEMY RECRUIT 1ST TRIMESTER EXAM
955034,9/5/2013,"PTTD CARDIO ENDURANCE TEST, 1ST ATTEMPT"
955034,8/30/2013,POLICE ACADEMY RECRUIT 1ST TRIMESTER PRACTICE WRITTEN EXAM
955034,8/26/2013,FRISKING AND HANDCUFFING
955034,8/23/2013,POLICE ACADEMY RECRUIT STOP QUESTION & FRISK WRITTEN EXAM
955034,8/15/2013,RECRUIT RMP QUALIFICATION / RMP OPERATOR QUALIFIED
955034,7/29/2013,PTTD RECRUIT RUN DROPOUTS
955034,7/16/2013,POLICE ACADEMY RECRUIT PREREADING EXAM
940350,6/16/2025,2025 BWC PROFICIENCY TRAINING
940350,6/16/2025,2025 EQUAL EMPLOYMENT OPPORTUNITY TRAINING - SEXUAL HARASSMENT AWARENESS AND PREVENTION
940350,6/16/2025,EAU 2025 POLICE COMMISSIONER JESSICA S. TISCH
940350,6/16/2025,SQF REVIEW AND DOCUMENTATION: SQF MODULE 10
940350,5/14/2025,CAPTAINS DEVELOPMENT COURSE
940350,5/7/2025,LGBTQIA PLUS WORKSHOP FOR SUPERVISORS
940350,4/28/2025,EQUAL EMPLOYMENT OPPORTUNITY TRAINING FOR UNIFORM SUPERVISORS
940350,4/27/2025,CLT-DOMESTIC VIOLENCE TRAINING
940350,4/23/2025,CLT-DOMESTIC VIOLENCE TRAINING
940350,4/18/2025,CLT-TACTICAL AWARENESS AND OFFICER SAFETY
940350,4/3/2025,CLT-DOMESTIC VIOLENCE TRAINING
940350,3/19/2025,CLT-DOCUMENTATION AND FORMS
940350,3/19/2025,CLT-DOMESTIC VIOLENCE TRAINING
940350,3/19/2025,CLT-ENFORCEMENT ACTIONS
940350,3/19/2025,CLT-PROCEDURAL OPERATIONS
940350,2/7/2025,RIGHT TO KNOW ACT SQF MODULE 9
940350,2/6/2025,CLT-DOMESTIC VIOLENCE TRAINING
940350,2/3/2025,CLT-DOMESTIC VIOLENCE TRAINING
940350,1/22/2025,VEHICLE PURSUITS
940350,1/15/2025,2025 IDENTIFYING THE IMPAIRED DRIVER REFRESHER
940350,1/15/2025,ACTIVE SHOOTER - SCHOOL RESPONSE PROTOCOL
940350,1/15/2025,KEVIN AND AVONTE SAFE HOME PROGRAM
940350,12/27/2024,CLT-TACTICAL AWARENESS AND OFFICER SAFETY
940350,12/24/2024,CELL BLOCK FIRESHIELD EV BLANKETS
940350,12/24/2024,INFORMATION SECURITY AWARENESS TRAINING 2024
940350,12/24/2024,MULTI-FACTOR AUTHENTICATION MFA TRAINING
940350,12/24/2024,NOTIFICATION OF ALLEGATIONS AND EMPLOYEE RIGHTS
940350,12/7/2024,CLT-PROCEDURAL OPERATIONS
940350,12/3/2024,CLT-DOMESTIC VIOLENCE TRAINING
940350,11/26/2024,BEHAVIORAL HEALTH EMERGENCY ASSISTANCE RESPONSE DIVISION B-HEARD
940350,11/15/2024,DRIVING WHILE INTOXICATED AWARENESS VIDEO MODULE 1
940350,11/15/2024,LEAVING THE SCENE COLLISIONS INVESTIGATIVE BEST PRACTICES
940350,11/10/2024,FAMILY BUILDING
940350,10/18/2024,CLT-DOMESTIC VIOLENCE TRAINING
940350,10/3/2024,CLT-DOMESTIC VIOLENCE TRAINING
940350,10/2/2024,CLT-DOMESTIC VIOLENCE TRAINING
940350,9/26/2024,CLT-PROCEDURAL OPERATIONS
940350,9/26/2024,NORTHWELL DIRECT FINEST CARE PROGRAM FOR UMOS
940350,9/21/2024,CLT-DOMESTIC VIOLENCE TRAINING
940350,9/20/2024,CLT-PROCEDURAL OPERATIONS
940350,9/12/2024,CLT-PROCEDURAL OPERATIONS
940350,9/3/2024,CLT-DOMESTIC VIOLENCE TRAINING
940350,8/27/2024,RACIAL PROFILING AND BIASED BASED POLICING: SQF MODULE 8
940350,8/27/2024,RAPE IS RAPE
940350,8/20/2024,UNMANNED AIRCRAFT SYSTEMS VISUAL OBSERVER
940350,8/9/2024,CLT-DOMESTIC VIOLENCE TRAINING
940350,7/31/2024,APX NEXT PORTABLE AND RADIO DISCIPLINE TRAINING VIDEO
940350,7/31/2024,MENTAL HEALTH INVOLUNTARY REMOVALS MHL 9.41 AND MHL 9.58
940350,7/17/2024,CLT-DOCUMENTATION AND FORMS
940350,7/17/2024,CLT-DOMESTIC VIOLENCE TRAINING
940350,6/26/2024,LEVEL 1 AND LEVEL 2 INVESTIGATIVE ENCOUNTERS
940350,5/30/2024,TACTICS WHEN ENGAGING INDIVIDUALS IN A MENTAL HEALTH CRISIS
940350,5/24/2024,ACCURATE COMPLAINT REPORT CLASSIFICATION
940350,5/24/2024,ASSISTING SURVIVORS OF SEXUAL BASED VIOLENCE WITH ACCESS TO RESOURCES
940350,5/24/2024,CLT-DOMESTIC VIOLENCE TRAINING
940350,5/24/2024,DRIVE SMART 2024
940350,5/22/2024,CLT-BWC POLICY UPDATES
940350,5/1/2024,2024 EQUAL EMPLOYMENT OPPORTUNITY TRAINING - SEXUAL HARASSMENT AWARENESS AND PREVENTION
940350,5/1/2024,HOUSING BUREAU INTERIOR PATROL TACTICS
940350,4/18/2024,CLT-DOMESTIC VIOLENCE TRAINING
940350,4/16/2024,CLT-DOMESTIC VIOLENCE TRAINING
940350,4/7/2024,POLICING THE SUBWAY 2024
940350,3/20/2024,CLT - OATH VS. CRIMINAL COURT SUMMONS ROLL CALL TRAINING
940350,3/15/2024,2024 VEHICLE SEIZURE FORM REFRESHER
940350,3/13/2024,EMPLOYEE ASSISTANCE UNIT (E.A.U.) IS HERE FOR YOU- 2024
940350,3/13/2024,NYCHA INTERIOR PATROL: SQF MODULE 7
940350,3/8/2024,CLT-DOMESTIC VIOLENCE TRAINING
940350,1/26/2024,COLLABORATIVE POLICING- HUMAN TRAFFICKING
940350,1/26/2024,HEALTH AND WELLNESS SECTION - FINANCIAL LITERACY SERIES - MODULE 2 - YOUR INCOME AND EXPENSES
940350,1/26/2024,HEALTH AND WELLNESS SECTION - FINANCIAL LITERACY SERIES - MODULE 3 - YOUR SPENDING AND SAVINGS PLAN
940350,1/26/2024,HEALTH AND WELLNESS SECTION - MYPLATE APP TUTORIAL
940350,1/26/2024,LOCATING APPLE DEVICES USING YOUR DEPARTMENT SMARTPHONE
940350,1/26/2024,POLICE COMMISSIONER MESSAGE- NYC GIVES
940350,1/26/2024,VERTEX 949 RADIO OPERATIONAL INSTRUCTIONS
940350,1/24/2024,AUTISM SPECTRUM DISORDER
940350,1/18/2024,VIPER CCTV TRAINING COURSE
940350,1/16/2024,SRG - RAPID MOBILIZATION (PATROL) LEVEL 4
940350,1/10/2024,CLT-PROCEDURAL OPERATIONS
940350,1/9/2024,SRG - RAPID MOBILIZATION (PATROL) LEVEL 4
940350,1/6/2024,SRG - RAPID MOBILIZATION (PATROL) LEVEL 4
940350,12/27/2023,LGBTQIA PLUS - DIVERSITY AND INCLUSION
940350,12/27/2023,"POSSESSION OR INGESTION OF ANABOLIC STEROIDS, HUMAN GROWTH HORMONE, AND NUTRITIONAL SUPPLEMENTS"
940350,12/20/2023,INVESTIGATIVE ENCOUNTERS SUMMARY: SQF MODULE 6
940350,12/20/2023,OPIOID DANGERS- FENTANYL AND CARFENTANIL
940350,12/14/2023,AUGMENTED REALITY FEATURE
940350,12/7/2023,ILERSBA - INITIAL LAW ENFORCMENT RESPONSE TO SUICIDE BOMBING ATTACKS
940350,12/6/2023,SRG - RAPID MOBILIZATION (PATROL) LEVEL 4
940350,12/1/2023,SRG - RAPID MOBILIZATION (PATROL) LEVEL 4
940350,11/30/2023,SRG - RAPID MOBILIZATION (PATROL) LEVEL 4
940350,11/23/2023,SRG - RAPID MOBILIZATION (PATROL) LEVEL 4
940350,11/21/2023,SRG - RAPID MOBILIZATION (PATROL) LEVEL 4
940350,11/19/2023,SRG - RAPID MOBILIZATION (PATROL) LEVEL 4
940350,11/14/2023,SRG - RAPID MOBILIZATION (PATROL) LEVEL 4
940350,11/12/2023,SRG - RAPID MOBILIZATION (PATROL) LEVEL 4
940350,11/9/2023,SRG - RAPID MOBILIZATION (PATROL) LEVEL 4
940350,11/2/2023,SRG - RAPID MOBILIZATION (PATROL) LEVEL 4
940350,10/31/2023,SRG - RAPID MOBILIZATION (PATROL) LEVEL 4
940350,10/26/2023,INVESTIGATIVE ENCOUNTERS 2023: MODULE 5 SQF LEVELS 3 AND 4
940350,10/26/2023,NYPD RECRUITMENT TRAINING VIDEO
940350,10/5/2023,EFFECTIVE COMMUNICATION SKILLS - DEAF OR HARD OF HEARING
940350,10/5/2023,INFORMATION SECURITY AWARENESS TRAINING - 2023
940350,10/5/2023,VEHICLE MOUNTED VIDEO SYSTEM
940350,9/20/2023,FTS - ANNUAL CEW RECERTIFICATION
940350,8/28/2023,NYPD JOUVERT AND WEST INDIAN DAY-2023
940350,8/8/2023,2023 SUMMER ALL-OUT BODY WORN CAMERA TRAINING
940350,8/8/2023,TRAFFIC COURT TESTIMONY VIDEO
940350,8/8/2023,UNMANNED AIRCRAFT PERMIT: DRONES FOR PUBLIC USE
940350,6/2/2023,"INVESTIGATIVE ENCOUNTERS 2023: MODULE 4 SQF LEVELS 2, 3 AND 4"
940350,5/20/2023,CLT-PARK SMART ROLLCALL PRESENTATION
940350,5/19/2023,"HME - HOMEMADE EXPLOSIVES: AWARENESS, RECOGNITION, AND RESPONSE"
940350,5/17/2023,DRONE ASSESSMENT AND RESPONSE TACTICS (AWR-404)
940350,5/4/2023,2023 EQUAL EMPLOYMENT OPPORTUNITY TRAINING-SEXUAL HARASSMENT AWARENESS AND PREVENTION
940350,5/3/2023,CLT-PARK SMART ROLLCALL PRESENTATION
940350,4/28/2023,CLT-PARK SMART ROLLCALL PRESENTATION
940350,4/21/2023,2023 LANGUAGE MATTERS - FOSTERING A POSITIVE WORK ENVIRONMENT
940350,3/30/2023,ESPER POLICY LIBRARY
940350,3/30/2023,INVESTIGATIVE ENCOUNTERS 2023: MODULE 2 SQF LEVEL 1
940350,3/30/2023,INVESTIGATIVE ENCOUNTERS 2023: MODULE 3 SQF LEVEL 2
940350,3/8/2023,CLT-PROCEDURAL OPERATIONS
940350,2/22/2023,ELDER ABUSE -2023 REFRESHER
940350,2/22/2023,INFORMATION SECURITY CRIMINAL JUSTICE TRAINING 2023
940350,2/2/2023,CLT-DOCUMENTATION AND FORMS
940350,1/25/2023,NYPD-U VOLUNTARY - INVOLUNTARY TRANSPORTS
940350,1/25/2023,RAISING THE LOWER AGE OF JUVENILE DELINQUENCY
940350,1/4/2023,CLT-DOCUMENTATION AND FORMS
940350,1/3/2023,CLT-VOLUNTARY - INVOLUNTARY TRANSPORTS
940350,12/16/2022,INVESTIGATIVE ENCOUNTERS 2023 - MODULE 1 INTRODUCTION TO SQF
940350,12/15/2022,1-DAY LAW ENFORCEMENT ACTIVE SHOOTER EMERGENCY RESPONSE (PER-375-C)
940350,12/7/2022,FACILITIES MANAGEMENT DIVISION - MUNICIPAL SEPERATE STORM SEWER SYSTEM (MS4)
940350,11/23/2022,CLT-DOCUMENTATION AND FORMS
940350,11/23/2022,LGBTQIA PLUS AWARENESS
940350,11/23/2022,VIDEO 1 - PATROLLING THE NYC SUBWAY SYSTEM 2022
940350,11/23/2022,VIDEO 2 -TACTICAL CONSIDERATIONS FOR TRANSIT PATROL 2022 (PART 1)
940350,11/23/2022,VIDEO 3 - TACTICAL CONSIDERATIONS FOR TRANSIT PATROL 2022 (PART 2)
940350,11/23/2022,VIDEO 4 - PLATFORM SAFETY 2022
940350,10/20/2022,COUNTER TERRORISM INITIAL PATROL RESPONSE TO AN ACTIVE SHOOTER
940350,10/16/2022,BELT-WORN TRAUMA KIT REFRESHER TRAINING VIDEO-2022
940350,10/16/2022,PROCESSING CIVILIAN COMPLAINTS
940350,9/27/2022,THE EMPLOYEE ASSISTANCE UNIT (EAU) IS HERE FOR YOU
940350,8/31/2022,NYPD JOUVERT  WEST INDIAN DAY
940350,8/28/2022,CLT-DOCUMENTATION AND FORMS
940350,8/28/2022,CLT-NIBRS ROLL CALL TRAINING
940350,8/28/2022,CLT-TACTICAL AWARENESS AND OFFICER SAFETY
940350,8/2/2022,CLT-ENFORCEMENT ACTIONS
940350,7/22/2022,2022 EQUAL EMPLOYMENT OPPORTUNITY TRAINING-SEXUAL HARASSMENT AWARENESS AND PREVENTION
940350,7/22/2022,CAR STOP TACTICS FOR PATROL OFFICERS - MODULE 3: THE UNKNOWN RISK STOP
940350,7/22/2022,CAR STOP TACTICS FOR PATROL OFFICERS - MODULE 4: THE HIGH-RISK STOP
940350,7/22/2022,CONVICTED OFFENDER DNA DATABANK SPECIMEN COLLECTION KIT
940350,7/21/2022,BEST PRACTICES IN STRUCTURED INTERVIEWING
940350,7/21/2022,CAR STOP TACTICS FOR PATROL OFFICERS - MODULE 1: CONTROLLING THE STOP
940350,7/21/2022,CAR STOP TACTICS FOR PATROL OFFICERS - MODULE 2: PROHIBITED MANEUVERS
940350,7/21/2022,"INTEGRATING COMMUNICATION, ASSESSMENT AND TACTICS (ICAT) MODULE 6"
940350,7/21/2022,"INTEGRATING COMMUNICATION, ASSESSMENT, AND TACTICS (ICAT) MODULE 7"
940350,7/21/2022,VEHICLE SEIZURE FORM
940350,6/2/2022,NATIONAL INCIDENT-BASED REPORTING SYSTEM (NIBRS) UPDATES TO THE OMNIFORM COMPLAINT SYSTEMV
940350,5/27/2022,FTS - ANNUAL CEW RECERTIFICATION
940350,5/25/2022,PROHIBITED METHODS OF RESTRAINT
940350,4/27/2022,ACTIVE BYSTANDERSHIP FOR LAW ENFORCEMENT (ABLE): ONE DAY COURSE
940350,4/25/2022,CLT-SEARCHING PRISONERS MODULE 1
940350,4/21/2022,CLT-SEARCHING PRISONERS MODULE 1
940350,4/13/2022,CLT-DOCUMENTATION AND FORMS
940350,4/13/2022,CLT-TACTICAL AWARENESS AND OFFICER SAFETY
940350,4/8/2022,"INTEGRATING COMMUNICATION, ASSESSMENT AND TACTICS (ICAT) MODULE 5"
940350,4/6/2022,CLT-BWC POLICY UPDATES
940350,3/31/2022,CLT-PROCEDURAL OPERATIONS
940350,3/24/2022,CLT-TACTICAL AWARENESS AND OFFICER SAFETY
940350,3/18/2022,CLT-PROCEDURAL OPERATIONS
940350,3/17/2022,CLT-PROCEDURAL OPERATIONS
940350,3/12/2022,CLT-ENFORCEMENT ACTIONS
940350,3/10/2022,CLT-TACTICAL AWARENESS AND OFFICER SAFETY
940350,3/4/2022,CHILD SENSITIVE ARREST POLICY GUIDELINES AND PROCEDURES
940350,3/4/2022,"INTEGRATING COMMUNICATION, ASSESSMENT AND TACTICS (ICAT) MODULE 4"
940350,3/3/2022,CHILD SENSITIVE ARREST POLICY GUIDELINES AND PROCEDURES
940350,2/19/2022,CLT-BWC POLICY UPDATES
940350,2/10/2022,CLT-DOCUMENTATION AND FORMS
940350,2/3/2022,ILLEGAL EVICTIONS
940350,2/1/2022,CONTERTERRORISM BUREAU SITE PROTECTION THROUGH OBSERVATIONAL TECHNIQUES
940350,1/25/2022,ADVANCED EXPLOSIVE TRACE DETECTION COURSE
940350,1/14/2022,"INTEGRATING COMMUNICATION, ASSESSMENT AND TACTICS (ICAT) MODULE 2"
940350,1/14/2022,"INTEGRATING COMMUNICATION, ASSESSMENT AND TACTICS (ICAT) MODULE 3"
940350,1/13/2022,BODY-WORN CAMERA REVIEW PART TWO
940350,1/12/2022,ARRESTS - RELIGIOUS HEAD COVERING GUIDELINES (PG 208-83)
940350,1/12/2022,CLT-BWC POLICY UPDATES
940350,1/12/2022,CLT-EPERMIT SYSTEM
940350,1/12/2022,IDENTIFYING THE IMPAIRED DRIVER
940350,1/12/2022,LOCAL LAW 45 OF 2021-TRAFFIC ENCOUNTERS
940350,1/4/2022,CLT-EJUSTICE ORDER OF PROTECTION SEARCH
940350,12/22/2021,CLT-PROCEDURAL OPERATIONS
940350,12/14/2021,CLT-PROCEDURAL OPERATIONS
940350,12/8/2021,CLT-PROCEDURAL OPERATIONS
940350,11/11/2021,"INTEGRATING COMMUNICATION, ASSESSMENT AND TACTICS (ICAT) MODULE 1"
940350,11/3/2021,FTS - ANNUAL CEW RECERTIFICATION
940350,10/20/2021,PERSONNEL BUREAU - CAD - F.I.T. POINT PROGRAM - CARDIOVASCULAR ENDURANCE RUN - PART 1
940350,9/30/2021,COUNTER TERRORISM LAW ENFORCEMENT PREVENTION AND DETERRENCE OF TERRORIST ATTACKS
940350,9/23/2021,BODY-WORN CAMERA REVIEW PART ONE
940350,9/23/2021,INVESTIGATIVE ENCOUNTERS-VIDEO #1 REQUEST FOR INFO-UNIT TRAINING FEB 2016
940350,9/23/2021,INVESTIGATIVE ENCOUNTERS-VIDEO #3 TERRY STOPS AND REASONABLE SUSPICION-UNIT TRAINING JUNE 2016
940350,9/23/2021,INVESTIGATIVE ENCOUNTERS-VIDEO #4 DOCUMENTATION AND SUPERVISION-UNIT TRAINING JULY 2016
940350,9/23/2021,OPIOID OVERDOSE RECOGNITION AND NARCAN ADMINISTRATION -2021
940350,9/15/2021,INFORMATION SECURITY AWARENESS TRAINING 2021
940350,9/14/2021,MAYOR EXECUTIVE ORDER 78 VACCINATION - TESTING COMPLIANCE POLICY
940350,9/9/2021,INVESTIGATIVE ENCOUNTERS-VIDEO #2 COMMON LAW RIGHT OF INQUIRY-UNIT TRAINING MAY 2016
940350,9/9/2021,OVERVIEW OF THE NEW DISCOVERY LAWS 2021 REFRESHER
940350,8/29/2021,CLT-LEGAL ISSUES
940350,8/26/2021,CLT-ENFORCEMENT ACTIONS
940350,8/25/2021,CLT-ENFORCEMENT ACTIONS
940350,8/16/2021,AWARENESS AND RESPONSE TO BIOLOGICAL INCIDENTS
940350,8/5/2021,EQUAL EMPLOYMENT OPPORTUNITY TRAINING - SEXUAL HARASSMENT AWARENESS AND PREVENTION 2021
940350,7/27/2021,CLT-PROCEDURAL OPERATIONS
940350,7/15/2021,CLT-COUNTERTERRORISM AND INTELLIGENCE
940350,7/15/2021,CLT-PROCEDURAL OPERATIONS
940350,7/14/2021,CLT-DOCUMENTATION AND FORMS
940350,7/2/2021,CLT-ENFORCEMENT ACTIONS
940350,7/2/2021,"CLT-UNIFORMS, PERSONAL APPEARANCE AND EQUIPMENT"
940350,6/24/2021,CLT-ENFORCEMENT ACTIONS
940350,6/10/2021,CLT-OCCUPATIONAL-WORKPLACE SAFETY AND HEALTH
940350,6/2/2021,CHILD SENSITIVE ARREST POLICY GUIDELINES AND PROCEDURES
940350,6/1/2021,CHILD SENSITIVE ARREST POLICY GUIDELINES AND PROCEDURES
940350,5/31/2021,CLT-ENFORCEMENT ACTIONS
940350,5/15/2021,NYC 311 DYNAMICS SYSTEM
940350,5/14/2021,EMPLOYEE ASSISTANCE UNIT-2021
940350,5/14/2021,EQUAL EMPLOYMENT OPPORTUNITY TRAINING - LGBTQIA+ DIVERSITY AND INCLUSION / EXECUTIVE ORDER 16 OF 201
940350,5/14/2021,PATROL GUIDE 215-17 POLICE ACTIONS RELATED QUESTIONING ARRESTS AND INVESTIGATIONS AT A NYC DEPARTMEN
940350,5/12/2021,CLT-DOCUMENTATION AND FORMS
940350,5/3/2021,CLT-OCCUPATIONAL-WORKPLACE SAFETY AND HEALTH
940350,4/28/2021,CLT-TACTICAL AWARENESS AND OFFICER SAFETY
940350,4/25/2021,CLT-PROCEDURAL OPERATIONS
940350,4/19/2021,CLT-PROCEDURAL OPERATIONS
940350,4/14/2021,CLT-PROCEDURAL OPERATIONS
940350,4/13/2021,CLT-PROCEDURAL OPERATIONS
940350,3/14/2021,CLT-PROCEDURAL OPERATIONS
940350,3/7/2021,CLT-ENFORCEMENT ACTIONS
940350,3/4/2021,DESK APPEARANCE TICKETS: THE NEW LAW AND THE NEW GUIDELINES FOR PROCESSING DAT'S - 2021 REFRESHER
940350,2/23/2021,CLT-OCCUPATIONAL-WORKPLACE SAFETY AND HEALTH
940350,2/16/2021,"CUSTOMER SERVICE PROGRAM:  ROLL CALL MODULE 2, COMMUNICATION SKILLS"
940350,2/6/2021,"CUSTOMER SERVICE PROGRAM:  ROLL CALL MODULE 1, INTRODUCTION TO PRECINCT GREETER PROGRAM"
940350,1/31/2021,CLT-ENFORCEMENT ACTIONS
940350,1/27/2021,CLT-OCCUPATIONAL-WORKPLACE SAFETY AND HEALTH
940350,1/22/2021,COVID VACCINE DISTRIBUTION AND EDUCATION
940350,1/20/2021,CLT-ENFORCEMENT ACTIONS
940350,1/20/2021,CUSTOMER SERVICE PROGRAM: HOW DID WE DO
940350,1/18/2021,CLT-DOCUMENTATION AND FORMS
940350,1/17/2021,CLT-ENFORCEMENT ACTIONS
940350,1/11/2021,CLT-TACTICAL AWARENESS AND OFFICER SAFETY
940350,1/8/2021,CLT-PROCEDURAL OPERATIONS
940350,1/4/2021,CLT-ENFORCEMENT ACTIONS
940350,12/30/2020,CLT-ENFORCEMENT ACTIONS
940350,12/21/2020,CLT-COMMUNITY ENGAGEMENT
940350,12/21/2020,EQUAL EMPLOYMENT OPPORTUNITY TRAINING - LEAVE TO EXPRESS BREAST MILK
940350,12/12/2020,CLT-INVESTIGATIONS
940350,12/12/2020,CLT-PROCEDURAL OPERATIONS
940350,12/11/2020,CLT-DOCUMENTATION AND FORMS
940350,11/14/2020,CLT-DOCUMENTATION AND FORMS
940350,11/7/2020,CLT-DOCUMENTATION AND FORMS
940350,10/10/2020,CLT-ENFORCEMENT ACTIONS
940350,10/8/2020,CLT-TACTICAL AWARENESS AND OFFICER SAFETY
940350,10/6/2020,2019-2020 IN-SERVICE CYCLE - TEAM TACTICS REFRESHER
940350,10/4/2020,COUNTERTERRORISM BUREAU ACTIVE SHOOTER SCHOOL INCIDENTS AWARENESS
940350,10/4/2020,COUNTERTERRORISM BUREAU NH15 TRAINING
940350,9/30/2020,"CLT-INTEGRITY, ETHICS AND DISCIPLINE"
940350,9/25/2020,"CLT-UNIFORMS, PERSONAL APPEARANCE AND EQUIPMENT"
940350,9/9/2020,CLT-ENFORCEMENT ACTIONS
940350,9/3/2020,FTS - ANNUAL CEW RECERTIFICATION
940350,8/28/2020,PERSONNEL BUREAU - CAD - F.I.T. POINT PROGRAM - CARDIOVASCULAR ENDURANCE RUN - PART 1
940350,8/28/2020,PERSONNEL BUREAU - CAD - F.I.T. POINT PROGRAM - JOB STANDARD TEST - PART 2
940350,8/6/2020,PERSONNEL BUREAU - CAD - F.I.T. POINT PROGRAM - CARDIOVASCULAR ENDURANCE RUN - PART 1
940350,7/8/2020,VICTIM BLAMING AND RELEASE OF INFORMATION TO THE MEDIA
940350,7/1/2020,EQUAL EMPLOYMENT OPPORTUNITY POLICY TRAINING
940350,7/1/2020,"EQUAL EMPLOYMENT OPPORTUNITY TRAINING - SEXUAL HARASSMENT, AWARENESS AND PREVENTION"
940350,7/1/2020,NEW LAWS AFFECTING POLICE OFFICERS’ CRIMINAL AND CIVIL LIABILITY
940350,6/30/2020,2019-20 IN-SERVICE CYCLE - CRITICAL INCIDENT TACTICS AND DEVELOPING EFFECTIVE LEADERSHIP SKILLS
940350,6/24/2020,INVESTIGATIVE ENCOUNTERS - STOP REPORT REFRESHER TRAINING
940350,6/18/2020,HEALTH AND WELLNESS SECTION - MODULE 12 - IN THAT DARK PLACE - AN OFFICER'S JOURNEY
940350,6/9/2020,CLT-OCCUPATIONAL-WORKPLACE SAFETY AND HEALTH
940350,6/3/2020,COVID-19: PREPAREDNESS YOUR FAMILY AND HOME
940350,6/3/2020,HEALTH AND WELLNESS SECTION - MODULE 1 - PSYCHOLOGICAL HEALTH AND WELLNESS
940350,6/3/2020,HEALTH AND WELLNESS SECTION - MODULE 10 - SEEKING AND RECEIVING MENTAL HEALTH SUPPORT
940350,6/3/2020,HEALTH AND WELLNESS SECTION - MODULE 11 - HEALTH AND RESILIENCY
940350,6/3/2020,HEALTH AND WELLNESS SECTION - MODULE 2 - JOB COUNSELING AND STRESS
940350,6/3/2020,HEALTH AND WELLNESS SECTION - MODULE 3 - WARNING SIGNS
940350,6/3/2020,HEALTH AND WELLNESS SECTION - MODULE 4 - CUMULATIVE TRAUMA
940350,6/3/2020,HEALTH AND WELLNESS SECTION - MODULE 5 - GAINING PERSPECTIVE
940350,6/3/2020,HEALTH AND WELLNESS SECTION - MODULE 6 - COPING WITH SIGNS OF ANXIETY DEPRESSION
940350,6/3/2020,HEALTH AND WELLNESS SECTION - MODULE 7 - LEADING WITH COMPASSION
940350,6/3/2020,"HEALTH AND WELLNESS SECTION - MODULE 8 - WARNING SIGNS, SUPPORT AND OUTREACH"
940350,6/3/2020,HEALTH AND WELLNESS SECTION - MODULE 9 - MANAGING STRESS ON THE JOB
940350,5/28/2020,CLT-DOCUMENTATION AND FORMS
940350,5/18/2020,CLT-OCCUPATIONAL-WORKPLACE SAFETY AND HEALTH
940350,5/14/2020,CLT-INFORMATION TECHNOLOGY
940350,5/12/2020,INCREASE OFFICER SAFETY DURING VEHICLE STOPS
940350,5/12/2020,PRISONER ESCAPE WARNING SIGNS
940350,5/12/2020,SAFEGUARDING HOSPITALIZED PRISONERS
940350,5/12/2020,SUCCESSFULLY DISARMING AN EMOTIONALLY DISTURBED PERSON
940350,5/11/2020,"AXON BODY-WORN CAMERA TRAINING - CAMERA OPERATION, AXON VIEW AND EVIDENCE.COM (REQUIRED FOR LE4 COMM"
940350,5/11/2020,COVID-19: PREPAREDENESS
940350,5/11/2020,COVID-19: PROTECTIVE MASKS
940350,5/11/2020,SAFETY CONSIDERATIONS FOR PATROLLING THE NYC SUBWAY SYSTEM -DANGERS OF THE PLATFORM EDGE
940350,3/26/2020,CLT-OCCUPATIONAL-WORKPLACE SAFETY AND HEALTH
940350,2/24/2020,UTILIZING BALLISTIC PROTECTION IN DEPARTMENT VEHICLES (4:09)
940350,2/19/2020,CLT-DOCUMENTATION AND FORMS
940350,2/12/2020,CRIMINAL JUSTICE BUREAU - GIGLIO MATERIAL DISCLOSURES UNDER THE NEW DISCOVERY LAWS
940350,2/8/2020,CLT-ENFORCEMENT ACTIONS
940350,2/8/2020,CLT-INFORMATION TECHNOLOGY
940350,1/23/2020,CLT-INFORMATION TECHNOLOGY
940350,1/23/2020,CROSSFIRE MITIGATION DURING CLOSE COMBAT INCIDENTS - PART 2
940350,1/23/2020,PROCESSING DISCOVERY MATERIAL IN THE FORMS ARREST FOLDER
940350,1/1/2020,CLT-DOCUMENTATION AND FORMS
940350,12/15/2019,ACTIVITY LOG FOR IPHONE
940350,12/15/2019,CJB - DESK APPEARANCE TICKETS: THE NEW LAWS AND GUIDELINES FOR PROCESSING DATS
940350,12/15/2019,CJB - OVERVIEW OF THE NEW DISCOVERY LAWS
940350,12/15/2019,CLT-DOCUMENTATION AND FORMS
940350,12/15/2019,CROSSFIRE MITIGATION DURING CLOSE COMBAT INCIDENTS
940350,12/15/2019,DISCHARGING YOUR FIREARM AT A MOVING THREAT
940350,12/15/2019,RESPONDING TO COMMERCIAL ROBBERIES PART LL - MODULE 1 AND MODULE 2
940350,12/12/2019,CLT-DOCUMENTATION AND FORMS
940350,12/10/2019,CLT-ENFORCEMENT ACTIONS
940350,11/18/2019,FTS - ANNUAL CEW RECERTIFICATION
940350,10/22/2019,CRIMINAL JUSTICE BUREAU - DNA TRAINING VIDEO
940350,10/22/2019,FORCE POLICY UPDATE VIDEO
940350,10/7/2019,CRITICAL DECISION MAKING MODEL
940350,10/7/2019,MARIJUANA POLICY UPDATE
940350,9/12/2019,DOMESTIC VIOLENCE EDUCATION AND COUNSELING
940350,9/12/2019,SHIELD OF RESILIENCE TRAINING COURSE
940350,9/6/2019,SHIELD OF RESILIENCE TRAINING COURSE
940350,8/10/2019,CLT-ENFORCEMENT ACTIONS
940350,8/10/2019,RESPONDING TO COMMERCIAL ROBBERIES
940350,7/27/2019,CLT-ENFORCEMENT ACTIONS
940350,7/5/2019,RESPONDING TO PEOPLE IN CRISIS – MODULE 4: USING DEPARTMENT MOBILE DIGITAL DEVICES
940350,7/5/2019,TRANSIT BUREAU - SAFETY CONSIDERATIONS FOR PATROLLING THE NYC SUBWAY SYSTEM
940350,7/5/2019,TRANSIT BUREAU - SAFETY CONSIDERATIONS FOR PATROLLING THE NYC SUBWAY SYSTEM - PART 2
940350,7/5/2019,TRANSIT BUREAU - TIMELY RESUMPTION OF SERVICE IN NYC TRANSIT
940350,6/20/2019,WORLDPRIDE NYC 2019
940350,6/12/2019,CLT-ENFORCEMENT ACTIONS
940350,6/5/2019,COLLABORATIVE POLICING - MEDIATION REFERRAL PROGRAM FOR NON-CRIMINAL COMPLAINTS
940350,6/5/2019,COLLABORATIVE POLICING - THE DEAF AND HARD OF HEARING COMMUNITY
940350,5/23/2019,CLT-DOCUMENTATION AND FORMS
940350,5/19/2019,CLT-DOCUMENTATION AND FORMS
940350,5/9/2019,RESPONDING TO PEOPLE IN CRISIS - MODULES 2 AND 3: ACTIVE LISTENING PARTS 1 AND 2
940350,5/1/2019,CPS INTERIOR PATROL TRESPASS AFFIDAVIT PROGRAM (TAP) VIDEO 1
940350,5/1/2019,CPS INTERIOR PATROL TRESPASS AFFIDAVIT PROGRAM (TAP) VIDEO 2
940350,5/1/2019,LEGAL BUREAU - PERJURY TRAINING MODULE
940350,5/1/2019,NEW PERFORMANCE EVALUATION PROCESS
940350,5/1/2019,PUBLIC CONTACT AND CONSENT TO SEARCH (RIGHT TO KNOW) - UNIT TRAINING AUGUST 2016
940350,5/1/2019,"SUPPORT SERVICES DIVISION - CLASS ""C"" OPERATOR"
940350,5/1/2019,TACTICAL AWARENESS-SMARTPHONE SAFETY
940350,4/21/2019,CLT-ENFORCEMENT ACTIONS
940350,4/18/2019,CLT-ENFORCEMENT ACTIONS
940350,4/13/2019,COLLABORATIVE POLICING - ELDER ABUSE
940350,4/13/2019,SAFEGUARDING PRISONERS - OFFICER SAFETY GUIDELINES
940350,4/1/2019,CLT-ENFORCEMENT ACTIONS
940350,3/28/2019,CLT-DOCUMENTATION AND FORMS
940350,3/27/2019,EQUAL EMPLOYMENT OPPORTUNITYTRAINING - SEXUAL HARASSMENT AWARENESS AND PREVENTION
940350,3/21/2019,CLT-DOCUMENTATION AND FORMS
940350,3/13/2019,CLT-DOCUMENTATION AND FORMS
940350,3/8/2019,CLT-DOCUMENTATION AND FORMS
940350,3/8/2019,CLT-PROCEDURAL OPERATIONS
940350,3/7/2019,CLT-DOCUMENTATION AND FORMS
940350,2/19/2019,CLT-TACTICAL AWARENESS AND OFFICER SAFETY
940350,2/8/2019,RESPONDING TO PEOPLE IN CRISIS - MODULE 1: SENDING THE RIGHT SIGNALS
940350,1/29/2019,CLT-ENFORCEMENT ACTIONS
940350,1/27/2019,CLT-ENFORCEMENT ACTIONS
940350,1/22/2019,CLT-DOCUMENTATION AND FORMS
940350,1/12/2019,CLT-PROCEDURAL OPERATIONS
940350,12/27/2018,TEXT TO 911 - INTRODUCTION
940350,12/26/2018,PATROL DOOR BAG - ROPE AND WEDGE INTRODUCTION
940350,12/7/2018,MARIJUANA BURNING ENFORCEMENT POLICY
940350,11/29/2018,CLT-PROCEDURAL OPERATIONS
940350,11/27/2018,"CPS INTERIOR PATROL OF HOUSING AUTHORITY BUILDINGS, PG 212-60 ROLL CALL VIDEO 1"
940350,11/27/2018,"CPS INTERIOR PATROL OF HOUSING AUTHORITY BUILDINGS, PG 212-60 ROLL CALL VIDEO 2"
940350,11/15/2018,RAISE THE AGE
940350,11/13/2018,AMERICANS WITH DISABILITIES ACT (ADA)
940350,11/8/2018,RESPONDING TO PEOPLE IN CRISIS-INTRODUCTION TO CIT VIDEO SERIES
940350,10/26/2018,LIEUTENANTS DEVELOPMENT COURSE
940350,10/25/2018,CRISIS INTERVENTION TEAM TRAINING
940350,10/17/2018,EQUAL EMPLOYMENT OPPORTUNITY TRAINING FOR UNIFORM SUPERVISORS
940350,10/15/2018,FTS - CEW END USER CERTIFICATION
940350,10/8/2018,TACTICAL LEADERSHIP
940350,10/5/2018,LIEUTENANT ADVANCED LEADERSHIP COMPUTER COURSE
940350,10/4/2018,NYC RIGHT TO KNOW ACT LEGISLATION - PART 2
940350,10/4/2018,NYC RIGHT TO KNOW ACT LEGISLATION – PART 1
940350,9/19/2018,FTS - ANNUAL CEW RECERTIFICATION
940350,9/5/2018,CLT-ENFORCEMENT ACTIONS
940350,8/30/2018,CLT-ENFORCEMENT ACTIONS
940350,8/30/2018,CLT-LEGAL ISSUES
940350,8/29/2018,CLT-INFORMATION TECHNOLOGY
940350,8/25/2018,DETECTIVE BUREAU RETRIEVING BODY WORN CAMERA DATA
940350,6/28/2018,CLT-TACTICAL AWARENESS AND OFFICER SAFETY
940350,6/21/2018,CLT-PROFESSIONAL DEVELOPMENT
940350,6/8/2018,COMMUNICATIONS- THE PROPER USAGE OF THE IDA RADIO CODES
940350,6/7/2018,CLT-COMMUNITY ENGAGEMENT
940350,5/7/2018,CLT-ENFORCEMENT ACTIONS
940350,5/4/2018,FTS - CEW X26P HOLSTER TRAINING AND DISTRIBUTION
940350,5/1/2018,FTS - CEW X26P HOLSTER TRAINING AND DISTRIBUTION
940350,4/30/2018,COUNTER TERRORISM INITIAL PATROL RESPONSE TO AN ACTIVE SHOOTER
940350,4/9/2018,CLT-OCCUPATIONAL-WORKPLACE SAFETY AND HEALTH
940350,3/27/2018,CLT-TACTICAL AWARENESS AND OFFICER SAFETY
940350,3/26/2018,CPS FAIR AND IMPARTIAL POLICING - ALL POS AND DETS
940350,3/23/2018,LEGAL BUREAU PERFORMANCE METRICS - PROHIBITED CONDUCT
940350,3/15/2018,BTK (BELT TRAUMA KIT DISTRIBUTION AND FAMILIARIZATION)
940350,3/2/2018,CLT-COMMUNITY ENGAGEMENT
940350,2/23/2018,HIGHWAY DRUG IMPAIRED DRIVING COURSE
940350,2/23/2018,HIGHWAY PRELIMINARY BREATH TEST INSTRUMENT TRAINING - PBT
940350,1/12/2018,CPS BODY-WORN CAMERA TRAINING WITH SCENARIOS
940350,12/15/2017,2017-2019 IN-SERVICE CYCLE-INTEGRATED TACTICS
940350,12/11/2017,BELT TRAUMA KIT VIDEO
940350,12/11/2017,COLLABORATIVE POLICING- FOREIGN LANGUAGE CERTIFICATION VIDEO
940350,12/11/2017,COUNTERTERRORISM BUREAU FACILITY AWARENESS VIDEO- NAVY OPERATIONAL SUPPORT CENTER
940350,12/11/2017,COUNTERTERRORISM BUREAU FACILITY AWARENESS VIDEO- TIME WARNER BUILDING
940350,12/11/2017,COUNTERTERRORISM BUREAU FACILITY AWARENESS VIDEO-EMPIRE STATE BUILDING
940350,12/11/2017,COUNTERTERRORISM BUREAU INITIAL PATROL RESPONSE FOR ACTIVE SHOOTER
940350,12/11/2017,COUNTERTERRORISM U.A.S. (UNMANNED AIRCRAFT SYSTEMS) DRONE AWARENESS
940350,12/11/2017,TRAINING MATERIALS- PAWNSHOP AND 2ND HAND DEALER DATABASE
940350,11/9/2017,CABARET/CLUB ENFORCEMENT TRAINING
940350,11/8/2017,2017-2019 IN-SERVICE CYCLE-INVESTIGATIVE ENCOUNTERS-SUPERVISOR TRAINING WITHOUT SCENARIOS
940350,11/1/2017,COUNTERTERRORISM ACTIVE SHOOTER TRAINING
940350,11/1/2017,CRIMINAL JUSTICE REFORM ACT ROLL CALL TRAINING PART 1
940350,11/1/2017,CRIMINAL JUSTICE REFORM ACT ROLL CALL TRAINING PART 2
940350,10/15/2017,NARCAN NASAL SPRAY TRAINING
940350,10/15/2017,TACTICAL AWARENESS- BALLISTIC VEST
940350,10/12/2017,COLLABORATIVE POLICING- ACCESSING TELEPHONIC INTERPRETERS VIA LANGUAGE LINE
940350,10/12/2017,INFORMATION SECURITY AWARENESS TRAINING
940350,10/12/2017,PATROL- POLYCARBONATE SHIELD
940350,10/12/2017,POLICE COMMISSIONERS MESSAGE - VICTIMS OF SEXUAL ASSAULT VIDEO
940350,10/11/2017,PERSONNEL BUREAU NYPD EMPLOYEE ASSISTANCE UNIT (EAU)
940350,10/9/2017,FTS - ANNUAL CEW RECERTIFICATION
940350,9/12/2017,PATROL- POLYCARBONATE SHIELD
940350,6/14/2017,CPS INTERIOR PATROL TRESPASS AFFIDAVIT PROGRAM (TAP) VIDEO 2
940350,6/13/2017,"CPS INTERIOR PATROL OF HOUSING AUTHORITY BUILDINGS, PG 212-60 ROLL CALL VIDEO 1"
940350,6/13/2017,"CPS INTERIOR PATROL OF HOUSING AUTHORITY BUILDINGS, PG 212-60 ROLL CALL VIDEO 2"
940350,6/13/2017,CPS INTERIOR PATROL TRESPASS AFFIDAVIT PROGRAM (TAP) VIDEO 1
940350,5/14/2017,CRIMINAL JUSTICE REFORM ACT ROLL CALL TRAINING PART 1
940350,5/14/2017,CRIMINAL JUSTICE REFORM ACT ROLL CALL TRAINING PART 2
940350,2/9/2017,EQUAL EMPLOYMENT OPPORTUNITY TRANSGENDER DIVERSITY AND INCLUSION:EXECUTIVE ORDER 16
940350,1/26/2017,HIGHWAY PRELIMINARY BREATH TEST INSTRUMENT TRAINING - PBT
940350,12/24/2016,HATE CRIMES AND BIAS-RELATED INCIDENTS
940350,12/23/2016,HATE CRIMES AND BIAS-RELATED INCIDENTS
940350,12/7/2016,HATE CRIMES AND BIAS-RELATED INCIDENTS
940350,11/28/2016,X26P TRANSITION COURSE FOR CURRENT X26 END-USER TRAINING
940350,10/27/2016,CRISIS INTERVENTION TEAM TRAINING
940350,9/21/2016,PUBLIC CONTACT AND CONSENT TO SEARCH (RIGHT TO KNOW) - UNIT TRAINING AUGUST 2016
940350,9/20/2016,PUBLIC CONTACT AND CONSENT TO SEARCH (RIGHT TO KNOW) - UNIT TRAINING AUGUST 2016
940350,9/1/2016,2016-17 INSERVICE CYCLE-PHYSICAL TACTICS
940350,6/28/2016,INVESTIGATIVE ENCOUNTERS-VIDEO #3 TERRY STOPS AND REASONABLE SUSPICION-UNIT TRAINING JUNE 2016
940350,6/28/2016,INVESTIGATIVE ENCOUNTERS-VIDEO #4 DOCUMENTATION AND SUPERVISION-UNIT TRAINING JULY 2016
940350,6/27/2016,FORCE POLICY REVISION-VIDEO-PG 221-UNIT TRAINING MAY 2016
940350,6/27/2016,INVESTIGATIVE ENCOUNTERS-VIDEO #1 REQUEST FOR INFO-UNIT TRAINING FEB 2016
940350,6/8/2016,FTS - ANNUAL CEW RECERTIFICATION
940350,6/6/2016,INVESTIGATIVE ENCOUNTERS-VIDEO #1 REQUEST FOR INFO-UNIT TRAINING FEB 2016
940350,6/1/2016,INVESTIGATIVE ENCOUNTERS-VIDEO #1 REQUEST FOR INFO-UNIT TRAINING FEB 2016
940350,5/12/2016,FORCE POLICY REVISION-VIDEO-PG 221-UNIT TRAINING MAY 2016
940350,5/12/2016,INVESTIGATIVE ENCOUNTERS-VIDEO #1 REQUEST FOR INFO-UNIT TRAINING FEB 2016
940350,5/12/2016,INVESTIGATIVE ENCOUNTERS-VIDEO #2 COMMON LAW RIGHT OF INQUIRY-UNIT TRAINING MAY 2016
940350,5/6/2016,INVESTIGATIVE ENCOUNTERS-VIDEO #2 COMMON LAW RIGHT OF INQUIRY-UNIT TRAINING MAY 2016
940350,4/1/2016,OPIOID OVERDOSE AND INTRANASAL NALOXONE TRAINING: REFRESHER COMMAND LEVEL TRAINING
940350,3/25/2016,SERGEANTS LEADERSHIP COURSE: NEWLY PROMOTED SERGEANTS
940350,2/24/2016,INVESTIGATIVE ENCOUNTERS-VIDEO #1 REQUEST FOR INFO-UNIT TRAINING FEB 2016
940350,12/25/2015,FORCE POLICY REVISION-PAMPHLET - PG 221 - UNIT TRAINING DECEMBER 2015
940350,11/9/2015,EMERGENCY VEHICLE OPERATION JULY 03 - JUNE 07
940350,11/9/2015,FIELD TRAINING PROGRAM JULY 03 - JUNE 07
940350,11/9/2015,PHYSICAL EDUCATION PART 1: FOUNDATIONS OF PHYSICAL FITNESS
940350,11/9/2015,PHYSICAL EDUCATION PART 2: DEFENSIVE TACTICS
940350,11/9/2015,PHYSICAL EDUCATION PART 3: AMERICAN HEART ASSOCIATION BASIC LIFE SUPPORT
940350,11/9/2015,POLICE CRISIS INTERVENTION JULY 03 - JUNE 07
940350,11/9/2015,POLICE FIELD PROBLEMS JULY 03 - JUNE 07
940350,11/9/2015,POLICE INVESTIGATION AND REPORTING JULY 03 - JUNE 07
940350,11/9/2015,POLICING A DEMOCRACY JULY 03 - JUNE 07
940350,11/9/2015,POLICING SPECIAL POPULATIONS JULY 03 - JUNE 07
940350,11/9/2015,PROCEDURAL LAW JULY 03 - JUNE 07
940350,11/9/2015,SUBSTANTIVE LAW JULY 03 - JUNE 07
940350,11/9/2015,TERRORISM AWARENESS AND RESPONSE JULY 03 - JUNE 07
940350,8/21/2015,WINDOWS PHONE TRAINING AND DISTRIBUTION
940350,7/13/2015,DOMAIN AWARENESS SYSTEM
940350,4/22/2015,20K TRAINING INITIATIVE - PHYSICAL TACTICS
940350,4/13/2015,20K TRAINING INITIATIVE - SMART POLICING
940350,4/5/2015,20K TRAINING INITIATIVE - FOUNDATIONS OF POLICING
940350,9/6/2013,CIMS ICS 300
940350,8/26/2013,UF 250 - OPERATION IMPACT REFRESHER CERTIFIED
940350,8/19/2013,CIMS ICS 300
940350,8/19/2013,LESS LETHAL TRAINING (M26 - X26 TASER)
940350,8/8/2013,SERGEANT BASIC LEADERSHIP COMPUTER COURSE
940350,6/27/2013,UF 250 - OPERATION IMPACT REFRESHER CERTIFIED
940350,4/22/2013,IN-TAC TRAINING PROGRAM
940350,2/8/2012,PROPERTY EVIDENCE TRACKING SYSTEM
940350,9/23/2010,VIPER CCTV TRAINING COURSE
940350,6/17/2008,PLAIN CLOTHES TRAINING CERTIFIED BASIC PLAIN-CLOTHES COURSE
940350,4/21/2006,COBRA - COHORT TRAINING
940350,1/9/2006,12 PASSENGER VAN / UTILITY VEHICLE QUALIFICATION
940350,,COLLISION REFRESHER (2 DAY)
940350,,COLLISION RETRAINING
940350,,RECRUIT 12 PASSENGER VAN / UTILITY VEHICLE QUALIFICATION
940350,,RECRUIT RMP QUALIFICATION / RMP OPERATOR QUALIFIED
938803,6/26/2025,BLASTT – BASIC LIFE SUPPORT AND TRAUMA TREATMENT
938803,6/16/2025,2025 BWC PROFICIENCY TRAINING
938803,6/9/2025,EAU 2025 POLICE COMMISSIONER JESSICA S. TISCH
938803,5/26/2025,SQF REVIEW AND DOCUMENTATION: SQF MODULE 10
938803,5/20/2025,2025 EQUAL EMPLOYMENT OPPORTUNITY TRAINING - SEXUAL HARASSMENT AWARENESS AND PREVENTION
938803,3/31/2025,CALEA ACCREDITATION FAMILIARIZATION TRAINING
938803,3/31/2025,CLT-PROCEDURAL OPERATIONS
938803,3/31/2025,TRAINING BUREAU - ACCREDITATION FAMILIARIZATION TRAINING
938803,3/24/2025,FTS - TASER 7 ANNUAL RECERTIFICATION
938803,2/24/2025,LACTATION - EXPRESSING BREASTMILK IN THE WORKPLACE
938803,1/24/2025,RIGHT TO KNOW ACT SQF MODULE 9
938803,1/24/2025,VEHICLE PURSUITS
938803,1/12/2025,KEVIN AND AVONTE SAFE HOME PROGRAM
938803,1/5/2025,2025 IDENTIFYING THE IMPAIRED DRIVER REFRESHER
938803,1/5/2025,ACTIVE SHOOTER - SCHOOL RESPONSE PROTOCOL
938803,1/2/2025,CELL BLOCK FIRESHIELD EV BLANKETS
938803,12/19/2024,MULTI-FACTOR AUTHENTICATION MFA TRAINING
938803,12/14/2024,INFORMATION SECURITY AWARENESS TRAINING 2024
938803,12/11/2024,NOTIFICATION OF ALLEGATIONS AND EMPLOYEE RIGHTS
938803,11/21/2024,BEHAVIORAL HEALTH EMERGENCY ASSISTANCE RESPONSE DIVISION B-HEARD
938803,11/18/2024,LEAVING THE SCENE COLLISIONS INVESTIGATIVE BEST PRACTICES
938803,11/15/2024,DRIVING WHILE INTOXICATED AWARENESS VIDEO MODULE 1
938803,10/28/2024,CLT-DOMESTIC VIOLENCE TRAINING
938803,10/7/2024,FAMILY BUILDING
938803,10/7/2024,NORTHWELL DIRECT FINEST CARE PROGRAM FOR UMOS
938803,9/9/2024,CLT-PROCEDURAL OPERATIONS
938803,8/25/2024,RACIAL PROFILING AND BIASED BASED POLICING: SQF MODULE 8
938803,8/25/2024,RAPE IS RAPE
938803,8/13/2024,UNMANNED AIRCRAFT SYSTEMS VISUAL OBSERVER
938803,7/31/2024,APX NEXT PORTABLE AND RADIO DISCIPLINE TRAINING VIDEO
938803,7/23/2024,CLT-OCCUPATIONAL-WORKPLACE SAFETY AND HEALTH
938803,7/6/2024,MENTAL HEALTH INVOLUNTARY REMOVALS MHL 9.41 AND MHL 9.58
938803,6/30/2024,DRIVE SMART 2024
938803,6/22/2024,LEVEL 1 AND LEVEL 2 INVESTIGATIVE ENCOUNTERS
938803,6/16/2024,CLT-ENFORCEMENT ACTIONS
938803,6/16/2024,CLT-LEGAL ISSUES
938803,6/11/2024,1-DAY LAW ENFORCEMENT ACTIVE SHOOTER EMERGENCY RESPONSE (PER-375-C)
938803,6/6/2024,FTS - CEW TASER 7 TRANSITION COURSE
938803,6/6/2024,FTS - TASER 7 HOLSTER DISTRIBUTION
938803,6/6/2024,TACTICS WHEN ENGAGING INDIVIDUALS IN A MENTAL HEALTH CRISIS
938803,5/16/2024,ACCURATE COMPLAINT REPORT CLASSIFICATION
938803,5/14/2024,CLT-DOMESTIC VIOLENCE TRAINING
938803,5/9/2024,CLT-OCCUPATIONAL-WORKPLACE SAFETY AND HEALTH
938803,5/2/2024,ASSISTING SURVIVORS OF SEXUAL BASED VIOLENCE WITH ACCESS TO RESOURCES
938803,4/30/2024,2024 EQUAL EMPLOYMENT OPPORTUNITY TRAINING - SEXUAL HARASSMENT AWARENESS AND PREVENTION
938803,4/30/2024,HOUSING BUREAU INTERIOR PATROL TACTICS
938803,4/15/2024,POLICING THE SUBWAY 2024
938803,4/2/2024,CLT - OATH VS. CRIMINAL COURT SUMMONS ROLL CALL TRAINING
938803,3/24/2024,2024 VEHICLE SEIZURE FORM REFRESHER
938803,3/24/2024,NYCHA INTERIOR PATROL: SQF MODULE 7
938803,3/8/2024,EMPLOYEE ASSISTANCE UNIT (E.A.U.) IS HERE FOR YOU- 2024
938803,2/4/2024,"CLT-UNIFORMS, PERSONAL APPEARANCE AND EQUIPMENT"
938803,1/19/2024,AUTISM SPECTRUM DISORDER
938803,12/26/2023,"POSSESSION OR INGESTION OF ANABOLIC STEROIDS, HUMAN GROWTH HORMONE, AND NUTRITIONAL SUPPLEMENTS"
938803,12/25/2023,LGBTQIA PLUS - DIVERSITY AND INCLUSION
938803,12/20/2023,INVESTIGATIVE ENCOUNTERS SUMMARY: SQF MODULE 6
938803,12/20/2023,OPIOID DANGERS- FENTANYL AND CARFENTANIL
938803,12/6/2023,CLT-LEGAL ISSUES
938803,12/3/2023,CLT-PROCEDURAL OPERATIONS
938803,11/21/2023,CONTERTERRORISM BUREAU SITE PROTECTION THROUGH OBSERVATIONAL TECHNIQUES
938803,11/13/2023,CPR-AED CARDIOPULMONARY RESUSCITATION-AUTOMATED EXTERNAL DEFIBRILLATOR REFRESHER
938803,10/26/2023,2023 TASER X26P RE-QUALIFICATION
938803,10/25/2023,NYPD RECRUITMENT TRAINING VIDEO
938803,10/25/2023,VEHICLE MOUNTED VIDEO SYSTEM
938803,10/24/2023,INVESTIGATIVE ENCOUNTERS 2023: MODULE 5 SQF LEVELS 3 AND 4
938803,10/11/2023,CLT-BWC POLICY UPDATES
938803,10/11/2023,CLT-DOCUMENTATION AND FORMS
938803,10/11/2023,CLT-ENFORCEMENT ACTIONS
938803,10/10/2023,CLT-DOCUMENTATION AND FORMS
938803,10/10/2023,CLT-ENFORCEMENT ACTIONS
938803,10/3/2023,INFORMATION SECURITY AWARENESS TRAINING - 2023
938803,9/25/2023,EFFECTIVE COMMUNICATION SKILLS - DEAF OR HARD OF HEARING
938803,9/18/2023,CLT-CRIME CONTROL STRATEGIES AND PROBLEM SOLVING
938803,9/11/2023,CLT-INVESTIGATIONS
938803,8/31/2023,NYPD JOUVERT AND WEST INDIAN DAY-2023
938803,8/20/2023,CLT-COMMUNICATION STRATEGIES AND AIDS
938803,8/12/2023,CLT-VOLUNTARY - INVOLUNTARY TRANSPORTS
938803,8/8/2023,CLT-INVESTIGATIONS
938803,8/4/2023,2023 SUMMER ALL-OUT BODY WORN CAMERA TRAINING
938803,8/4/2023,UNMANNED AIRCRAFT PERMIT: DRONES FOR PUBLIC USE
938803,7/31/2023,CLT-LEGAL ISSUES
938803,7/23/2023,CLT-DOCUMENTATION AND FORMS
938803,7/9/2023,TRAFFIC COURT TESTIMONY VIDEO
938803,7/4/2023,AUGMENTED REALITY FEATURE
938803,6/29/2023,CLT-PROCEDURAL OPERATIONS
938803,5/24/2023,CLT-PARK SMART ROLLCALL PRESENTATION
938803,5/22/2023,"INVESTIGATIVE ENCOUNTERS 2023: MODULE 4 SQF LEVELS 2, 3 AND 4"
938803,5/9/2023,CLT-PARK SMART ROLLCALL PRESENTATION
938803,4/29/2023,2023 EQUAL EMPLOYMENT OPPORTUNITY TRAINING-SEXUAL HARASSMENT AWARENESS AND PREVENTION
938803,4/21/2023,2023 LANGUAGE MATTERS - FOSTERING A POSITIVE WORK ENVIRONMENT
938803,4/11/2023,CLT-PROCEDURAL OPERATIONS
938803,4/6/2023,INVESTIGATIVE ENCOUNTERS 2023: MODULE 3 SQF LEVEL 2
938803,3/26/2023,ESPER POLICY LIBRARY
938803,3/9/2023,INFORMATION SECURITY CRIMINAL JUSTICE TRAINING 2023
938803,2/15/2023,CLT- RESPONDING TO COMMERCIAL ROBBERIES 2023
938803,2/9/2023,CLT- RESPONDING TO COMMERCIAL ROBBERIES 2023
938803,2/5/2023,ELDER ABUSE -2023 REFRESHER
938803,1/29/2023,NYPD-U VOLUNTARY - INVOLUNTARY TRANSPORTS
938803,1/21/2023,RAISING THE LOWER AGE OF JUVENILE DELINQUENCY
938803,1/10/2023,CLT-VOLUNTARY - INVOLUNTARY TRANSPORTS
938803,1/10/2023,INVESTIGATIVE ENCOUNTERS 2023: MODULE 2 SQF LEVEL 1
938803,12/22/2022,INVESTIGATIVE ENCOUNTERS 2023 - MODULE 1 INTRODUCTION TO SQF
938803,11/23/2022,VIDEO 1 - PATROLLING THE NYC SUBWAY SYSTEM 2022
938803,11/23/2022,VIDEO 2 -TACTICAL CONSIDERATIONS FOR TRANSIT PATROL 2022 (PART 1)
938803,11/23/2022,VIDEO 3 - TACTICAL CONSIDERATIONS FOR TRANSIT PATROL 2022 (PART 2)
938803,11/23/2022,VIDEO 4 - PLATFORM SAFETY 2022
938803,11/8/2022,LGBTQIA PLUS AWARENESS
938803,10/17/2022,BELT-WORN TRAUMA KIT REFRESHER TRAINING VIDEO-2022
938803,10/17/2022,PROCESSING CIVILIAN COMPLAINTS
938803,9/30/2022,FTS - ANNUAL CEW RECERTIFICATION
938803,9/12/2022,"INTEGRATING COMMUNICATION, ASSESSMENT, AND TACTICS (ICAT) MODULE 7"
938803,9/12/2022,THE EMPLOYEE ASSISTANCE UNIT (EAU) IS HERE FOR YOU
938803,8/31/2022,NYPD JOUVERT  WEST INDIAN DAY
938803,7/14/2022,VEHICLE SEIZURE FORM
938803,7/10/2022,2022 EQUAL EMPLOYMENT OPPORTUNITY TRAINING-SEXUAL HARASSMENT AWARENESS AND PREVENTION
938803,7/10/2022,CONVICTED OFFENDER DNA DATABANK SPECIMEN COLLECTION KIT
938803,6/27/2022,CAR STOP TACTICS FOR PATROL OFFICERS - MODULE 3: THE UNKNOWN RISK STOP
938803,6/27/2022,CAR STOP TACTICS FOR PATROL OFFICERS - MODULE 4: THE HIGH-RISK STOP
938803,6/27/2022,CLT-NIBRS ROLL CALL TRAINING
938803,6/21/2022,"INTEGRATING COMMUNICATION, ASSESSMENT AND TACTICS (ICAT) MODULE 6"
938803,6/17/2022,CAR STOP TACTICS FOR PATROL OFFICERS - MODULE 1: CONTROLLING THE STOP
938803,6/17/2022,CAR STOP TACTICS FOR PATROL OFFICERS - MODULE 2: PROHIBITED MANEUVERS
938803,6/2/2022,NATIONAL INCIDENT-BASED REPORTING SYSTEM (NIBRS) UPDATES TO THE OMNIFORM COMPLAINT SYSTEMV
938803,5/27/2022,PROHIBITED METHODS OF RESTRAINT
938803,5/18/2022,CLT-BWC POLICY UPDATES
938803,5/18/2022,CLT-DOCUMENTATION AND FORMS
938803,5/11/2022,BEST PRACTICES IN STRUCTURED INTERVIEWING
938803,4/18/2022,CLT-DOCUMENTATION AND FORMS
938803,4/18/2022,CLT-EPERMIT SYSTEM
938803,4/13/2022,CLT-DOCUMENTATION AND FORMS
938803,4/13/2022,CLT-TACTICAL AWARENESS AND OFFICER SAFETY
938803,4/12/2022,CLT-TACTICAL AWARENESS AND OFFICER SAFETY
938803,4/7/2022,CLT-SEARCHING PRISONERS MODULE 1
938803,4/7/2022,"INTEGRATING COMMUNICATION, ASSESSMENT AND TACTICS (ICAT) MODULE 5"
938803,4/5/2022,CHILD SENSITIVE ARREST POLICY GUIDELINES AND PROCEDURES
938803,4/5/2022,CLT-TACTICAL AWARENESS AND OFFICER SAFETY
938803,4/4/2022,CLT-SEARCHING PRISONERS MODULE 1
938803,3/31/2022,CLT-COMMUNITY ENGAGEMENT
938803,3/31/2022,CLT-SEARCHING PRISONERS MODULE 1
938803,3/30/2022,CHILD SENSITIVE ARREST POLICY GUIDELINES AND PROCEDURES
938803,3/30/2022,CLT-BWC POLICY UPDATES
938803,3/28/2022,VIPER CCTV TRAINING COURSE
938803,2/28/2022,"INTEGRATING COMMUNICATION, ASSESSMENT AND TACTICS (ICAT) MODULE 4"
938803,1/26/2022,ILLEGAL EVICTIONS
938803,1/23/2022,CLT-BWC POLICY UPDATES
938803,1/23/2022,CLT-EJUSTICE ORDER OF PROTECTION SEARCH
938803,1/23/2022,CLT-EPERMIT SYSTEM
938803,1/4/2022,LOCAL LAW 45 OF 2021-TRAFFIC ENCOUNTERS
938803,12/23/2021,"INTEGRATING COMMUNICATION, ASSESSMENT AND TACTICS (ICAT) MODULE 3"
938803,12/18/2021,CLT-LEGAL ISSUES
938803,11/30/2021,IDENTIFYING THE IMPAIRED DRIVER
938803,11/14/2021,2021 EXECUTIVE CONFERENCE - VIDEOS
938803,11/12/2021,"INTEGRATING COMMUNICATION, ASSESSMENT AND TACTICS (ICAT) MODULE 2"
938803,11/1/2021,ARRESTS - RELIGIOUS HEAD COVERING GUIDELINES (PG 208-83)
938803,11/1/2021,BODY-WORN CAMERA REVIEW PART TWO
938803,10/21/2021,SERGEANTS DEVELOPMENT COURSE
938803,10/9/2021,INTRODUCTION TO COGNOS 11
938803,10/8/2021,"INTEGRATING COMMUNICATION, ASSESSMENT AND TACTICS (ICAT) MODULE 1"
938803,9/28/2021,COVID-19 SELF-COLLECTION KIT INSTRUCTIONS
938803,9/24/2021,NEIGHBORHOOD POLICING APPLICATION TRAINING VIDEO
938803,9/17/2021,BODY-WORN CAMERA REVIEW PART ONE
938803,9/17/2021,INFORMATION SECURITY AWARENESS TRAINING 2021
938803,9/17/2021,OPIOID OVERDOSE RECOGNITION AND NARCAN ADMINISTRATION -2021
938803,9/10/2021,MAYOR EXECUTIVE ORDER 78 VACCINATION - TESTING COMPLIANCE POLICY
938803,8/16/2021,CLT-PROCEDURAL OPERATIONS
938803,7/24/2021,X26P TRANSITION COURSE FOR CURRENT X26 END-USERS
938803,7/23/2021,EMPLOYEE RELATIONS - NYPD CUMC ONE-DAY RESILIENCE TRAINING
938803,7/10/2021,EQUAL EMPLOYMENT OPPORTUNITY TRAINING - SEXUAL HARASSMENT AWARENESS AND PREVENTION 2021
938803,7/7/2021,ACTIVE BYSTANDERSHIP FOR LAW ENFORCEMENT (ABLE): ONE DAY COURSE
938803,6/26/2021,REGISTRATION OF AIM
938803,6/25/2021,AIM COMPONENTS
938803,6/25/2021,COUNTERTERRORISM BUREAU INITIAL PATROL RESPONSE FOR ACTIVE SHOOTER
938803,6/25/2021,IPHONE AND DAS MOBILE OPERATION
938803,6/23/2021,FTS - ANNUAL CEW RECERTIFICATION
938803,5/20/2021,OVERVIEW OF THE NEW DISCOVERY LAWS 2021 REFRESHER
938803,5/16/2021,PATROL GUIDE 215-17 POLICE ACTIONS RELATED QUESTIONING ARRESTS AND INVESTIGATIONS AT A NYC DEPARTMEN
938803,5/10/2021,NYC 311 DYNAMICS SYSTEM
938803,5/4/2021,AIM COMPONENTS 2.0
938803,4/27/2021,EMPLOYEE ASSISTANCE UNIT-2021
938803,4/5/2021,EQUAL EMPLOYMENT OPPORTUNITY TRAINING - LGBTQIA+ DIVERSITY AND INCLUSION / EXECUTIVE ORDER 16 OF 201
938803,3/27/2021,CLT-PROCEDURAL OPERATIONS
938803,3/9/2021,"AXON BODY-WORN CAMERA TRAINING - CAMERA OPERATION, AXON VIEW AND EVIDENCE.COM (REQUIRED FOR LE4 COMM"
938803,3/4/2021,DESK APPEARANCE TICKETS: THE NEW LAW AND THE NEW GUIDELINES FOR PROCESSING DAT'S - 2021 REFRESHER
938803,2/27/2021,"CUSTOMER SERVICE PROGRAM:  ROLL CALL MODULE 1, INTRODUCTION TO PRECINCT GREETER PROGRAM"
938803,2/27/2021,"CUSTOMER SERVICE PROGRAM:  ROLL CALL MODULE 2, COMMUNICATION SKILLS"
938803,2/27/2021,CUSTOMER SERVICE PROGRAM: HOW DID WE DO
938803,2/26/2021,FTS - CEW END USER CERTIFICATION
938803,2/24/2021,ACTIVE BYSTANDERSHIP FOR LAW ENFORCEMENT (ABLE): ONE DAY COURSE
938803,2/18/2021,TACTICAL LEADERSHIP
938803,2/17/2021,"FOX TALKS: TRANSITIONAL ANXIETY WITH CHIEF JOSEPH FOX, TRANSIT BUREAU"
938803,2/17/2021,FOX TALKS: W.I.N. PRINCIPLE WITH INSPECTOR RAY CAROLI OF THE FIREARMS AND TACTICS SECTION
938803,2/5/2021,CPS BODY-WORN CAMERA TRAINING WITH SCENARIOS
938803,2/2/2021,EQUAL EMPLOYMENT OPPORTUNITY TRAINING FOR UNIFORM SUPERVISORS
938803,1/21/2021,COVID VACCINE DISTRIBUTION AND EDUCATION
938803,1/15/2021,HEALTH AND WELLNESS SECTION - CHILD MIND INSTITUTE VIDEO SERIES - MODULE 3 - CHILDREN'S MENTAL HEALT
938803,1/15/2021,HEALTH AND WELLNESS SECTION - CHILD MIND INSTITUTE VIDEO SERIES - MODULE 4 - RAISING SELF SUFFICIENT
938803,1/14/2021,HEALTH AND WELLNESS SECTION - CHILD MIND INSTITUTE VIDEO SERIES - MODULE 2 - WHEN TO WORRY ABOUT YOU
938803,1/7/2021,HEALTH AND WELLNESS SECTION - CHILD MIND INSTITUTE VIDEO SERIES - MODULE 1 - BEHAVIOR MANAGEMENT STR
938803,1/2/2021,HEALTH AND WELLNESS SECTION - NUTRITIONAL SERIES: DIETING FOR WEIGHT LOSS - MODULE 1 - INTRODUCTION
938803,12/1/2020,EQUAL EMPLOYMENT OPPORTUNITY TRAINING - LEAVE TO EXPRESS BREAST MILK
938803,12/1/2020,HEALTH AND WELLNESS SECTION - MYPLATE APP TUTORIAL
938803,11/10/2020,HEALTH AND WELLNESS SECTION - FINANCIAL LITERACY SERIES - MODULE 4 - MANAGING DEBT
938803,9/19/2020,HEALTH AND WELLNESS SECTION - FINANCIAL LITERACY SERIES - MODULE 2 - YOUR INCOME AND EXPENSES
938803,9/19/2020,HEALTH AND WELLNESS SECTION - FINANCIAL LITERACY SERIES - MODULE 3 - YOUR SPENDING AND SAVINGS PLAN
938803,9/17/2020,CONSTITUTIONAL POLICING AT COMMUNITY EVENTS (CPACE)
938803,9/9/2020,HEALTH AND WELLNESS SECTION - MODULE 19 - STOP SMOKING - NYC ESCAPE PROGRAM
938803,8/25/2020,HEALTH AND WELLNESS SECTION - FINANCIAL LITERACY SERIES - MODULE 1 - YOUR MONEY VALUES AND INFLUENCE
938803,8/25/2020,HEALTH AND WELLNESS SECTION - MODULE 18 - YOGA MYTH BUSTING
938803,8/25/2020,HEALTH AND WELLNESS SECTION - MODULE 20 - POPPA TESTIMONIAL VIDEO
938803,7/28/2020,CLT-OCCUPATIONAL-WORKPLACE SAFETY AND HEALTH
938803,7/28/2020,CLT-SPECIAL POPULATIONS
938803,7/25/2020,HEALTH AND WELLNESS SECTION - MODULE 17 - FINANCIAL WILLS AND TRUSTS
938803,7/23/2020,CLT-OCCUPATIONAL-WORKPLACE SAFETY AND HEALTH
938803,7/1/2020,NEW LAWS AFFECTING POLICE OFFICERS’ CRIMINAL AND CIVIL LIABILITY
938803,6/30/2020,CLT-TACTICAL AWARENESS AND OFFICER SAFETY
938803,6/30/2020,"EQUAL EMPLOYMENT OPPORTUNITY TRAINING - SEXUAL HARASSMENT, AWARENESS AND PREVENTION"
938803,6/29/2020,CLT-OCCUPATIONAL-WORKPLACE SAFETY AND HEALTH
938803,6/26/2020,HEALTH AND WELLNESS SECTION - MODULE 15 - FINANCIAL WELLNESS PART 2
938803,6/26/2020,HEALTH AND WELLNESS SECTION - MODULE 16 - GRIEF AND COPING
938803,6/26/2020,VICTIM BLAMING AND RELEASE OF INFORMATION TO THE MEDIA
938803,6/20/2020,HEALTH AND WELLNESS SECTION - MODULE 13 - MINDFULNESS
938803,6/20/2020,HEALTH AND WELLNESS SECTION - MODULE 14 - FINANCIAL WELLNESS PART 1
938803,6/18/2020,FTS - BALLISTIC VEST REPLACEMENT - DISTRIBUTION - PRE AUGUST 2020
938803,6/18/2020,HEALTH AND WELLNESS SECTION - MODULE 12 - IN THAT DARK PLACE - AN OFFICER'S JOURNEY
938803,5/26/2020,COVID-19: PREPAREDNESS YOUR FAMILY AND HOME
938803,5/26/2020,HEALTH AND WELLNESS SECTION - MODULE 1 - PSYCHOLOGICAL HEALTH AND WELLNESS
938803,5/26/2020,HEALTH AND WELLNESS SECTION - MODULE 10 - SEEKING AND RECEIVING MENTAL HEALTH SUPPORT
938803,5/26/2020,HEALTH AND WELLNESS SECTION - MODULE 11 - HEALTH AND RESILIENCY
938803,5/26/2020,HEALTH AND WELLNESS SECTION - MODULE 2 - JOB COUNSELING AND STRESS
938803,5/26/2020,HEALTH AND WELLNESS SECTION - MODULE 3 - WARNING SIGNS
938803,5/26/2020,HEALTH AND WELLNESS SECTION - MODULE 4 - CUMULATIVE TRAUMA
938803,5/26/2020,HEALTH AND WELLNESS SECTION - MODULE 5 - GAINING PERSPECTIVE
938803,5/26/2020,HEALTH AND WELLNESS SECTION - MODULE 6 - COPING WITH SIGNS OF ANXIETY DEPRESSION
938803,5/26/2020,HEALTH AND WELLNESS SECTION - MODULE 7 - LEADING WITH COMPASSION
938803,5/26/2020,"HEALTH AND WELLNESS SECTION - MODULE 8 - WARNING SIGNS, SUPPORT AND OUTREACH"
938803,5/26/2020,HEALTH AND WELLNESS SECTION - MODULE 9 - MANAGING STRESS ON THE JOB
938803,5/12/2020,COVID-19: PREPAREDENESS
938803,5/12/2020,COVID-19: PROTECTIVE MASKS
938803,5/4/2020,SAFETY CONSIDERATIONS FOR PATROLLING THE NYC SUBWAY SYSTEM -DANGERS OF THE PLATFORM EDGE
938803,3/23/2020,AXON CASES 2.0
938803,3/11/2020,AXON TRAINING - MODULE 1 AXON BODY 2 BASIC OPERATION
938803,3/4/2020,CLT-OCCUPATIONAL-WORKPLACE SAFETY AND HEALTH
938803,3/3/2020,CLT-OCCUPATIONAL-WORKPLACE SAFETY AND HEALTH
938803,2/17/2020,UTILIZING BALLISTIC PROTECTION IN DEPARTMENT VEHICLES (4:09)
938803,2/13/2020,FTS - BALLISTIC VEST REPLACEMENT - MEASUREMENT - PRE AUG 2020
938803,2/11/2020,CRIMINAL JUSTICE BUREAU - GIGLIO MATERIAL DISCLOSURES UNDER THE NEW DISCOVERY LAWS
938803,1/29/2020,CLT-OCCUPATIONAL-WORKPLACE SAFETY AND HEALTH
938803,1/22/2020,CLT-MEMBER-EMPLOYEE WELLNESS
938803,1/21/2020,ACTIVITY LOG FOR IPHONE COMMAND - UNIT TRAINING
938803,1/13/2020,CROSSFIRE MITIGATION DURING CLOSE COMBAT INCIDENTS - PART 2
938803,1/10/2020,PROCESSING DISCOVERY MATERIAL IN THE FORMS ARREST FOLDER
938803,12/23/2019,SAFEGUARDING HOSPITALIZED PRISONERS
938803,12/9/2019,CROSSFIRE MITIGATION DURING CLOSE COMBAT INCIDENTS
938803,12/3/2019,CJB - OVERVIEW OF THE NEW DISCOVERY LAWS
938803,12/2/2019,2019-20 IN-SERVICE CYCLE - CRITICAL INCIDENT TACTICS AND DEVELOPING EFFECTIVE LEADERSHIP SKILLS
938803,11/29/2019,CJB - DESK APPEARANCE TICKETS: THE NEW LAWS AND GUIDELINES FOR PROCESSING DATS
938803,11/27/2019,RESPONDING TO COMMERCIAL ROBBERIES PART LL - MODULE 1 AND MODULE 2
938803,11/26/2019,2017-2019 IN-SERVICE CYCLE-INVESTIGATIVE ENCOUNTERS- BASIC TRAINING WITH SCENARIOS
938803,11/25/2019,ACTIVITY LOG FOR IPHONE
938803,11/18/2019,DISCHARGING YOUR FIREARM AT A MOVING THREAT
938803,11/18/2019,INCREASE OFFICER SAFETY DURING VEHICLE STOPS
938803,10/30/2019,CLT-MEMBER-EMPLOYEE WELLNESS
938803,10/28/2019,EXECUTIVE HEALTH AND WELLNESS TRAINING - MODULE 10
938803,10/28/2019,SUCCESSFULLY DISARMING AN EMOTIONALLY DISTURBED PERSON
938803,10/11/2019,CRIMINAL JUSTICE BUREAU - DNA TRAINING VIDEO
938803,10/11/2019,EXECUTIVE HEALTH AND WELLNESS TRAINING - MODULE 4
938803,10/11/2019,EXECUTIVE HEALTH AND WELLNESS TRAINING - MODULE 5
938803,10/11/2019,EXECUTIVE HEALTH AND WELLNESS TRAINING - MODULE 6
938803,10/11/2019,EXECUTIVE HEALTH AND WELLNESS TRAINING - MODULE 7
938803,10/11/2019,EXECUTIVE HEALTH AND WELLNESS TRAINING - MODULE 8
938803,10/11/2019,EXECUTIVE HEALTH AND WELLNESS TRAINING - MODULE 9
938803,10/11/2019,PRISONER ESCAPE WARNING SIGNS
938803,10/9/2019,FORCE POLICY UPDATE VIDEO
938803,10/7/2019,EXECUTIVE HEALTH AND WELLNESS CONFERENCE - MODULE 1
938803,10/7/2019,EXECUTIVE HEALTH AND WELLNESS TRAINING - MODULE 2
938803,10/7/2019,EXECUTIVE HEALTH AND WELLNESS TRAINING - MODULE 3
938803,10/1/2019,CITYTIME USER TRAINING FOR MANAGERIAL CIVIL SERVICE TITLES
938803,10/1/2019,CRITICAL DECISION MAKING MODEL
938803,9/27/2019,CPS FAIR AND IMPARTIAL POLICING - ALL POS AND DETS
938803,9/20/2019,CITYTIME APPROVER TRAINING FOR SUPERVISORS APPROVING CMOS TIMESHEETS
938803,9/16/2019,MARIJUANA POLICY UPDATE
938803,9/6/2019,INFORMATION SECURITY AWERENESS TRAINING 2019
938803,9/6/2019,SHIELD OF RESILIENCE TRAINING COURSE
938803,9/3/2019,DOMESTIC VIOLENCE EDUCATION AND COUNSELING
938803,9/3/2019,SHIELD OF RESILIENCE TRAINING COURSE
938803,8/13/2019,CRITICAL INCIDENT TACTICS - RESPONDING TO COMMERCIAL ROBBERIES (EXTENDED VERSION)
938803,8/6/2019,RESPONDING TO COMMERCIAL ROBBERIES
938803,7/8/2019,TRANSIT BUREAU - SAFETY CONSIDERATIONS FOR PATROLLING THE NYC SUBWAY SYSTEM
938803,7/8/2019,TRANSIT BUREAU - SAFETY CONSIDERATIONS FOR PATROLLING THE NYC SUBWAY SYSTEM - PART 2
938803,6/27/2019,RESPONDING TO PEOPLE IN CRISIS – MODULE 4: USING DEPARTMENT MOBILE DIGITAL DEVICES
938803,6/7/2019,CITYTIME USER TRAINING FOR NON-MANAGERIAL CMOS
938803,6/6/2019,WORLDPRIDE NYC 2019
938803,6/4/2019,DISCUSSION - BASED LEARNING MODULE # 1-3
938803,6/4/2019,FACILITIES MANAGEMENT DIVISION - MUNICIPAL SEPERATE STORM SEWER SYSTEM (MS4)
938803,5/28/2019,COLLABORATIVE POLICING - MEDIATION REFERRAL PROGRAM FOR NON-CRIMINAL COMPLAINTS
938803,5/13/2019,FTS - SMITH AND WESSON MODEL 5946 BARREL REMEDIATION
938803,4/19/2019,COUNTERTERRORISM BUREAU ACTIVE SHOOTER SCHOOL INCIDENTS AWARENESS
938803,4/19/2019,COUNTERTERRORISM BUREAU NH15 TRAINING
938803,4/19/2019,RESPONDING TO PEOPLE IN CRISIS - MODULES 2 AND 3: ACTIVE LISTENING PARTS 1 AND 2
938803,4/12/2019,COLLABORATIVE POLICING - THE DEAF AND HARD OF HEARING COMMUNITY
938803,4/11/2019,LEGAL BUREAU - PERJURY TRAINING MODULE
938803,3/21/2019,SAFEGUARDING PRISONERS - OFFICER SAFETY GUIDELINES
938803,3/18/2019,"EXECUTIVE CONFERENCE VIDEO 10-17-18: DISCUSSION WITH INDRA NOOYI, CHAIRMAN OF PEPSI CO"
938803,3/18/2019,"EXECUTIVE CONFERENCE VIDEO 10-17-18: INTELLIGENT LEADERSHIP: GEORGE TENET, FORMER (DIRECTOR OF CENTR"
938803,3/18/2019,EXECUTIVE CONFERENCE VIDEO 10-17-18: LEADERSHIP ON AND OFF THE BATTLEFIELD: GENERAL JOHN R. ALLEN (P
938803,3/18/2019,EXECUTIVE CONFERENCE VIDEO 10-17-18: MAKING IT REAL-GETTING FROM HERE TO THERE TOGETHER - DR SCOTT L
938803,3/18/2019,"SUPPORT SERVICES DIVISION - CLASS ""C"" OPERATOR"
938803,3/13/2019,COLLABORATIVE POLICING - ELDER ABUSE
938803,1/24/2019,CLT-INFORMATION TECHNOLOGY
938803,1/9/2019,RESPONDING TO PEOPLE IN CRISIS - MODULE 1: SENDING THE RIGHT SIGNALS
938803,12/21/2018,INFORMATION SECURITY AWARENESS TRAINING
938803,12/20/2018,AIM REGISTRATION AND SYNCHRONIZATION 2.0
938803,12/20/2018,COBALT
938803,12/20/2018,COUNTERTERRORISM ACTIVE SHOOTER TRAINING
938803,12/20/2018,COUNTERTERRORISM BUREAU FACILITY AWARENESS VIDEO- TIME WARNER BUILDING
938803,12/20/2018,COUNTERTERRORISM BUREAU FACILITY AWARENESS VIDEO-EMPIRE STATE BUILDING
938803,12/20/2018,"COUNTERTERRORISM BUREAU FACILITY AWARENESS- THE INTREPID SEA, AIR AND SPACE MUSEUM"
938803,12/20/2018,DAS PATTERN MODE
938803,12/20/2018,DOMAIN AWARNESS SYSTEM (DAS)
938803,12/20/2018,FORCE POLICY REVISION-VIDEO-PG 221-UNIT TRAINING MAY 2016
938803,12/20/2018,"FORMS - THREAT,RESISTANCE,INJURY (TRI)"
938803,12/20/2018,MOBILE IDENTIFICATION DEVICE (MORPHO)
938803,12/20/2018,NEW NYPD PORTAL
938803,12/20/2018,STOP REPORT
938803,12/20/2018,VERTEX 949 RADIO OPERATIONAL INSTRUCTIONS
938803,12/19/2018,BELT TRAUMA KIT VIDEO
938803,12/19/2018,COUNTERTERRORISM U.A.S. (UNMANNED AIRCRAFT SYSTEMS) DRONE AWARENESS
938803,12/19/2018,DEATH BY POWERPOINT
938803,12/19/2018,DOMAIN AWARENESS SYSTEM - SEARCH ACCURINT RESULTS
938803,12/19/2018,NYPD MOBILITY INITIATIVE - DEPARTMENT SMARTPHONE TRAINING
938803,12/19/2018,WARRANT CHECK IN DOMAIN AWARENESS SYSTEM (DAS LITE)
938803,12/18/2018,AIM COMPONENTS 2.0
938803,12/18/2018,DAS OVERLAPPING LAYERS TUTORIAL
938803,12/18/2018,DETECTIVE BUREAU RETRIEVING BODY WORN CAMERA DATA
938803,12/18/2018,EQUAL EMPLOYMENT OPPORTUNITYTRAINING - SEXUAL HARASSMENT AWARENESS AND PREVENTION
938803,12/18/2018,LOCATING APPLE DEVICES USING YOUR DEPARTMENT SMARTPHONE
938803,12/18/2018,NEW YEAR'S EVE TACTICAL AWARENESS
938803,12/18/2018,TRAINING MATERIALS- CLOSING THE GAP ON VEHICLE INTELLIGENCE
938803,12/18/2018,TRAINING MATERIALS- PAWNSHOP AND 2ND HAND DEALER DATABASE
938803,12/14/2018,TRANSIT BUREAU - TIMELY RESUMPTION OF SERVICE IN NYC TRANSIT
938803,12/10/2018,COLLABORATIVE POLICING- POLICING IN TODAY’S MULTI-FAITH NY
938803,12/10/2018,MARIJUANA BURNING ENFORCEMENT POLICY
938803,11/26/2018,CLT-OCCUPATIONAL-WORKPLACE SAFETY AND HEALTH
938803,11/5/2018,CLT-EQUAL EMPLOYMENT OPPORTUNITY
938803,10/31/2018,AMERICANS WITH DISABILITIES ACT (ADA)
938803,10/31/2018,TRAINING MATERIALS- THE RECIDIVIST TRACKING AND REPORTING DATABASE (RTRD)
938803,10/29/2018,CLT-OCCUPATIONAL-WORKPLACE SAFETY AND HEALTH
938803,10/23/2018,RESPONDING TO PEOPLE IN CRISIS-INTRODUCTION TO CIT VIDEO SERIES
938803,10/9/2018,CRIME CONTROL STRATEGIES- COMMUNITY SUPERVISION
938803,10/9/2018,INVESTIGATIVE ENCOUNTERS-VIDEO #1 REQUEST FOR INFO-UNIT TRAINING FEB 2016
938803,10/9/2018,INVESTIGATIVE ENCOUNTERS-VIDEO #4 DOCUMENTATION AND SUPERVISION-UNIT TRAINING JULY 2016
938803,10/9/2018,RAISE THE AGE
938803,10/9/2018,TACTICAL AWARENESS OF EXCITED DELIRIUM SYNDROME
938803,10/9/2018,TRAINING MATERIALS- VIRTUAL CRIME INFORMATION CENTER
938803,10/8/2018,INVESTIGATIVE ENCOUNTERS-VIDEO #2 COMMON LAW RIGHT OF INQUIRY-UNIT TRAINING MAY 2016
938803,10/8/2018,INVESTIGATIVE ENCOUNTERS-VIDEO #3 TERRY STOPS AND REASONABLE SUSPICION-UNIT TRAINING JUNE 2016
938803,10/8/2018,NYC RIGHT TO KNOW ACT LEGISLATION - PART 2
938803,10/8/2018,NYC RIGHT TO KNOW ACT LEGISLATION – PART 1
938803,6/6/2018,COLLABORATIVE POLICING- HUMAN TRAFFICKING
938803,6/6/2018,COMMUNICATIONS- THE PROPER USAGE OF THE IDA RADIO CODES
938803,5/18/2018,COLLISION REFRESHER (2 DAY)
938803,4/13/2018,POLICE COMMISSIONER MESSAGE- NYC GIVES
938803,4/13/2018,PUBLIC CONTACT AND CONSENT TO SEARCH (RIGHT TO KNOW) - UNIT TRAINING AUGUST 2016
938803,4/9/2018,CLT-OCCUPATIONAL-WORKPLACE SAFETY AND HEALTH
938803,4/5/2018,CLT-OCCUPATIONAL-WORKPLACE SAFETY AND HEALTH
938803,3/28/2018,LEGAL BUREAU PERFORMANCE METRICS - PROHIBITED CONDUCT
938803,1/23/2018,CRIMINAL JUSTICE REFORM ACT ROLL CALL TRAINING PART 2
938803,1/23/2018,NEW PERFORMANCE EVALUATION PROCESS
938803,1/5/2018,CPS INTERIOR PATROL TRESPASS AFFIDAVIT PROGRAM (TAP) VIDEO 1
938803,1/5/2018,CPS INTERIOR PATROL TRESPASS AFFIDAVIT PROGRAM (TAP) VIDEO 2
938803,1/5/2018,PATROL- POLYCARBONATE SHIELD
938803,12/6/2017,COLLABORATIVE POLICING- FOREIGN LANGUAGE CERTIFICATION VIDEO
938803,12/6/2017,CRIMINAL JUSTICE REFORM ACT ROLL CALL TRAINING PART 1
938803,12/6/2017,EQUAL EMPLOYMENT OPPORTUNITY TRANSGENDER DIVERSITY AND INCLUSION:EXECUTIVE ORDER 16
938803,12/6/2017,HOW TO ENTER DOMESTIC INCIDENT REPORTS IN TO FORMS
938803,12/6/2017,POLICE COMMISSIONERS MESSAGE - VICTIMS OF SEXUAL ASSAULT VIDEO
938803,12/6/2017,TACTICAL AWARENESS- BALLISTIC VEST
938803,12/6/2017,TACTICAL AWARENESS-SMARTPHONE SAFETY
938803,11/28/2017,COLLABORATIVE POLICING- ACCESSING TELEPHONIC INTERPRETERS VIA LANGUAGE LINE
938803,10/12/2017,NARCAN NASAL SPRAY TRAINING
938803,8/21/2017,PERSONNEL BUREAU NYPD EMPLOYEE ASSISTANCE UNIT (EAU)
938803,7/21/2017,"CPS INTERIOR PATROL OF HOUSING AUTHORITY BUILDINGS, PG 212-60 ROLL CALL VIDEO 1"
938803,7/21/2017,"CPS INTERIOR PATROL OF HOUSING AUTHORITY BUILDINGS, PG 212-60 ROLL CALL VIDEO 2"
938803,5/8/2017,CRIMINAL JUSTICE REFORM ACT ROLL CALL TRAINING PART 1
938803,5/8/2017,CRIMINAL JUSTICE REFORM ACT ROLL CALL TRAINING PART 2
938803,12/14/2016,HATE CRIMES AND BIAS-RELATED INCIDENTS
938803,9/12/2016,PUBLIC CONTACT AND CONSENT TO SEARCH (RIGHT TO KNOW) - UNIT TRAINING AUGUST 2016
938803,8/1/2016,INVESTIGATIVE ENCOUNTERS-VIDEO #4 DOCUMENTATION AND SUPERVISION-UNIT TRAINING JULY 2016
938803,7/15/2016,2016-17 INSERVICE CYCLE-PHYSICAL TACTICS
938803,6/28/2016,FORCE POLICY REVISION-PAMPHLET - PG 221 - UNIT TRAINING DECEMBER 2015
938803,6/27/2016,FORCE POLICY REVISION-VIDEO-PG 221-UNIT TRAINING MAY 2016
938803,6/27/2016,INVESTIGATIVE ENCOUNTERS-VIDEO #3 TERRY STOPS AND REASONABLE SUSPICION-UNIT TRAINING JUNE 2016
938803,6/20/2016,INVESTIGATIVE ENCOUNTERS-VIDEO #1 REQUEST FOR INFO-UNIT TRAINING FEB 2016
938803,6/20/2016,INVESTIGATIVE ENCOUNTERS-VIDEO #2 COMMON LAW RIGHT OF INQUIRY-UNIT TRAINING MAY 2016
938803,5/6/2016,BTK (BELT TRAUMA KIT DISTRIBUTION AND FAMILIARIZATION)
938803,2/1/2016,INVESTIGATIVE ENCOUNTERS-VIDEO #1 REQUEST FOR INFO-UNIT TRAINING FEB 2016
938803,12/30/2015,FORCE POLICY REVISION-PAMPHLET - PG 221 - UNIT TRAINING DECEMBER 2015
938803,11/9/2015,EMERGENCY VEHICLE OPERATION JULY 03 - JUNE 07
938803,11/9/2015,FIELD TRAINING PROGRAM JULY 03 - JUNE 07
938803,11/9/2015,PHYSICAL EDUCATION PART 1: FOUNDATIONS OF PHYSICAL FITNESS
938803,11/9/2015,PHYSICAL EDUCATION PART 2: DEFENSIVE TACTICS
938803,11/9/2015,PHYSICAL EDUCATION PART 3: AMERICAN HEART ASSOCIATION BASIC LIFE SUPPORT
938803,11/9/2015,POLICE CRISIS INTERVENTION JULY 03 - JUNE 07
938803,11/9/2015,POLICE FIELD PROBLEMS JULY 03 - JUNE 07
938803,11/9/2015,POLICE INVESTIGATION AND REPORTING JULY 03 - JUNE 07
938803,11/9/2015,POLICING A DEMOCRACY JULY 03 - JUNE 07
938803,11/9/2015,POLICING SPECIAL POPULATIONS JULY 03 - JUNE 07
938803,11/9/2015,PROCEDURAL LAW JULY 03 - JUNE 07
938803,11/9/2015,SUBSTANTIVE LAW JULY 03 - JUNE 07
938803,11/9/2015,TERRORISM AWARENESS AND RESPONSE JULY 03 - JUNE 07
938803,7/11/2014,IN-TAC TRAINING PROGRAM
938803,7/1/2014,SPRINTER VAN QUALIFICATION
938803,6/2/2014,12 PASSENGER VAN / UTILITY VEHICLE QUALIFICATION
938803,7/12/2013,BOX TRUCK QUALIFICATION
938803,2/7/2013,BARRIER TRUCK CERTIFIED
938803,5/31/2012,TINT-METER OPERATION TINTED WINDOW VIOLATIONS
938803,8/30/2011,TASK FORCE TACTICAL TRAINERS
938803,6/6/2011,PROPERTY EVIDENCE TRACKING SYSTEM
938803,1/14/2011,STATIONARY (STEP-OUT) RADAR (NON-HIGHWAY)
938803,10/24/2005,COBRA - COHORT TRAINING
938803,7/11/2005,FOUR WHEEL DRIVE TRAINING
938803,,RECRUIT RMP QUALIFICATION / RMP OPERATOR QUALIFIED
935671,6/23/2025,2025 BWC PROFICIENCY TRAINING
935671,6/23/2025,EAU 2025 POLICE COMMISSIONER JESSICA S. TISCH
935671,6/3/2025,SQF REVIEW AND DOCUMENTATION: SQF MODULE 10
935671,5/20/2025,2025 EQUAL EMPLOYMENT OPPORTUNITY TRAINING - SEXUAL HARASSMENT AWARENESS AND PREVENTION
935671,4/18/2025,CLT-COUNTERTERRORISM AND INTELLIGENCE
935671,3/31/2025,FTS - COLT M4 RE-QUALIFICATION
935671,3/20/2025,VERTEX 949 RADIO OPERATIONAL INSTRUCTIONS
935671,1/23/2025,RIGHT TO KNOW ACT SQF MODULE 9
935671,1/23/2025,VEHICLE PURSUITS
935671,1/14/2025,ACTIVE SHOOTER - SCHOOL RESPONSE PROTOCOL
935671,1/14/2025,KEVIN AND AVONTE SAFE HOME PROGRAM
935671,1/5/2025,SRG - OUT OF CITY
935671,1/2/2025,2025 IDENTIFYING THE IMPAIRED DRIVER REFRESHER
935671,1/2/2025,CELL BLOCK FIRESHIELD EV BLANKETS
935671,12/18/2024,MULTI-FACTOR AUTHENTICATION MFA TRAINING
935671,12/13/2024,INFORMATION SECURITY AWARENESS TRAINING 2024
935671,12/13/2024,NOTIFICATION OF ALLEGATIONS AND EMPLOYEE RIGHTS
935671,11/26/2024,BEHAVIORAL HEALTH EMERGENCY ASSISTANCE RESPONSE DIVISION B-HEARD
935671,11/25/2024,LEAVING THE SCENE COLLISIONS INVESTIGATIVE BEST PRACTICES
935671,11/23/2024,SRG - RESCUE TASK FORCE - LEVEL II
935671,11/20/2024,DRIVING WHILE INTOXICATED AWARENESS VIDEO MODULE 1
935671,10/9/2024,FAMILY BUILDING
935671,10/4/2024,URBAN WATER RESCUE: REFRESHER
935671,9/27/2024,NORTHWELL DIRECT FINEST CARE PROGRAM FOR UMOS
935671,8/30/2024,SRG - RESCUE TASK FORCE - LEVEL II
935671,8/27/2024,RACIAL PROFILING AND BIASED BASED POLICING: SQF MODULE 8
935671,8/21/2024,COUNTERTERRORISM CBRNE-HAZMAT OPERATIONS LEVEL REFRESHER TRAINING
935671,8/20/2024,SRG - 2024 C02 - FFO REFRESHER
935671,8/19/2024,RAPE IS RAPE
935671,8/19/2024,UNMANNED AIRCRAFT SYSTEMS VISUAL OBSERVER
935671,8/6/2024,APX NEXT PORTABLE AND RADIO DISCIPLINE TRAINING VIDEO
935671,8/3/2024,SRG - RESCUE TASK FORCE - LEVEL II
935671,7/24/2024,SRG - OUT OF CITY
935671,7/23/2024,SRG - OUT OF CITY
935671,7/22/2024,MENTAL HEALTH INVOLUNTARY REMOVALS MHL 9.41 AND MHL 9.58
935671,6/25/2024,LEVEL 1 AND LEVEL 2 INVESTIGATIVE ENCOUNTERS
935671,6/17/2024,SRG - RESCUE TASK FORCE - LEVEL II
935671,6/15/2024,SRG - RESCUE TASK FORCE - LEVEL II
935671,6/3/2024,TACTICS WHEN ENGAGING INDIVIDUALS IN A MENTAL HEALTH CRISIS
935671,6/1/2024,SRG - RESCUE TASK FORCE - LEVEL II
935671,5/20/2024,SRG - RESCUE TASK FORCE - LEVEL II
935671,5/19/2024,SRG - RESCUE TASK FORCE - LEVEL II
935671,5/16/2024,2024 EQUAL EMPLOYMENT OPPORTUNITY TRAINING - SEXUAL HARASSMENT AWARENESS AND PREVENTION
935671,5/16/2024,ACCURATE COMPLAINT REPORT CLASSIFICATION
935671,5/16/2024,ASSISTING SURVIVORS OF SEXUAL BASED VIOLENCE WITH ACCESS TO RESOURCES
935671,5/16/2024,DRIVE SMART 2024
935671,5/16/2024,HOUSING BUREAU INTERIOR PATROL TACTICS
935671,4/27/2024,SRG - RESCUE TASK FORCE - LEVEL II
935671,4/8/2024,SRG - 2024 C01 - FFO REFRESHER
935671,4/4/2024,POLICING THE SUBWAY 2024
935671,3/15/2024,2024 VEHICLE SEIZURE FORM REFRESHER
935671,3/15/2024,NYCHA INTERIOR PATROL: SQF MODULE 7
935671,3/5/2024,EMPLOYEE ASSISTANCE UNIT (E.A.U.) IS HERE FOR YOU- 2024
935671,3/4/2024,SRG - RESCUE TASK FORCE - LEVEL II
935671,2/24/2024,SRG - RESCUE TASK FORCE - LEVEL II
935671,2/23/2024,SRG - RESCUE TASK FORCE - LEVEL II
935671,2/13/2024,AUTISM SPECTRUM DISORDER
935671,2/12/2024,SRG - RESCUE TASK FORCE - LEVEL II
935671,2/10/2024,SRG - RESCUE TASK FORCE - LEVEL II
935671,1/12/2024,FTS - ANNUAL CEW RECERTIFICATION
935671,1/1/2024,LGBTQIA PLUS - DIVERSITY AND INCLUSION
935671,1/1/2024,"POSSESSION OR INGESTION OF ANABOLIC STEROIDS, HUMAN GROWTH HORMONE, AND NUTRITIONAL SUPPLEMENTS"
935671,12/21/2023,OPIOID DANGERS- FENTANYL AND CARFENTANIL
935671,12/18/2023,INVESTIGATIVE ENCOUNTERS SUMMARY: SQF MODULE 6
935671,12/16/2023,SRG - RESCUE TASK FORCE - LEVEL II
935671,11/29/2023,AUGMENTED REALITY FEATURE
935671,11/29/2023,ELDER ABUSE -2023 REFRESHER
935671,11/4/2023,SRG - RESCUE TASK FORCE - LEVEL II
935671,10/24/2023,INVESTIGATIVE ENCOUNTERS 2023: MODULE 5 SQF LEVELS 3 AND 4
935671,10/24/2023,NYPD RECRUITMENT TRAINING VIDEO
935671,10/13/2023,VEHICLE MOUNTED VIDEO SYSTEM
935671,10/7/2023,SRG - RESCUE TASK FORCE - LEVEL II
935671,10/3/2023,INFORMATION SECURITY AWARENESS TRAINING - 2023
935671,9/27/2023,EFFECTIVE COMMUNICATION SKILLS - DEAF OR HARD OF HEARING
935671,8/28/2023,2023 SUMMER ALL-OUT BODY WORN CAMERA TRAINING
935671,8/28/2023,NYPD JOUVERT AND WEST INDIAN DAY-2023
935671,8/28/2023,UNMANNED AIRCRAFT PERMIT: DRONES FOR PUBLIC USE
935671,8/7/2023,URBAN WATER RESCUE: FULL CERTIFICATION
935671,7/26/2023,TRAFFIC COURT TESTIMONY VIDEO
935671,7/1/2023,SRG - RESCUE TASK FORCE - LEVEL II
935671,6/19/2023,SRG - RESCUE TASK FORCE - LEVEL II
935671,6/19/2023,URBAN WATER RESCUE: SWIM TEST
935671,6/17/2023,SRG - RESCUE TASK FORCE - LEVEL II
935671,6/3/2023,"INVESTIGATIVE ENCOUNTERS 2023: MODULE 4 SQF LEVELS 2, 3 AND 4"
935671,6/3/2023,SRG - RESCUE TASK FORCE - LEVEL II
935671,6/2/2023,SRG - 2023 C01 - CIRC REFRESHER
935671,5/20/2023,SRG - RESCUE TASK FORCE - LEVEL II
935671,5/2/2023,2023 EQUAL EMPLOYMENT OPPORTUNITY TRAINING-SEXUAL HARASSMENT AWARENESS AND PREVENTION
935671,4/10/2023,2023 LANGUAGE MATTERS - FOSTERING A POSITIVE WORK ENVIRONMENT
935671,4/1/2023,SRG - RESCUE TASK FORCE - LEVEL II
935671,3/28/2023,INVESTIGATIVE ENCOUNTERS 2023: MODULE 3 SQF LEVEL 2
935671,3/20/2023,SRG - RESCUE TASK FORCE - LEVEL II
935671,3/17/2023,ESPER POLICY LIBRARY
935671,3/15/2023,SRG - RESCUE TASK FORCE - LEVEL II
935671,3/11/2023,SRG - RESCUE TASK FORCE - LEVEL II
935671,2/28/2023,INFORMATION SECURITY CRIMINAL JUSTICE TRAINING 2023
935671,2/16/2023,SRG - RESCUE TASK FORCE - LEVEL II
935671,1/25/2023,NYPD-U VOLUNTARY - INVOLUNTARY TRANSPORTS
935671,1/25/2023,RAISING THE LOWER AGE OF JUVENILE DELINQUENCY
935671,1/21/2023,SRG - RESCUE TASK FORCE - LEVEL II
935671,1/18/2023,INVESTIGATIVE ENCOUNTERS 2023: MODULE 2 SQF LEVEL 1
935671,1/3/2023,CLT-VOLUNTARY - INVOLUNTARY TRANSPORTS
935671,12/21/2022,INVESTIGATIVE ENCOUNTERS 2023 - MODULE 1 INTRODUCTION TO SQF
935671,12/5/2022,VIDEO 2 -TACTICAL CONSIDERATIONS FOR TRANSIT PATROL 2022 (PART 1)
935671,12/5/2022,VIDEO 3 - TACTICAL CONSIDERATIONS FOR TRANSIT PATROL 2022 (PART 2)
935671,12/5/2022,VIDEO 4 - PLATFORM SAFETY 2022
935671,12/2/2022,VIDEO 1 - PATROLLING THE NYC SUBWAY SYSTEM 2022
935671,11/30/2022,SRG - 2022 C01 - REFRESHER - PART I - FFO
935671,11/30/2022,SRG - 2022 C01 - REFRESHER - PART II - CIRC
935671,11/2/2022,LGBTQIA PLUS AWARENESS
935671,10/17/2022,SRG - RESCUE TASK FORCE - LEVEL II
935671,10/11/2022,BELT-WORN TRAUMA KIT REFRESHER TRAINING VIDEO-2022
935671,10/11/2022,PROCESSING CIVILIAN COMPLAINTS
935671,10/4/2022,BELT-WORN TRAUMA KIT REFRESHER TRAINING VIDEO-2022
935671,9/12/2022,NYPD JOUVERT  WEST INDIAN DAY
935671,9/12/2022,THE EMPLOYEE ASSISTANCE UNIT (EAU) IS HERE FOR YOU
935671,8/27/2022,SRG - RAPID MOBILIZATION (CIRC)
935671,8/15/2022,SRG - RESCUE TASK FORCE - LEVEL II
935671,8/9/2022,SRG - RESCUE TASK FORCE - LEVEL II
935671,7/30/2022,SRG - RAPID MOBILIZATION (CIRC)
935671,7/8/2022,2022 EQUAL EMPLOYMENT OPPORTUNITY TRAINING-SEXUAL HARASSMENT AWARENESS AND PREVENTION
935671,7/8/2022,CONVICTED OFFENDER DNA DATABANK SPECIMEN COLLECTION KIT
935671,7/8/2022,ILLEGAL EVICTIONS
935671,7/8/2022,VEHICLE SEIZURE FORM
935671,7/5/2022,2022 EQUAL EMPLOYMENT OPPORTUNITY TRAINING-SEXUAL HARASSMENT AWARENESS AND PREVENTION
935671,7/3/2022,SRG - RESCUE TASK FORCE - LEVEL II
935671,6/24/2022,BEST PRACTICES IN STRUCTURED INTERVIEWING
935671,6/24/2022,CAR STOP TACTICS FOR PATROL OFFICERS - MODULE 4: THE HIGH-RISK STOP
935671,6/16/2022,CAR STOP TACTICS FOR PATROL OFFICERS - MODULE 1: CONTROLLING THE STOP
935671,6/16/2022,CAR STOP TACTICS FOR PATROL OFFICERS - MODULE 2: PROHIBITED MANEUVERS
935671,6/16/2022,CAR STOP TACTICS FOR PATROL OFFICERS - MODULE 3: THE UNKNOWN RISK STOP
935671,6/11/2022,SRG - RESCUE TASK FORCE - LEVEL II
935671,6/7/2022,NATIONAL INCIDENT-BASED REPORTING SYSTEM (NIBRS) UPDATES TO THE OMNIFORM COMPLAINT SYSTEMV
935671,6/3/2022,BEST PRACTICES IN STRUCTURED INTERVIEWING
935671,6/3/2022,SRG - RESCUE TASK FORCE - LEVEL II
935671,6/2/2022,NATIONAL INCIDENT-BASED REPORTING SYSTEM (NIBRS) UPDATES TO THE OMNIFORM COMPLAINT SYSTEMV
935671,6/1/2022,PROHIBITED METHODS OF RESTRAINT
935671,5/2/2022,FTS - ANNUAL CEW RECERTIFICATION
935671,4/30/2022,SRG - RESCUE TASK FORCE - LEVEL II
935671,4/23/2022,SRG - RESCUE TASK FORCE - LEVEL II
935671,4/9/2022,SRG - RESCUE TASK FORCE - LEVEL II
935671,4/2/2022,SRG - RESCUE TASK FORCE - LEVEL II
935671,3/31/2022,CONSTITUTIONAL POLICING AT COMMUNITY EVENTS (CPACE)
935671,2/18/2022,COUNTERTERRORISM BUREAU CRITICAL DECISION MAKING FOR COMPLEX COORDINATED ATTACKS
935671,1/13/2022,LOCAL LAW 45 OF 2021-TRAFFIC ENCOUNTERS
935671,12/8/2021,"INTEGRATING COMMUNICATION, ASSESSMENT AND TACTICS (ICAT) MODULE 2"
935671,12/7/2021,IDENTIFYING THE IMPAIRED DRIVER
935671,12/2/2021,SRG - 2021 C02 - BICYCLE REFRESHER
935671,10/27/2021,ARRESTS - RELIGIOUS HEAD COVERING GUIDELINES (PG 208-83)
935671,10/26/2021,ARRESTS - RELIGIOUS HEAD COVERING GUIDELINES (PG 208-83)
935671,10/18/2021,BODY-WORN CAMERA REVIEW PART TWO
935671,10/18/2021,"INTEGRATING COMMUNICATION, ASSESSMENT AND TACTICS (ICAT) MODULE 1"
935671,10/16/2021,BODY-WORN CAMERA REVIEW PART TWO
935671,9/28/2021,COVID-19 SELF-COLLECTION KIT INSTRUCTIONS
935671,9/22/2021,BODY-WORN CAMERA REVIEW PART ONE
935671,9/22/2021,NEIGHBORHOOD POLICING APPLICATION TRAINING
935671,9/22/2021,NEIGHBORHOOD POLICING APPLICATION TRAINING VIDEO
935671,9/19/2021,BODY-WORN CAMERA REVIEW PART ONE
935671,9/15/2021,INFORMATION SECURITY AWARENESS TRAINING 2021
935671,9/15/2021,MAYOR EXECUTIVE ORDER 78 VACCINATION - TESTING COMPLIANCE POLICY
935671,9/15/2021,OPIOID OVERDOSE RECOGNITION AND NARCAN ADMINISTRATION -2021
935671,7/27/2021,EQUAL EMPLOYMENT OPPORTUNITY TRAINING - SEXUAL HARASSMENT AWARENESS AND PREVENTION 2021
935671,7/23/2021,ACTIVE BYSTANDERSHIP FOR LAW ENFORCEMENT (ABLE): ONE DAY COURSE
935671,6/19/2021,SRG - RESCUE TASK FORCE - LEVEL II
935671,6/12/2021,SRG - RESCUE TASK FORCE - LEVEL II
935671,6/11/2021,SRG - 2021 REFRESHER - PART I
935671,6/5/2021,SRG - RESCUE TASK FORCE - LEVEL II
935671,6/4/2021,EMPLOYEE ASSISTANCE UNIT-2021
935671,6/4/2021,OVERVIEW OF THE NEW DISCOVERY LAWS 2021 REFRESHER
935671,6/4/2021,PATROL GUIDE 215-17 POLICE ACTIONS RELATED QUESTIONING ARRESTS AND INVESTIGATIONS AT A NYC DEPARTMEN
935671,5/11/2021,SRG - RAPID MOBILIZATION
935671,4/11/2021,DESK APPEARANCE TICKETS: THE NEW LAW AND THE NEW GUIDELINES FOR PROCESSING DAT'S - 2021 REFRESHER
935671,4/11/2021,EQUAL EMPLOYMENT OPPORTUNITY TRAINING - LGBTQIA+ DIVERSITY AND INCLUSION / EXECUTIVE ORDER 16 OF 201
935671,3/15/2021,SRG - RESCUE TASK FORCE - (VIRTUAL)
935671,1/21/2021,COVID VACCINE DISTRIBUTION AND EDUCATION
935671,12/1/2020,EQUAL EMPLOYMENT OPPORTUNITY TRAINING - LEAVE TO EXPRESS BREAST MILK
935671,8/24/2020,2017-2019 IN-SERVICE CYCLE-INVESTIGATIVE ENCOUNTERS- BASIC TRAINING WITH SCENARIOS
935671,8/18/2020,BALLISTIC VEST DISTRIBUTION PROGRAM
935671,7/20/2020,"EQUAL EMPLOYMENT OPPORTUNITY TRAINING - SEXUAL HARASSMENT, AWARENESS AND PREVENTION"
935671,7/20/2020,HEALTH AND WELLNESS SECTION - MODULE 12 - IN THAT DARK PLACE - AN OFFICER'S JOURNEY
935671,7/20/2020,NEW LAWS AFFECTING POLICE OFFICERS’ CRIMINAL AND CIVIL LIABILITY
935671,7/20/2020,VICTIM BLAMING AND RELEASE OF INFORMATION TO THE MEDIA
935671,5/26/2020,COVID-19: PREPAREDNESS YOUR FAMILY AND HOME
935671,5/26/2020,HEALTH AND WELLNESS SECTION - MODULE 1 - PSYCHOLOGICAL HEALTH AND WELLNESS
935671,5/26/2020,HEALTH AND WELLNESS SECTION - MODULE 10 - SEEKING AND RECEIVING MENTAL HEALTH SUPPORT
935671,5/26/2020,HEALTH AND WELLNESS SECTION - MODULE 11 - HEALTH AND RESILIENCY
935671,5/26/2020,HEALTH AND WELLNESS SECTION - MODULE 2 - JOB COUNSELING AND STRESS
935671,5/26/2020,HEALTH AND WELLNESS SECTION - MODULE 3 - WARNING SIGNS
935671,5/26/2020,HEALTH AND WELLNESS SECTION - MODULE 4 - CUMULATIVE TRAUMA
935671,5/26/2020,HEALTH AND WELLNESS SECTION - MODULE 5 - GAINING PERSPECTIVE
935671,5/26/2020,HEALTH AND WELLNESS SECTION - MODULE 6 - COPING WITH SIGNS OF ANXIETY DEPRESSION
935671,5/26/2020,HEALTH AND WELLNESS SECTION - MODULE 7 - LEADING WITH COMPASSION
935671,5/26/2020,"HEALTH AND WELLNESS SECTION - MODULE 8 - WARNING SIGNS, SUPPORT AND OUTREACH"
935671,5/26/2020,HEALTH AND WELLNESS SECTION - MODULE 9 - MANAGING STRESS ON THE JOB
935671,5/14/2020,COVID-19: PREPAREDENESS
935671,5/14/2020,COVID-19: PROTECTIVE MASKS
935671,5/14/2020,SAFETY CONSIDERATIONS FOR PATROLLING THE NYC SUBWAY SYSTEM -DANGERS OF THE PLATFORM EDGE
935671,3/3/2020,SRG - RAPID MOBILIZATION (CIRC)
935671,2/20/2020,CRIMINAL JUSTICE BUREAU - GIGLIO MATERIAL DISCLOSURES UNDER THE NEW DISCOVERY LAWS
935671,2/20/2020,FTS - BALLISTIC VEST REPLACEMENT - MEASUREMENT - PRE AUG 2020
935671,2/20/2020,INVESTIGATIVE ENCOUNTERS-VIDEO #2 COMMON LAW RIGHT OF INQUIRY-UNIT TRAINING MAY 2016
935671,2/20/2020,UTILIZING BALLISTIC PROTECTION IN DEPARTMENT VEHICLES (4:09)
935671,1/17/2020,PROCESSING DISCOVERY MATERIAL IN THE FORMS ARREST FOLDER
935671,1/9/2020,CROSSFIRE MITIGATION DURING CLOSE COMBAT INCIDENTS - PART 2
935671,12/31/2019,ACTIVITY LOG FOR IPHONE
935671,12/13/2019,CROSSFIRE MITIGATION DURING CLOSE COMBAT INCIDENTS
935671,12/5/2019,CJB - DESK APPEARANCE TICKETS: THE NEW LAWS AND GUIDELINES FOR PROCESSING DATS
935671,12/5/2019,CJB - OVERVIEW OF THE NEW DISCOVERY LAWS
935671,12/2/2019,RESPONDING TO COMMERCIAL ROBBERIES PART LL - MODULE 1 AND MODULE 2
935671,11/27/2019,FTS - ANNUAL CEW RECERTIFICATION
935671,11/18/2019,DISCHARGING YOUR FIREARM AT A MOVING THREAT
935671,11/8/2019,CRIMINAL JUSTICE BUREAU - DNA TRAINING VIDEO
935671,10/13/2019,SRG - RESCUE TASK FORCE AT PRE-PLANNED EVENTS
935671,10/12/2019,SRG - RESCUE TASK FORCE AT PRE-PLANNED EVENTS
935671,10/8/2019,CRITICAL DECISION MAKING MODEL
935671,10/8/2019,FORCE POLICY UPDATE VIDEO
935671,10/8/2019,MARIJUANA POLICY UPDATE
935671,9/15/2019,DOMESTIC VIOLENCE EDUCATION AND COUNSELING
935671,9/5/2019,SRG - LONG RANGE ACOUSTIC DEVICE (LRAD)”
935671,9/1/2019,SHIELD OF RESILIENCE TRAINING COURSE
935671,8/31/2019,CLT-COUNTERTERRORISM AND INTELLIGENCE
935671,8/31/2019,CLT-PROCEDURAL OPERATIONS
935671,8/30/2019,CLT-COUNTERTERRORISM AND INTELLIGENCE
935671,8/30/2019,CLT-DOCUMENTATION AND FORMS
935671,8/30/2019,CLT-ENFORCEMENT ACTIONS
935671,8/30/2019,CLT-INFORMATION TECHNOLOGY
935671,8/30/2019,CLT-OCCUPATIONAL-WORKPLACE SAFETY AND HEALTH
935671,8/30/2019,CLT-PROFESSIONAL DEVELOPMENT
935671,8/30/2019,CLT-PROPERTY
935671,8/29/2019,CLT-COMMUNITY ENGAGEMENT
935671,8/29/2019,CLT-ENFORCEMENT ACTIONS
935671,8/29/2019,CLT-TACTICAL AWARENESS AND OFFICER SAFETY
935671,8/29/2019,"CLT-UNIFORMS, PERSONAL APPEARANCE AND EQUIPMENT"
935671,8/23/2019,CLT-MEMBER-EMPLOYEE WELLNESS
935671,8/23/2019,CLT-OCCUPATIONAL-WORKPLACE SAFETY AND HEALTH
935671,8/8/2019,RESPONDING TO COMMERCIAL ROBBERIES
935671,7/29/2019,RESPONDING TO PEOPLE IN CRISIS – MODULE 4: USING DEPARTMENT MOBILE DIGITAL DEVICES
935671,7/29/2019,TRANSIT BUREAU - SAFETY CONSIDERATIONS FOR PATROLLING THE NYC SUBWAY SYSTEM - PART 2
935671,7/29/2019,TRANSIT BUREAU - TIMELY RESUMPTION OF SERVICE IN NYC TRANSIT
935671,7/16/2019,CLT-TACTICAL AWARENESS AND OFFICER SAFETY
935671,7/3/2019,TRANSIT BUREAU - SAFETY CONSIDERATIONS FOR PATROLLING THE NYC SUBWAY SYSTEM
935671,6/25/2019,CPS BODY-WORN CAMERA TRAINING WITH SCENARIOS
935671,6/17/2019,SRG - RAPID MOBILIZATION
935671,6/11/2019,WORLDPRIDE NYC 2019
935671,5/29/2019,CPS INTERIOR PATROL TRESPASS AFFIDAVIT PROGRAM (TAP) VIDEO 2
935671,5/29/2019,INVESTIGATIVE ENCOUNTERS-VIDEO #4 DOCUMENTATION AND SUPERVISION-UNIT TRAINING JULY 2016
935671,5/29/2019,PATROL- POLYCARBONATE SHIELD
935671,5/29/2019,PUBLIC CONTACT AND CONSENT TO SEARCH (RIGHT TO KNOW) - UNIT TRAINING AUGUST 2016
935671,5/28/2019,COLLABORATIVE POLICING - MEDIATION REFERRAL PROGRAM FOR NON-CRIMINAL COMPLAINTS
935671,5/28/2019,COLLABORATIVE POLICING - THE DEAF AND HARD OF HEARING COMMUNITY
935671,5/28/2019,"CPS INTERIOR PATROL OF HOUSING AUTHORITY BUILDINGS, PG 212-60 ROLL CALL VIDEO 1"
935671,5/28/2019,"CPS INTERIOR PATROL OF HOUSING AUTHORITY BUILDINGS, PG 212-60 ROLL CALL VIDEO 2"
935671,5/28/2019,CPS INTERIOR PATROL TRESPASS AFFIDAVIT PROGRAM (TAP) VIDEO 1
935671,5/28/2019,INVESTIGATIVE ENCOUNTERS-VIDEO #1 REQUEST FOR INFO-UNIT TRAINING FEB 2016
935671,5/28/2019,INVESTIGATIVE ENCOUNTERS-VIDEO #3 TERRY STOPS AND REASONABLE SUSPICION-UNIT TRAINING JUNE 2016
935671,5/21/2019,METHODS OF INSTRUCTION
935671,5/12/2019,SRG - 2019 REFRESHER
935671,4/24/2019,RESPONDING TO PEOPLE IN CRISIS - MODULES 2 AND 3: ACTIVE LISTENING PARTS 1 AND 2
935671,4/1/2019,LEGAL BUREAU - PERJURY TRAINING MODULE
935671,4/1/2019,SAFEGUARDING PRISONERS - OFFICER SAFETY GUIDELINES
935671,3/8/2019,FTS - SMITH AND WESSON MODEL 5946 BARREL REMEDIATION
935671,2/21/2019,"SUPPORT SERVICES DIVISION - CLASS ""C"" OPERATOR"
935671,2/20/2019,COLLABORATIVE POLICING - ELDER ABUSE
935671,2/20/2019,RESPONDING TO PEOPLE IN CRISIS - MODULE 1: SENDING THE RIGHT SIGNALS
935671,12/29/2018,EQUAL EMPLOYMENT OPPORTUNITYTRAINING - SEXUAL HARASSMENT AWARENESS AND PREVENTION
935671,12/29/2018,RESPONDING TO PEOPLE IN CRISIS-INTRODUCTION TO CIT VIDEO SERIES
935671,12/12/2018,AMERICANS WITH DISABILITIES ACT (ADA)
935671,12/12/2018,MARIJUANA BURNING ENFORCEMENT POLICY
935671,10/10/2018,NYC RIGHT TO KNOW ACT LEGISLATION – PART 1
935671,10/5/2018,NYC RIGHT TO KNOW ACT LEGISLATION - PART 2
935671,9/13/2018,RAISE THE AGE
935671,9/11/2018,CLT-ENFORCEMENT ACTIONS
935671,9/11/2018,CLT-OCCUPATIONAL-WORKPLACE SAFETY AND HEALTH
935671,9/5/2018,SRG - RAPID MOBILIZATION (CIRC)
935671,8/30/2018,SRG - M-4 REFRESHER TRAINING
935671,8/29/2018,FTS - ANNUAL CEW RECERTIFICATION
935671,7/24/2018,SRG - RESCUE TASK FORCE AT PRE-PLANNED EVENTS
935671,7/3/2018,AIM COMPONENTS
935671,6/7/2018,CLT-OCCUPATIONAL-WORKPLACE SAFETY AND HEALTH
935671,6/7/2018,COMMUNICATIONS- THE PROPER USAGE OF THE IDA RADIO CODES
935671,6/7/2018,SRG - RAPID MOBILIZATION
935671,5/31/2018,CLT-TACTICAL AWARENESS AND OFFICER SAFETY
935671,5/4/2018,SRG - BICYCLE SQUAD ADVANCE RIDER COURSE
935671,4/16/2018,SRG - M-4 REFRESHER TRAINING
935671,3/30/2018,CPS FAIR AND IMPARTIAL POLICING - ALL POS AND DETS
935671,3/22/2018,SRG - 2018 REFRESHER
935671,3/21/2018,SRG - TACTICAL TRAINING COURSE - LEVEL III
935671,2/17/2018,COLLABORATIVE POLICING- FOREIGN LANGUAGE CERTIFICATION VIDEO
935671,2/17/2018,LEGAL BUREAU PERFORMANCE METRICS - PROHIBITED CONDUCT
935671,1/27/2018,BELT TRAUMA KIT VIDEO
935671,1/27/2018,COBALT
935671,1/27/2018,COUNTERTERRORISM ACTIVE SHOOTER TRAINING
935671,1/27/2018,COUNTERTERRORISM BUREAU FACILITY AWARENESS VIDEO- TIME WARNER BUILDING
935671,1/27/2018,COUNTERTERRORISM BUREAU FACILITY AWARENESS VIDEO-EMPIRE STATE BUILDING
935671,1/27/2018,DAS MESSAGING
935671,1/27/2018,DOMAIN AWARENESS SYSTEM - SEARCH ACCURINT RESULTS
935671,1/27/2018,FORMS SUMMONS
935671,1/27/2018,NEW PERFORMANCE EVALUATION PROCESS
935671,1/27/2018,WARRANT CHECK IN DOMAIN AWARENESS SYSTEM (DAS LITE)
935671,1/21/2018,SRG - RESCUE TASK FORCE
935671,1/3/2018,CLT-EQUAL EMPLOYMENT OPPORTUNITY
935671,12/22/2017,SRG - FIELD FORCE OPERATIONS (FFO) - LEVEL II
935671,11/14/2017,NARCAN NASAL SPRAY TRAINING
935671,11/14/2017,STOP REPORT
935671,11/14/2017,TACTICAL AWARENESS-SMARTPHONE SAFETY
935671,11/10/2017,NARCAN NASAL SPRAY TRAINING
935671,10/5/2017,COLLABORATIVE POLICING- ACCESSING TELEPHONIC INTERPRETERS VIA LANGUAGE LINE
935671,9/15/2017,PATROL- POLYCARBONATE SHIELD
935671,9/15/2017,POLICE COMMISSIONERS MESSAGE - VICTIMS OF SEXUAL ASSAULT VIDEO
935671,9/3/2017,INFORMATION SECURITY AWARENESS TRAINING
935671,8/19/2017,PERSONNEL BUREAU NYPD EMPLOYEE ASSISTANCE UNIT (EAU)
935671,8/2/2017,SRG - M-4 REFRESHER TRAINING
935671,7/26/2017,FTS - ANNUAL CEW RECERTIFICATION
935671,7/1/2017,"CPS INTERIOR PATROL OF HOUSING AUTHORITY BUILDINGS, PG 212-60 ROLL CALL VIDEO 1"
935671,7/1/2017,"CPS INTERIOR PATROL OF HOUSING AUTHORITY BUILDINGS, PG 212-60 ROLL CALL VIDEO 2"
935671,6/23/2017,"CPS INTERIOR PATROL OF HOUSING AUTHORITY BUILDINGS, PG 212-60 ROLL CALL VIDEO 1"
935671,6/23/2017,CPS INTERIOR PATROL TRESPASS AFFIDAVIT PROGRAM (TAP) VIDEO 1
935671,6/23/2017,CPS INTERIOR PATROL TRESPASS AFFIDAVIT PROGRAM (TAP) VIDEO 2
935671,6/8/2017,SRG - 2017 REFRESHER
935671,6/7/2017,SRG - TACTICAL TRAINING COURSE - LEVEL II
935671,5/20/2017,CRIMINAL JUSTICE REFORM ACT ROLL CALL TRAINING PART 1
935671,5/20/2017,CRIMINAL JUSTICE REFORM ACT ROLL CALL TRAINING PART 2
935671,5/18/2017,CRIMINAL JUSTICE REFORM ACT ROLL CALL TRAINING PART 1
935671,4/18/2017,FORCE POLICY REVISION-VIDEO-PG 221-UNIT TRAINING MAY 2016
935671,3/1/2017,EQUAL EMPLOYMENT OPPORTUNITY TRANSGENDER DIVERSITY AND INCLUSION:EXECUTIVE ORDER 16
935671,2/28/2017,SRG - M-4 REFRESHER TRAINING
935671,2/8/2017,COUNTERTERRORISM U.A.S. (UNMANNED AIRCRAFT SYSTEMS) DRONE AWARENESS
935671,2/8/2017,"SRG - ""10 RULES"" OF CLOSE QUARTERS BATTLE (CQB)"
935671,1/31/2017,2016-17 INSERVICE CYCLE-PHYSICAL TACTICS
935671,10/27/2016,X26P TRANSITION COURSE FOR CURRENT X26 END-USER TRAINING
935671,9/29/2016,SRG - TACTICAL TRAINING COURSE - LEVEL 1
935671,9/14/2016,PUBLIC CONTACT AND CONSENT TO SEARCH (RIGHT TO KNOW) - UNIT TRAINING AUGUST 2016
935671,9/10/2016,SRG - BICYCLE CROWD MANAGEMENT COURSE
935671,9/6/2016,INVESTIGATIVE ENCOUNTERS-VIDEO #4 DOCUMENTATION AND SUPERVISION-UNIT TRAINING JULY 2016
935671,8/24/2016,BICYCLE TRAINING (3-DAY)
935671,8/10/2016,SRG- 2016 REFRESHER
935671,8/6/2016,INVESTIGATIVE ENCOUNTERS-VIDEO #3 TERRY STOPS AND REASONABLE SUSPICION-UNIT TRAINING JUNE 2016
935671,5/11/2016,INVESTIGATIVE ENCOUNTERS-VIDEO #2 COMMON LAW RIGHT OF INQUIRY-UNIT TRAINING MAY 2016
935671,5/2/2016,INVESTIGATIVE ENCOUNTERS-VIDEO #2 COMMON LAW RIGHT OF INQUIRY-UNIT TRAINING MAY 2016
935671,4/20/2016,SRG - ACADEMY
935671,3/25/2016,SERGEANTS LEADERSHIP COURSE: NEWLY PROMOTED SERGEANTS
935671,2/11/2016,INVESTIGATIVE ENCOUNTERS-VIDEO #1 REQUEST FOR INFO-UNIT TRAINING FEB 2016
935671,1/22/2016,FORCE POLICY REVISION-PAMPHLET - PG 221 - UNIT TRAINING DECEMBER 2015
935671,12/15/2015,WINDOWS PHONE TRAINING AND DISTRIBUTION
935671,11/9/2015,EMERGENCY VEHICLE OPERATION JULY 03 - JUNE 07
935671,11/9/2015,FIELD TRAINING PROGRAM JULY 03 - JUNE 07
935671,11/9/2015,PHYSICAL EDUCATION PART 1: FOUNDATIONS OF PHYSICAL FITNESS
935671,11/9/2015,PHYSICAL EDUCATION PART 2: DEFENSIVE TACTICS
935671,11/9/2015,PHYSICAL EDUCATION PART 3: AMERICAN HEART ASSOCIATION BASIC LIFE SUPPORT
935671,11/9/2015,POLICE CRISIS INTERVENTION JULY 03 - JUNE 07
935671,11/9/2015,POLICE FIELD PROBLEMS JULY 03 - JUNE 07
935671,11/9/2015,POLICE INVESTIGATION AND REPORTING JULY 03 - JUNE 07
935671,11/9/2015,POLICING A DEMOCRACY JULY 03 - JUNE 07
935671,11/9/2015,POLICING SPECIAL POPULATIONS JULY 03 - JUNE 07
935671,11/9/2015,PROCEDURAL LAW JULY 03 - JUNE 07
935671,11/9/2015,SUBSTANTIVE LAW JULY 03 - JUNE 07
935671,11/9/2015,TERRORISM AWARENESS AND RESPONSE JULY 03 - JUNE 07
935671,6/19/2015,20K TRAINING INITIATIVE - SMART POLICING
935671,6/17/2015,HIGHWAY PRELIMINARY BREATH TEST INSTRUMENT TRAINING - PBT
935671,6/11/2015,20K TRAINING INITIATIVE - FOUNDATIONS OF POLICING
935671,7/2/2014,THREE DAY MOTORCYCLE EVALUATION COURSE
935671,10/15/2013,UNIFORM LEAD
935671,4/29/2013,I/NETDISPATCHER
935671,3/18/2013,UF 250 - OPERATION IMPACT REFRESHER CERTIFIED
935671,3/14/2013,SERGEANT BASIC LEADERSHIP COMPUTER COURSE
935671,3/13/2013,311 QUALITY OF LIFE SYSTEM TRAINING
935671,3/13/2013,FINEST SYSTEM TRAINING
935671,3/12/2013,CIMS ICS 300
935671,3/8/2013,LESS LETHAL TRAINING (M26 - X26 TASER)
935671,2/27/2013,TASK FORCE TACTICAL TRAINERS
935671,12/20/2012,DISORDER CONTROL TRAINING
935671,7/11/2012,DISORDER CONTROL TRAINING
935671,6/13/2012,DISORDER CONTROL TRAINING
935671,3/21/2012,DISORDER CONTROL TRAINING
935671,2/9/2012,DISORDER CONTROL TRAINING
935671,8/17/2011,PROPERTY EVIDENCE TRACKING SYSTEM
935671,4/28/2011,PORT AWARENESS COURSE
935671,4/7/2011,DISORDER CONTROL TRAINING
935671,3/9/2011,TASK FORCE TACTICAL TRAINERS
935671,10/29/2010,HIGHWAY DISTRICT MOTORCYCLE SAFETY AND FAMILIARIZATION EXCERCISE (S.A.F.E.)
935671,4/21/2007,COBRA - COHORT TRAINING
935671,7/9/2004,12 PASSENGER VAN / UTILITY VEHICLE QUALIFICATION
935671,,RECRUIT 12 PASSENGER VAN / UTILITY VEHICLE QUALIFICATION
950712,6/24/2025,EAU 2025 POLICE COMMISSIONER JESSICA S. TISCH
950712,6/19/2025,2025 EQUAL EMPLOYMENT OPPORTUNITY TRAINING - SEXUAL HARASSMENT AWARENESS AND PREVENTION
950712,5/28/2025,SQF REVIEW AND DOCUMENTATION: SQF MODULE 10
950712,4/23/2025,INVESTIGATIVE ENCOUNTERS-VIDEO #1 REQUEST FOR INFO-UNIT TRAINING FEB 2016
950712,3/28/2025,NOTIFICATION OF ALLEGATIONS AND EMPLOYEE RIGHTS
950712,3/28/2025,RIGHT TO KNOW ACT SQF MODULE 9
950712,3/7/2025,FTS - CEW TASER 7 TRANSITION COURSE
950712,3/7/2025,FTS - TASER 7 HOLSTER DISTRIBUTION
950712,1/31/2025,ACTIVE SHOOTER - SCHOOL RESPONSE PROTOCOL
950712,1/31/2025,CELL BLOCK FIRESHIELD EV BLANKETS
950712,1/31/2025,INFORMATION SECURITY AWARENESS TRAINING 2024
950712,1/31/2025,KEVIN AND AVONTE SAFE HOME PROGRAM
950712,1/31/2025,LEAVING THE SCENE COLLISIONS INVESTIGATIVE BEST PRACTICES
950712,1/31/2025,MULTI-FACTOR AUTHENTICATION MFA TRAINING
950712,1/31/2025,VEHICLE PURSUITS
950712,1/16/2025,EQUAL EMPLOYMENT OPPORTUNITY TRAINING FOR UNIFORM SUPERVISORS
950712,1/15/2025,CLT-DOMESTIC VIOLENCE TRAINING
950712,1/9/2025,BEHAVIORAL HEALTH EMERGENCY ASSISTANCE RESPONSE DIVISION B-HEARD
950712,12/18/2024,DRIVING WHILE INTOXICATED AWARENESS VIDEO MODULE 1
950712,10/7/2024,"AXON BODY-WORN CAMERA TRAINING - CAMERA OPERATION, AXON VIEW AND EVIDENCE.COM (REQUIRED FOR LE4 COMM"
950712,10/7/2024,FAMILY BUILDING
950712,10/7/2024,UNMANNED AIRCRAFT SYSTEMS VISUAL OBSERVER
950712,10/1/2024,NORTHWELL DIRECT FINEST CARE PROGRAM FOR UMOS
950712,9/19/2024,MENTAL HEALTH INVOLUNTARY REMOVALS MHL 9.41 AND MHL 9.58
950712,9/11/2024,CLT-PROCEDURAL OPERATIONS
950712,9/1/2024,RAPE IS RAPE
950712,7/29/2024,2024 EQUAL EMPLOYMENT OPPORTUNITY TRAINING - SEXUAL HARASSMENT AWARENESS AND PREVENTION
950712,7/12/2024,ACCURATE COMPLAINT REPORT CLASSIFICATION
950712,7/12/2024,TACTICS WHEN ENGAGING INDIVIDUALS IN A MENTAL HEALTH CRISIS
950712,7/2/2024,LEVEL 1 AND LEVEL 2 INVESTIGATIVE ENCOUNTERS
950712,6/13/2024,LIEUTENANTS DEVELOPMENT COURSE
950712,6/12/2024,EQUAL EMPLOYMENT OPPORTUNITY TRAINING FOR UNIFORM SUPERVISORS
950712,5/8/2024,ASSISTING SURVIVORS OF SEXUAL BASED VIOLENCE WITH ACCESS TO RESOURCES
950712,5/8/2024,EMPLOYEE ASSISTANCE UNIT (E.A.U.) IS HERE FOR YOU- 2024
950712,3/5/2024,LGBTQIA PLUS - DIVERSITY AND INCLUSION
950712,3/1/2024,CLT-PROCEDURAL OPERATIONS
950712,11/17/2023,2023 SUMMER ALL-OUT BODY WORN CAMERA TRAINING
950712,11/17/2023,AUGMENTED REALITY FEATURE
950712,11/17/2023,EFFECTIVE COMMUNICATION SKILLS - DEAF OR HARD OF HEARING
950712,11/17/2023,ELDER ABUSE -2023 REFRESHER
950712,11/17/2023,INFORMATION SECURITY AWARENESS TRAINING - 2023
950712,11/17/2023,INVESTIGATIVE ENCOUNTERS 2023: MODULE 3 SQF LEVEL 2
950712,11/17/2023,INVESTIGATIVE ENCOUNTERS 2023: MODULE 5 SQF LEVELS 3 AND 4
950712,11/17/2023,NYPD RECRUITMENT TRAINING VIDEO
950712,11/17/2023,OPIOID OVERDOSE RECOGNITION AND NARCAN ADMINISTRATION -2021
950712,11/17/2023,TRAFFIC COURT TESTIMONY VIDEO
950712,11/17/2023,VEHICLE MOUNTED VIDEO SYSTEM
950712,8/29/2023,2023 LANGUAGE MATTERS - FOSTERING A POSITIVE WORK ENVIRONMENT
950712,8/29/2023,NYPD JOUVERT AND WEST INDIAN DAY-2023
950712,8/29/2023,UNMANNED AIRCRAFT PERMIT: DRONES FOR PUBLIC USE
950712,7/11/2023,2023 EQUAL EMPLOYMENT OPPORTUNITY TRAINING-SEXUAL HARASSMENT AWARENESS AND PREVENTION
950712,7/11/2023,"INVESTIGATIVE ENCOUNTERS 2023: MODULE 4 SQF LEVELS 2, 3 AND 4"
950712,3/30/2023,CLT-DOCUMENTATION AND FORMS
950712,2/22/2023,INFORMATION SECURITY CRIMINAL JUSTICE TRAINING 2023
950712,2/1/2023,PROCESSING CIVILIAN COMPLAINTS
950712,2/1/2023,THE EMPLOYEE ASSISTANCE UNIT (EAU) IS HERE FOR YOU
950712,2/1/2023,VIDEO 4 - PLATFORM SAFETY 2022
950712,1/31/2023,INVESTIGATIVE ENCOUNTERS 2023 - MODULE 1 INTRODUCTION TO SQF
950712,1/31/2023,INVESTIGATIVE ENCOUNTERS 2023: MODULE 2 SQF LEVEL 1
950712,1/31/2023,NYPD-U VOLUNTARY - INVOLUNTARY TRANSPORTS
950712,1/31/2023,RAISING THE LOWER AGE OF JUVENILE DELINQUENCY
950712,1/31/2023,VIDEO 1 - PATROLLING THE NYC SUBWAY SYSTEM 2022
950712,1/6/2023,CLT-VOLUNTARY - INVOLUNTARY TRANSPORTS
950712,12/28/2022,SERGEANTS DEVELOPMENT COURSE
950712,11/18/2022,FTS - ANNUAL CEW RECERTIFICATION
950712,9/15/2022,CAR STOP TACTICS FOR PATROL OFFICERS - MODULE 4: THE HIGH-RISK STOP
950712,9/14/2022,CAR STOP TACTICS FOR PATROL OFFICERS - MODULE 3: THE UNKNOWN RISK STOP
950712,9/7/2022,2022 EQUAL EMPLOYMENT OPPORTUNITY TRAINING-SEXUAL HARASSMENT AWARENESS AND PREVENTION
950712,9/7/2022,BEST PRACTICES IN STRUCTURED INTERVIEWING
950712,9/7/2022,CONVICTED OFFENDER DNA DATABANK SPECIMEN COLLECTION KIT
950712,9/7/2022,NATIONAL INCIDENT-BASED REPORTING SYSTEM (NIBRS) UPDATES TO THE OMNIFORM COMPLAINT SYSTEMV
950712,9/7/2022,NYPD JOUVERT  WEST INDIAN DAY
950712,9/7/2022,PROHIBITED METHODS OF RESTRAINT
950712,9/7/2022,VEHICLE SEIZURE FORM
950712,6/25/2022,CAR STOP TACTICS FOR PATROL OFFICERS - MODULE 1: CONTROLLING THE STOP
950712,6/25/2022,CAR STOP TACTICS FOR PATROL OFFICERS - MODULE 2: PROHIBITED MANEUVERS
950712,5/17/2022,ILLEGAL EVICTIONS
950712,5/17/2022,MAYOR EXECUTIVE ORDER 78 VACCINATION - TESTING COMPLIANCE POLICY
950712,1/25/2022,BODY-WORN CAMERA REVIEW PART ONE
950712,12/16/2021,ACTIVE BYSTANDERSHIP FOR LAW ENFORCEMENT (ABLE): ONE DAY COURSE
950712,12/6/2021,"INTEGRATING COMMUNICATION, ASSESSMENT AND TACTICS (ICAT) MODULE 1"
950712,10/26/2021,ARRESTS - RELIGIOUS HEAD COVERING GUIDELINES (PG 208-83)
950712,10/21/2021,FTS - ANNUAL CEW RECERTIFICATION
950712,10/14/2021,BODY-WORN CAMERA REVIEW PART TWO
950712,7/22/2021,EMPLOYEE ASSISTANCE UNIT-2021
950712,7/22/2021,EQUAL EMPLOYMENT OPPORTUNITY TRAINING - SEXUAL HARASSMENT AWARENESS AND PREVENTION 2021
950712,7/22/2021,OVERVIEW OF THE NEW DISCOVERY LAWS 2021 REFRESHER
950712,5/12/2021,EQUAL EMPLOYMENT OPPORTUNITY TRAINING - LGBTQIA+ DIVERSITY AND INCLUSION / EXECUTIVE ORDER 16 OF 201
950712,3/12/2021,CLT-PROCEDURAL OPERATIONS
950712,2/12/2021,CLT-DOCUMENTATION AND FORMS
950712,2/12/2021,CLT-LEGAL ISSUES
950712,2/12/2021,CLT-OCCUPATIONAL-WORKPLACE SAFETY AND HEALTH
950712,2/12/2021,"CUSTOMER SERVICE PROGRAM:  ROLL CALL MODULE 2, COMMUNICATION SKILLS"
950712,2/11/2021,"CUSTOMER SERVICE PROGRAM:  ROLL CALL MODULE 1, INTRODUCTION TO PRECINCT GREETER PROGRAM"
950712,1/29/2021,CLT-LEGAL ISSUES
950712,1/29/2021,"CUSTOMER SERVICE PROGRAM:  ROLL CALL MODULE 1, INTRODUCTION TO PRECINCT GREETER PROGRAM"
950712,12/2/2020,EQUAL EMPLOYMENT OPPORTUNITY TRAINING - LEAVE TO EXPRESS BREAST MILK
950712,12/2/2020,HEALTH AND WELLNESS SECTION - MODULE 12 - IN THAT DARK PLACE - AN OFFICER'S JOURNEY
950712,12/2/2020,HEALTH AND WELLNESS SECTION - MODULE 2 - JOB COUNSELING AND STRESS
950712,12/2/2020,HEALTH AND WELLNESS SECTION - MODULE 3 - WARNING SIGNS
950712,12/2/2020,HEALTH AND WELLNESS SECTION - MODULE 4 - CUMULATIVE TRAUMA
950712,12/2/2020,HEALTH AND WELLNESS SECTION - MODULE 5 - GAINING PERSPECTIVE
950712,12/2/2020,HEALTH AND WELLNESS SECTION - MODULE 6 - COPING WITH SIGNS OF ANXIETY DEPRESSION
950712,12/2/2020,HEALTH AND WELLNESS SECTION - MODULE 7 - LEADING WITH COMPASSION
950712,12/2/2020,"HEALTH AND WELLNESS SECTION - MODULE 8 - WARNING SIGNS, SUPPORT AND OUTREACH"
950712,12/2/2020,HEALTH AND WELLNESS SECTION - MODULE 9 - MANAGING STRESS ON THE JOB
950712,12/2/2020,SAFETY CONSIDERATIONS FOR PATROLLING THE NYC SUBWAY SYSTEM -DANGERS OF THE PLATFORM EDGE
950712,11/20/2020,FTS - ANNUAL CEW RECERTIFICATION
950712,9/10/2020,"EQUAL EMPLOYMENT OPPORTUNITY TRAINING - SEXUAL HARASSMENT, AWARENESS AND PREVENTION"
950712,9/3/2020,COVID-19: PREPAREDENESS
950712,9/3/2020,COVID-19: PROTECTIVE MASKS
950712,9/3/2020,CRIMINAL JUSTICE BUREAU - GIGLIO MATERIAL DISCLOSURES UNDER THE NEW DISCOVERY LAWS
950712,9/3/2020,HEALTH AND WELLNESS SECTION - MODULE 1 - PSYCHOLOGICAL HEALTH AND WELLNESS
950712,9/3/2020,HEALTH AND WELLNESS SECTION - MODULE 10 - SEEKING AND RECEIVING MENTAL HEALTH SUPPORT
950712,9/3/2020,HEALTH AND WELLNESS SECTION - MODULE 11 - HEALTH AND RESILIENCY
950712,9/3/2020,INVESTIGATIVE ENCOUNTERS-VIDEO #2 COMMON LAW RIGHT OF INQUIRY-UNIT TRAINING MAY 2016
950712,9/3/2020,NEW LAWS AFFECTING POLICE OFFICERS’ CRIMINAL AND CIVIL LIABILITY
950712,9/3/2020,UTILIZING BALLISTIC PROTECTION IN DEPARTMENT VEHICLES (4:09)
950712,9/3/2020,VICTIM BLAMING AND RELEASE OF INFORMATION TO THE MEDIA
950712,8/31/2020,CONSTITUTIONAL POLICING AT COMMUNITY EVENTS (CPACE)
950712,6/1/2020,CLT-OCCUPATIONAL-WORKPLACE SAFETY AND HEALTH
950712,5/29/2020,COVID-19: PREPAREDNESS YOUR FAMILY AND HOME
950712,5/29/2020,CRIME CONTROL STRATEGIES- COMMUNITY SUPERVISION
950712,5/21/2020,CLT-PROCEDURAL OPERATIONS
950712,5/19/2020,CLT-OCCUPATIONAL-WORKPLACE SAFETY AND HEALTH
950712,5/19/2020,CLT-PROCEDURAL OPERATIONS
950712,5/18/2020,CLT-PROCEDURAL OPERATIONS
950712,5/14/2020,CLT-PROCEDURAL OPERATIONS
950712,5/6/2020,CLT-OCCUPATIONAL-WORKPLACE SAFETY AND HEALTH
950712,4/7/2020,CLT-OCCUPATIONAL-WORKPLACE SAFETY AND HEALTH
950712,4/3/2020,CLT-OCCUPATIONAL-WORKPLACE SAFETY AND HEALTH
950712,3/31/2020,CLT-OCCUPATIONAL-WORKPLACE SAFETY AND HEALTH
950712,1/14/2020,PROCESSING DISCOVERY MATERIAL IN THE FORMS ARREST FOLDER
950712,1/11/2020,DETECTIVE BUREAU ASPCA ANIMAL CRUELTY SEMINAR
950712,1/9/2020,"HME - HOMEMADE EXPLOSIVES: AWARENESS, RECOGNITION, AND RESPONSE"
950712,1/7/2020,CROSSFIRE MITIGATION DURING CLOSE COMBAT INCIDENTS - PART 2
950712,12/22/2019,ACTIVITY LOG FOR IPHONE
950712,12/22/2019,CRITICAL DECISION MAKING MODEL
950712,12/22/2019,RESPONDING TO COMMERCIAL ROBBERIES PART LL - MODULE 1 AND MODULE 2
950712,12/10/2019,CROSSFIRE MITIGATION DURING CLOSE COMBAT INCIDENTS
950712,12/7/2019,CPS - INTERIOR PATROL OF HOUSING AUTHORITY BUILDINGS
950712,12/5/2019,"CJB - DAT - DISCOVERY LAW TRAINING FOR TRAINING SGTS, OPS COORDINATORS, COS AND XOS"
950712,12/4/2019,CJB - DESK APPEARANCE TICKETS: THE NEW LAWS AND GUIDELINES FOR PROCESSING DATS
950712,12/4/2019,CJB - OVERVIEW OF THE NEW DISCOVERY LAWS
950712,12/4/2019,DISCHARGING YOUR FIREARM AT A MOVING THREAT
950712,12/4/2019,FORCE POLICY UPDATE VIDEO
950712,11/21/2019,PRISONER ESCAPE WARNING SIGNS
950712,10/29/2019,FTS - TACTICAL TRAINING CENTER 111 PCT - SESSION 2
950712,10/28/2019,CRIMINAL JUSTICE BUREAU - DNA TRAINING VIDEO
950712,10/24/2019,CLT-OCCUPATIONAL-WORKPLACE SAFETY AND HEALTH
950712,10/17/2019,FTS - ANNUAL CEW RECERTIFICATION
950712,10/10/2019,ILERSBA - INITIAL LAW ENFORCMENT RESPONSE TO SUICIDE BOMBING ATTACKS
950712,9/25/2019,MARIJUANA POLICY UPDATE
950712,9/24/2019,CLT-OCCUPATIONAL-WORKPLACE SAFETY AND HEALTH
950712,9/10/2019,DOMESTIC VIOLENCE EDUCATION AND COUNSELING
950712,9/5/2019,SHIELD OF RESILIENCE TRAINING COURSE
950712,8/12/2019,RESPONDING TO COMMERCIAL ROBBERIES
950712,7/25/2019,CLT-OCCUPATIONAL-WORKPLACE SAFETY AND HEALTH
950712,7/19/2019,COUNTER TERRORISM VEHICLE SCREENING AND CHECKPOINT COURSE
950712,7/15/2019,TRANSIT BUREAU - SAFETY CONSIDERATIONS FOR PATROLLING THE NYC SUBWAY SYSTEM
950712,7/15/2019,TRANSIT BUREAU - SAFETY CONSIDERATIONS FOR PATROLLING THE NYC SUBWAY SYSTEM - PART 2
950712,7/15/2019,TRANSIT BUREAU - TIMELY RESUMPTION OF SERVICE IN NYC TRANSIT
950712,7/3/2019,CLT-OCCUPATIONAL-WORKPLACE SAFETY AND HEALTH
950712,6/27/2019,RESPONDING TO PEOPLE IN CRISIS – MODULE 4: USING DEPARTMENT MOBILE DIGITAL DEVICES
950712,6/13/2019,CRIMINAL JUSTICE REFORM ACT ROLL CALL TRAINING PART 1
950712,6/13/2019,CRIMINAL JUSTICE REFORM ACT ROLL CALL TRAINING PART 2
950712,6/13/2019,INVESTIGATIVE ENCOUNTERS-VIDEO #1 REQUEST FOR INFO-UNIT TRAINING FEB 2016
950712,6/13/2019,INVESTIGATIVE ENCOUNTERS-VIDEO #3 TERRY STOPS AND REASONABLE SUSPICION-UNIT TRAINING JUNE 2016
950712,6/13/2019,INVESTIGATIVE ENCOUNTERS-VIDEO #4 DOCUMENTATION AND SUPERVISION-UNIT TRAINING JULY 2016
950712,6/13/2019,PUBLIC CONTACT AND CONSENT TO SEARCH (RIGHT TO KNOW) - UNIT TRAINING AUGUST 2016
950712,6/7/2019,WORLDPRIDE NYC 2019
950712,6/5/2019,NEIGHBORHOOD COORDINATION OFFICER (NCO)
950712,6/4/2019,COLLABORATIVE POLICING - MEDIATION REFERRAL PROGRAM FOR NON-CRIMINAL COMPLAINTS
950712,6/4/2019,NCO ECMS TRAINING
950712,6/4/2019,RESPONDING TO PEOPLE IN CRISIS - MODULES 2 AND 3: ACTIVE LISTENING PARTS 1 AND 2
950712,6/3/2019,COLLABORATIVE POLICING - THE DEAF AND HARD OF HEARING COMMUNITY
950712,4/18/2019,2017-2019 IN-SERVICE CYCLE-INVESTIGATIVE ENCOUNTERS-SUPERVISOR TRAINING WITHOUT SCENARIOS
950712,4/16/2019,LEGAL BUREAU - PERJURY TRAINING MODULE
950712,4/11/2019,2017-2019 IN-SERVICE CYCLE-INTEGRATED TACTICS
950712,4/2/2019,COLLABORATIVE POLICING - ELDER ABUSE
950712,4/2/2019,RESPONDING TO PEOPLE IN CRISIS - MODULE 1: SENDING THE RIGHT SIGNALS
950712,3/19/2019,SAFEGUARDING PRISONERS - OFFICER SAFETY GUIDELINES
950712,2/19/2019,EQUAL EMPLOYMENT OPPORTUNITYTRAINING - SEXUAL HARASSMENT AWARENESS AND PREVENTION
950712,2/19/2019,"SUPPORT SERVICES DIVISION - CLASS ""C"" OPERATOR"
950712,1/19/2019,DETECTIVE BUREAU ASPCA ANIMAL CRUELTY SEMINAR
950712,1/15/2019,PATROL DOOR BAG - ROPE AND WEDGE INTRODUCTION
950712,12/19/2018,MARIJUANA BURNING ENFORCEMENT POLICY
950712,11/15/2018,AMERICANS WITH DISABILITIES ACT (ADA)
950712,11/2/2018,FTS - ANNUAL CEW RECERTIFICATION
950712,10/23/2018,CLT-OCCUPATIONAL-WORKPLACE SAFETY AND HEALTH
950712,10/22/2018,RESPONDING TO PEOPLE IN CRISIS-INTRODUCTION TO CIT VIDEO SERIES
950712,10/1/2018,NYC RIGHT TO KNOW ACT LEGISLATION - PART 2
950712,10/1/2018,NYC RIGHT TO KNOW ACT LEGISLATION – PART 1
950712,9/10/2018,RAISE THE AGE
950712,9/3/2018,CLT-ENFORCEMENT ACTIONS
950712,6/5/2018,CLT-TACTICAL AWARENESS AND OFFICER SAFETY
950712,5/31/2018,COMMUNICATIONS- THE PROPER USAGE OF THE IDA RADIO CODES
950712,5/21/2018,FTS - CEW X26P HOLSTER TRAINING AND DISTRIBUTION
950712,4/3/2018,CPS FAIR AND IMPARTIAL POLICING - ALL POS AND DETS
950712,3/26/2018,CPS BODY-WORN CAMERA TRAINING WITH SCENARIOS
950712,3/14/2018,LEGAL BUREAU PERFORMANCE METRICS - PROHIBITED CONDUCT
950712,1/31/2018,TABLETOP EXERCISE
950712,1/25/2018,CRISIS INTERVENTION TEAM TRAINING
950712,1/18/2018,FTS - CEW END USER CERTIFICATION
950712,1/15/2018,EQUAL EMPLOYMENT OPPORTUNITY TRAINING FOR UNIFORM SUPERVISORS
950712,12/30/2017,COUNTERTERRORISM ACTIVE SHOOTER TRAINING
950712,12/30/2017,NEW YEAR'S EVE TACTICAL AWARENESS
950712,12/13/2017,COLLABORATIVE POLICING- FOREIGN LANGUAGE CERTIFICATION VIDEO
950712,12/13/2017,COUNTERTERRORISM BUREAU INITIAL PATROL RESPONSE FOR ACTIVE SHOOTER
950712,12/11/2017,NEW PERFORMANCE EVALUATION PROCESS
950712,11/29/2017,TACTICAL AWARENESS-SMARTPHONE SAFETY
950712,10/25/2017,NARCAN NASAL SPRAY TRAINING
950712,10/13/2017,INFORMATION SECURITY AWARENESS TRAINING
950712,10/13/2017,NARCAN NASAL SPRAY TRAINING
950712,9/18/2017,COLLABORATIVE POLICING- ACCESSING TELEPHONIC INTERPRETERS VIA LANGUAGE LINE
950712,9/8/2017,COUNTERTERRORISM U.A.S. (UNMANNED AIRCRAFT SYSTEMS) DRONE AWARENESS
950712,9/8/2017,"CPS INTERIOR PATROL OF HOUSING AUTHORITY BUILDINGS, PG 212-60 ROLL CALL VIDEO 1"
950712,9/8/2017,"CPS INTERIOR PATROL OF HOUSING AUTHORITY BUILDINGS, PG 212-60 ROLL CALL VIDEO 2"
950712,9/8/2017,CPS INTERIOR PATROL TRESPASS AFFIDAVIT PROGRAM (TAP) VIDEO 1
950712,9/8/2017,CPS INTERIOR PATROL TRESPASS AFFIDAVIT PROGRAM (TAP) VIDEO 2
950712,9/7/2017,BELT TRAUMA KIT VIDEO
950712,9/7/2017,COUNTERTERRORISM BUREAU FACILITY AWARENESS VIDEO- TIME WARNER BUILDING
950712,9/7/2017,COUNTERTERRORISM BUREAU FACILITY AWARENESS VIDEO-EMPIRE STATE BUILDING
950712,9/7/2017,EQUAL EMPLOYMENT OPPORTUNITY TRANSGENDER DIVERSITY AND INCLUSION:EXECUTIVE ORDER 16
950712,9/7/2017,PATROL- POLYCARBONATE SHIELD
950712,8/2/2017,BTK (BELT TRAUMA KIT DISTRIBUTION AND FAMILIARIZATION)
950712,7/27/2017,PERSONNEL BUREAU NYPD EMPLOYEE ASSISTANCE UNIT (EAU)
950712,7/27/2017,POLICE COMMISSIONERS MESSAGE - VICTIMS OF SEXUAL ASSAULT VIDEO
950712,6/21/2017,CPS INTERIOR PATROL TRESPASS AFFIDAVIT PROGRAM (TAP) VIDEO 1
950712,6/21/2017,CPS INTERIOR PATROL TRESPASS AFFIDAVIT PROGRAM (TAP) VIDEO 2
950712,6/7/2017,"CPS INTERIOR PATROL OF HOUSING AUTHORITY BUILDINGS, PG 212-60 ROLL CALL VIDEO 1"
950712,6/7/2017,"CPS INTERIOR PATROL OF HOUSING AUTHORITY BUILDINGS, PG 212-60 ROLL CALL VIDEO 2"
950712,5/25/2017,CRIMINAL JUSTICE REFORM ACT ROLL CALL TRAINING PART 1
950712,5/25/2017,CRIMINAL JUSTICE REFORM ACT ROLL CALL TRAINING PART 2
950712,4/21/2017,INVESTIGATIVE ENCOUNTERS-VIDEO #3 TERRY STOPS AND REASONABLE SUSPICION-UNIT TRAINING JUNE 2016
950712,4/21/2017,PUBLIC CONTACT AND CONSENT TO SEARCH (RIGHT TO KNOW) - UNIT TRAINING AUGUST 2016
950712,1/31/2017,FORCE POLICY REVISION-VIDEO-PG 221-UNIT TRAINING MAY 2016
950712,12/15/2016,COUNTERTERRORISM PERSONAL RADIATION DETECTION COURSE
950712,10/5/2016,2016-17 INSERVICE CYCLE-PHYSICAL TACTICS
950712,9/2/2016,ADVANCED TACTICAL FIREARMS TRAINING COURSE
950712,8/19/2016,INVESTIGATIVE ENCOUNTERS-VIDEO #4 DOCUMENTATION AND SUPERVISION-UNIT TRAINING JULY 2016
950712,5/26/2016,INVESTIGATIVE ENCOUNTERS-VIDEO #2 COMMON LAW RIGHT OF INQUIRY-UNIT TRAINING MAY 2016
950712,2/12/2016,WINDOWS PHONE TRAINING AND DISTRIBUTION
950712,2/5/2016,INVESTIGATIVE ENCOUNTERS-VIDEO #1 REQUEST FOR INFO-UNIT TRAINING FEB 2016
950712,2/5/2016,RADIOLOGICAL/NUCLEAR AWARENESS TSGP
950712,1/20/2016,FORCE POLICY REVISION-PAMPHLET - PG 221 - UNIT TRAINING DECEMBER 2015
950712,1/7/2016,COUNTERTERRORISM AWARENESS FOR THE LAW ENFORCEMENT PROFESSIONAL COURSE (CTALEP)
950712,11/24/2015,PLAIN CLOTHES TRAINING CERTIFIED BASIC PLAIN-CLOTHES COURSE
950712,11/9/2015,EMERGENCY VEHICLE OPERATION JULY 07 - PRESENT
950712,11/9/2015,FIELD TRAINING PROGRAM JULY 07 - PRESENT
950712,11/9/2015,PHYSICAL EDUCATION PART 1: FOUNDATIONS OF PHYSICAL FITNESS
950712,11/9/2015,PHYSICAL EDUCATION PART 2: DEFENSIVE TACTICS JULY 07 - PRESENT
950712,11/9/2015,PHYSICAL EDUCATION PART 3: AMERICAN HEART ASSOCIATION BASIC LIFE SUPPORT
950712,11/9/2015,POLICE CRISIS INTERVENTION JULY 07 - PRESENT
950712,11/9/2015,POLICE FIELD PROBLEMS JULY 07 - PRESENT
950712,11/9/2015,POLICE INVESTIGATION AND REPORTING JULY 07 - PRESENT
950712,11/9/2015,POLICING A DEMOCRACY JULY 07 - PRESENT
950712,11/9/2015,POLICING SPECIAL POPULATIONS JULY 07 - PRESENT
950712,11/9/2015,PROCEDURAL LAW JULY 07 - PRESENT
950712,11/9/2015,SUBSTANTIVE LAW JULY 07 - PRESENT
950712,11/9/2015,TERRORISM AWARENESS AND RESPONSE JULY 07 - PRESENT
950712,11/3/2015,FUNDAMENTALS OF AUTO THEFT INVESTIGATION
950712,10/9/2015,PSB OPERATION LOSING PROPOSITION
950712,2/9/2015,20K TRAINING INITIATIVE - PHYSICAL TACTICS
950712,1/30/2015,20K TRAINING INITIATIVE - SMART POLICING
950712,1/22/2015,20K TRAINING INITIATIVE - FOUNDATIONS OF POLICING
950712,1/20/2015,ADVANCED EXPLOSIVE TRACE DETECTION COURSE
950712,12/9/2014,ALERRT-ACTIVE SHOOTER LEVEL I (CTD)
950712,10/29/2014,PSB MARIJUANA FIELD TESTING
950712,10/30/2013,PLAIN CLOTHES TRAINING CERTIFIED BASIC PLAIN-CLOTHES COURSE
950712,10/24/2013,CABARET/CLUB ENFORCEMENT TRAINING
950712,9/25/2013,UF 250 - OPERATION IMPACT REFRESHER CERTIFIED
950712,5/30/2012,UF 250 - OPERATION IMPACT REFRESHER CERTIFIED
950712,11/3/2011,PROPERTY EVIDENCE TRACKING SYSTEM
950712,10/29/2011,COBRA - COHORT TRAINING
950712,7/6/2011,12 PASSENGER VAN / UTILITY VEHICLE QUALIFICATION
950712,7/6/2011,FOUR WHEEL DRIVE TRAINING
950712,,FOUR WHEEL DRIVE TRAINING
950712,,RECRUIT 12 PASSENGER VAN / UTILITY VEHICLE QUALIFICATION
950712,,RECRUIT RMP QUALIFICATION / RMP OPERATOR QUALIFIED
963105,6/8/2025,EAU 2025 POLICE COMMISSIONER JESSICA S. TISCH
963105,5/28/2025,2025 EQUAL EMPLOYMENT OPPORTUNITY TRAINING - SEXUAL HARASSMENT AWARENESS AND PREVENTION
963105,5/28/2025,2025 IDENTIFYING THE IMPAIRED DRIVER REFRESHER
963105,5/28/2025,ACTIVE SHOOTER - SCHOOL RESPONSE PROTOCOL
963105,5/28/2025,CELL BLOCK FIRESHIELD EV BLANKETS
963105,5/28/2025,KEVIN AND AVONTE SAFE HOME PROGRAM
963105,5/28/2025,MULTI-FACTOR AUTHENTICATION MFA TRAINING
963105,5/28/2025,SQF REVIEW AND DOCUMENTATION: SQF MODULE 10
963105,1/30/2025,RIGHT TO KNOW ACT SQF MODULE 9
963105,1/30/2025,VEHICLE PURSUITS
963105,12/19/2024,INFORMATION SECURITY AWARENESS TRAINING 2024
963105,12/16/2024,BEHAVIORAL HEALTH EMERGENCY ASSISTANCE RESPONSE DIVISION B-HEARD
963105,12/16/2024,DRIVING WHILE INTOXICATED AWARENESS VIDEO MODULE 1
963105,12/16/2024,FAMILY BUILDING
963105,12/16/2024,LEAVING THE SCENE COLLISIONS INVESTIGATIVE BEST PRACTICES
963105,12/11/2024,NOTIFICATION OF ALLEGATIONS AND EMPLOYEE RIGHTS
963105,12/4/2024,NORTHWELL DIRECT FINEST CARE PROGRAM FOR UMOS
963105,11/4/2024,RACIAL PROFILING AND BIASED BASED POLICING: SQF MODULE 8
963105,8/29/2024,APX NEXT PORTABLE AND RADIO DISCIPLINE TRAINING VIDEO
963105,8/29/2024,DRIVE SMART 2024
