taxid,date,name
977930,11/9/2015,SUBSTANTIVE LAW JULY 07 - PRESENT
977930,11/9/2015,TERRORISM AWARENESS AND RESPONSE JULY 07 - PRESENT
956706,10/22/2025,EXTREME RISK PROTECTION ORDER (ERPO)
956706,9/26/2025,2025 EQUAL EMPLOYMENT OPPORTUNITY TRAINING - SEXUAL HARASSMENT AWARENESS AND PREVENTION
956706,9/17/2025,INTRODUCTION TO THE NEW 311 RADIO CODE
956706,9/17/2025,PATROL TACTICS
956706,9/3/2025,NYPD JOUVERT AND WEST INDIAN DAY-2025
956706,9/3/2025,SPECIAL VICTIMS UNIT - BEST PRACTICES GUIDE TRAINING
956706,8/19/2025,FTS - CEW TASER 7 TRANSITION COURSE
956706,6/27/2025,EAU 2025 POLICE COMMISSIONER JESSICA S. TISCH
956706,6/18/2025,2025 BWC PROFICIENCY TRAINING
956706,3/26/2025,INVESTIGATIVE ENCOUNTERS - STOP REPORT REFRESHER TRAINING
956706,3/21/2025,ADVANCED TACTICAL FIREARMS TRAINING COURSE
956706,2/7/2025,2025 IDENTIFYING THE IMPAIRED DRIVER REFRESHER
956706,2/7/2025,ACTIVE SHOOTER - SCHOOL RESPONSE PROTOCOL
956706,2/7/2025,CELL BLOCK FIRESHIELD EV BLANKETS
956706,2/7/2025,KEVIN AND AVONTE SAFE HOME PROGRAM
956706,2/7/2025,LEVEL 1 AND LEVEL 2 INVESTIGATIVE ENCOUNTERS
956706,2/7/2025,RACIAL PROFILING AND BIASED BASED POLICING: SQF MODULE 8
956706,2/7/2025,RIGHT TO KNOW ACT SQF MODULE 9
956706,2/7/2025,VEHICLE PURSUITS
956706,12/18/2024,DRIVING WHILE INTOXICATED AWARENESS VIDEO MODULE 1
956706,12/18/2024,FAMILY BUILDING
956706,12/18/2024,INFORMATION SECURITY AWARENESS TRAINING 2024
956706,12/18/2024,LEAVING THE SCENE COLLISIONS INVESTIGATIVE BEST PRACTICES
956706,12/18/2024,MULTI-FACTOR AUTHENTICATION MFA TRAINING
956706,12/18/2024,NORTHWELL DIRECT FINEST CARE PROGRAM FOR UMOS
956706,12/18/2024,NOTIFICATION OF ALLEGATIONS AND EMPLOYEE RIGHTS
956706,8/27/2024,DRIVE SMART 2024
956706,8/27/2024,UNMANNED AIRCRAFT SYSTEMS VISUAL OBSERVER
956706,8/7/2024,DETECTIVE BUREAU TWO DAY VEHICLE CLOSE QUARTER BATTLE COURSE
956706,6/14/2024,ACCURATE COMPLAINT REPORT CLASSIFICATION
956706,6/14/2024,ASSISTING SURVIVORS OF SEXUAL BASED VIOLENCE WITH ACCESS TO RESOURCES
956706,6/14/2024,TACTICS WHEN ENGAGING INDIVIDUALS IN A MENTAL HEALTH CRISIS
956706,4/29/2024,2024 EQUAL EMPLOYMENT OPPORTUNITY TRAINING - SEXUAL HARASSMENT AWARENESS AND PREVENTION
956706,4/29/2024,2024 VEHICLE SEIZURE FORM REFRESHER
956706,4/29/2024,AUGMENTED REALITY FEATURE
956706,4/29/2024,CLT-DOMESTIC VIOLENCE TRAINING
956706,4/29/2024,EFFECTIVE COMMUNICATION SKILLS - DEAF OR HARD OF HEARING
956706,4/29/2024,ELDER ABUSE -2023 REFRESHER
956706,4/29/2024,EMPLOYEE ASSISTANCE UNIT (E.A.U.) IS HERE FOR YOU- 2024
956706,4/29/2024,HOUSING BUREAU INTERIOR PATROL TACTICS
956706,4/29/2024,INFORMATION SECURITY AWARENESS TRAINING - 2023
956706,4/29/2024,NYCHA INTERIOR PATROL: SQF MODULE 7
956706,4/29/2024,NYPD JOUVERT AND WEST INDIAN DAY-2023
956706,4/29/2024,POLICING THE SUBWAY 2024
956706,4/29/2024,VEHICLE MOUNTED VIDEO SYSTEM
956706,2/24/2024,12 PASSENGER VAN / UTILITY VEHICLE QUALIFICATION
956706,2/20/2024,CLT-COUNTERTERRORISM AND INTELLIGENCE
956706,2/20/2024,"CLT-UNIFORMS, PERSONAL APPEARANCE AND EQUIPMENT"
956706,2/13/2024,CLT-DOMESTIC VIOLENCE TRAINING
956706,2/8/2024,CLT-PROFESSIONAL DEVELOPMENT
956706,2/6/2024,CLT-DOMESTIC VIOLENCE TRAINING
956706,2/5/2024,AUTISM SPECTRUM DISORDER
956706,2/5/2024,INVESTIGATIVE ENCOUNTERS 2023: MODULE 5 SQF LEVELS 3 AND 4
956706,2/5/2024,INVESTIGATIVE ENCOUNTERS SUMMARY: SQF MODULE 6
956706,2/5/2024,LGBTQIA PLUS - DIVERSITY AND INCLUSION
956706,2/5/2024,NYPD RECRUITMENT TRAINING VIDEO
956706,2/5/2024,OPIOID DANGERS- FENTANYL AND CARFENTANIL
956706,2/5/2024,"POSSESSION OR INGESTION OF ANABOLIC STEROIDS, HUMAN GROWTH HORMONE, AND NUTRITIONAL SUPPLEMENTS"
956706,11/6/2023,CLT-TACTICAL AWARENESS AND OFFICER SAFETY
956706,11/2/2023,CLT-TACTICAL AWARENESS AND OFFICER SAFETY
956706,10/19/2023,CLT-PROCEDURAL OPERATIONS
956706,10/17/2023,CLT-PROCEDURAL OPERATIONS
956706,10/2/2023,CLT-PROCEDURAL OPERATIONS
956706,9/7/2023,CLT-LEGAL ISSUES
956706,8/19/2023,2023 SUMMER ALL-OUT BODY WORN CAMERA TRAINING
956706,8/19/2023,"INVESTIGATIVE ENCOUNTERS 2023: MODULE 4 SQF LEVELS 2, 3 AND 4"
956706,8/19/2023,TRAFFIC COURT TESTIMONY VIDEO
956706,8/19/2023,UNMANNED AIRCRAFT PERMIT: DRONES FOR PUBLIC USE
956706,8/15/2023,CLT-PROCEDURAL OPERATIONS
956706,8/3/2023,CLT-LEGAL ISSUES
956706,8/1/2023,CLT-PROCEDURAL OPERATIONS
956706,6/29/2023,CLT-ENFORCEMENT ACTIONS
956706,6/12/2023,CLT-PROCEDURAL OPERATIONS
956706,5/11/2023,CLT-PARK SMART ROLLCALL PRESENTATION
956706,4/29/2023,2023 EQUAL EMPLOYMENT OPPORTUNITY TRAINING-SEXUAL HARASSMENT AWARENESS AND PREVENTION
956706,4/29/2023,2023 LANGUAGE MATTERS - FOSTERING A POSITIVE WORK ENVIRONMENT
956706,4/27/2023,CLT-DOCUMENTATION AND FORMS
956706,4/4/2023,"AXON BODY-WORN CAMERA TRAINING - CAMERA OPERATION, AXON VIEW AND EVIDENCE.COM (REQUIRED FOR LE4 COMM"
956706,4/4/2023,CAR STOP TACTICS FOR PATROL OFFICERS - MODULE 1: CONTROLLING THE STOP
956706,4/4/2023,CAR STOP TACTICS FOR PATROL OFFICERS - MODULE 2: PROHIBITED MANEUVERS
956706,4/4/2023,CAR STOP TACTICS FOR PATROL OFFICERS - MODULE 3: THE UNKNOWN RISK STOP
956706,4/4/2023,CAR STOP TACTICS FOR PATROL OFFICERS - MODULE 4: THE HIGH-RISK STOP
956706,4/4/2023,ESPER POLICY LIBRARY
956706,4/4/2023,INVESTIGATIVE ENCOUNTERS 2023: MODULE 3 SQF LEVEL 2
956706,4/4/2023,VEHICLE SEIZURE FORM
956706,3/28/2023,CLT-CRIME CONTROL STRATEGIES AND PROBLEM SOLVING
956706,3/23/2023,CLT-COMMUNITY ENGAGEMENT
956706,3/23/2023,CLT-DOCUMENTATION AND FORMS
956706,3/1/2023,"NEIGHBORHOOD SAFETY TEAM TRAINING, 7-DAY COURSE"
956706,2/24/2023,FTS - ANNUAL CEW RECERTIFICATION
956706,2/22/2023,INFORMATION SECURITY CRIMINAL JUSTICE TRAINING 2023
956706,2/17/2023,FIELD TRAINING OFFICER - DCJS - 5-DAY CERTIFICATION
956706,2/13/2023,CLT-DOCUMENTATION AND FORMS
956706,2/9/2023,CLT- RESPONDING TO COMMERCIAL ROBBERIES 2023
956706,2/9/2023,CLT-PROFESSIONAL DEVELOPMENT
956706,1/30/2023,CONVICTED OFFENDER DNA DATABANK SPECIMEN COLLECTION KIT
956706,1/30/2023,INVESTIGATIVE ENCOUNTERS 2023: MODULE 2 SQF LEVEL 1
956706,1/30/2023,NYPD-U VOLUNTARY - INVOLUNTARY TRANSPORTS
956706,1/30/2023,RAISING THE LOWER AGE OF JUVENILE DELINQUENCY
956706,1/26/2023,CLT-PROPERTY
956706,1/19/2023,CLT-VOLUNTARY - INVOLUNTARY TRANSPORTS
956706,1/10/2023,CLT-TACTICAL AWARENESS AND OFFICER SAFETY
956706,1/6/2023,CLT-LEGAL ISSUES
956706,1/6/2023,CLT-VOLUNTARY - INVOLUNTARY TRANSPORTS
956706,1/5/2023,INVESTIGATIVE ENCOUNTERS 2023 - MODULE 1 INTRODUCTION TO SQF
956706,1/5/2023,NYPD JOUVERT  WEST INDIAN DAY
956706,1/5/2023,VIDEO 1 - PATROLLING THE NYC SUBWAY SYSTEM 2022
956706,1/5/2023,VIDEO 2 -TACTICAL CONSIDERATIONS FOR TRANSIT PATROL 2022 (PART 1)
956706,1/5/2023,VIDEO 3 - TACTICAL CONSIDERATIONS FOR TRANSIT PATROL 2022 (PART 2)
956706,1/5/2023,VIDEO 4 - PLATFORM SAFETY 2022
956706,1/3/2023,BELT-WORN TRAUMA KIT REFRESHER TRAINING VIDEO-2022
956706,1/3/2023,CLT-VOLUNTARY - INVOLUNTARY TRANSPORTS
956706,12/28/2022,CLT-EJUSTICE ORDER OF PROTECTION SEARCH
956706,12/27/2022,CLT-VOLUNTARY - INVOLUNTARY TRANSPORTS
956706,12/22/2022,CLT-VOLUNTARY - INVOLUNTARY TRANSPORTS
956706,12/15/2022,CLT-TACTICAL AWARENESS AND OFFICER SAFETY
956706,12/14/2022,CLT-DOCUMENTATION AND FORMS
956706,12/6/2022,FTS - ANNUAL CEW RECERTIFICATION
956706,11/17/2022,LGBTQIA PLUS AWARENESS
956706,11/17/2022,PROCESSING CIVILIAN COMPLAINTS
956706,11/17/2022,THE EMPLOYEE ASSISTANCE UNIT (EAU) IS HERE FOR YOU
956706,8/18/2022,2022 EQUAL EMPLOYMENT OPPORTUNITY TRAINING-SEXUAL HARASSMENT AWARENESS AND PREVENTION
956706,6/15/2022,CLT-NIBRS ROLL CALL TRAINING
956706,6/8/2022,BEST PRACTICES IN STRUCTURED INTERVIEWING
956706,6/8/2022,NATIONAL INCIDENT-BASED REPORTING SYSTEM (NIBRS) UPDATES TO THE OMNIFORM COMPLAINT SYSTEMV
956706,6/8/2022,PROHIBITED METHODS OF RESTRAINT
956706,4/18/2022,ARRESTS - RELIGIOUS HEAD COVERING GUIDELINES (PG 208-83)
956706,4/18/2022,IDENTIFYING THE IMPAIRED DRIVER
956706,4/18/2022,"INTEGRATING COMMUNICATION, ASSESSMENT AND TACTICS (ICAT) MODULE 4"
956706,4/18/2022,"INTEGRATING COMMUNICATION, ASSESSMENT AND TACTICS (ICAT) MODULE 5"
956706,4/18/2022,OPIOID OVERDOSE RECOGNITION AND NARCAN ADMINISTRATION -2021
956706,2/17/2022,ILLEGAL EVICTIONS
956706,1/20/2022,LOCAL LAW 45 OF 2021-TRAFFIC ENCOUNTERS
956706,12/21/2021,ACTIVE BYSTANDERSHIP FOR LAW ENFORCEMENT (ABLE): ONE DAY COURSE
956706,10/19/2021,BODY-WORN CAMERA REVIEW PART TWO
956706,9/22/2021,BODY-WORN CAMERA REVIEW PART ONE
956706,9/22/2021,MAYOR EXECUTIVE ORDER 78 VACCINATION - TESTING COMPLIANCE POLICY
956706,9/15/2021,INFORMATION SECURITY AWARENESS TRAINING 2021
956706,8/16/2021,CLT-OCCUPATIONAL-WORKPLACE SAFETY AND HEALTH
956706,8/13/2021,OVERVIEW OF THE NEW DISCOVERY LAWS 2021 REFRESHER
956706,8/3/2021,EQUAL EMPLOYMENT OPPORTUNITY TRAINING - SEXUAL HARASSMENT AWARENESS AND PREVENTION 2021
956706,7/23/2021,FTS - ANNUAL CEW RECERTIFICATION
956706,6/24/2021,CHILD SENSITIVE ARREST POLICY GUIDELINES AND PROCEDURES
956706,6/16/2021,PATROL GUIDE 215-17 POLICE ACTIONS RELATED QUESTIONING ARRESTS AND INVESTIGATIONS AT A NYC DEPARTMEN
956706,4/28/2021,AXON CASES 2.0
956706,4/22/2021,EMPLOYEE ASSISTANCE UNIT-2021
956706,4/22/2021,EQUAL EMPLOYMENT OPPORTUNITY TRAINING - LGBTQIA+ DIVERSITY AND INCLUSION / EXECUTIVE ORDER 16 OF 201
956706,3/26/2021,CLT-OCCUPATIONAL-WORKPLACE SAFETY AND HEALTH
956706,3/10/2021,DESK APPEARANCE TICKETS: THE NEW LAW AND THE NEW GUIDELINES FOR PROCESSING DAT'S - 2021 REFRESHER
956706,2/22/2021,"CUSTOMER SERVICE PROGRAM:  ROLL CALL MODULE 2, COMMUNICATION SKILLS"
956706,2/18/2021,CLT-OCCUPATIONAL-WORKPLACE SAFETY AND HEALTH
956706,2/3/2021,"CPS INTERIOR PATROL OF HOUSING AUTHORITY BUILDINGS, PG 212-60 ROLL CALL VIDEO 1"
956706,2/3/2021,"CPS INTERIOR PATROL OF HOUSING AUTHORITY BUILDINGS, PG 212-60 ROLL CALL VIDEO 2"
956706,2/3/2021,CPS INTERIOR PATROL TRESPASS AFFIDAVIT PROGRAM (TAP) VIDEO 1
956706,2/3/2021,CPS INTERIOR PATROL TRESPASS AFFIDAVIT PROGRAM (TAP) VIDEO 2
956706,2/3/2021,CRIMINAL JUSTICE REFORM ACT ROLL CALL TRAINING PART 1
956706,2/3/2021,"CUSTOMER SERVICE PROGRAM:  ROLL CALL MODULE 1, INTRODUCTION TO PRECINCT GREETER PROGRAM"
956706,2/3/2021,INVESTIGATIVE ENCOUNTERS-VIDEO #1 REQUEST FOR INFO-UNIT TRAINING FEB 2016
956706,2/3/2021,INVESTIGATIVE ENCOUNTERS-VIDEO #2 COMMON LAW RIGHT OF INQUIRY-UNIT TRAINING MAY 2016
956706,2/3/2021,INVESTIGATIVE ENCOUNTERS-VIDEO #3 TERRY STOPS AND REASONABLE SUSPICION-UNIT TRAINING JUNE 2016
956706,2/3/2021,INVESTIGATIVE ENCOUNTERS-VIDEO #4 DOCUMENTATION AND SUPERVISION-UNIT TRAINING JULY 2016
956706,2/3/2021,NEW PERFORMANCE EVALUATION PROCESS
956706,2/3/2021,PATROL- POLYCARBONATE SHIELD
956706,2/3/2021,PUBLIC CONTACT AND CONSENT TO SEARCH (RIGHT TO KNOW) - UNIT TRAINING AUGUST 2016
956706,1/29/2021,"CUSTOMER SERVICE PROGRAM:  ROLL CALL MODULE 1, INTRODUCTION TO PRECINCT GREETER PROGRAM"
956706,1/26/2021,INCREASE OFFICER SAFETY DURING VEHICLE STOPS
956706,1/26/2021,PRISONER ESCAPE WARNING SIGNS
956706,1/26/2021,SAFEGUARDING HOSPITALIZED PRISONERS
956706,1/26/2021,SUCCESSFULLY DISARMING AN EMOTIONALLY DISTURBED PERSON
956706,1/22/2021,COVID VACCINE DISTRIBUTION AND EDUCATION
956706,1/20/2021,CUSTOMER SERVICE PROGRAM: HOW DID WE DO
956706,1/15/2021,CLT-OCCUPATIONAL-WORKPLACE SAFETY AND HEALTH
956706,12/15/2020,HEALTH AND WELLNESS SECTION - MODULE 1 - PSYCHOLOGICAL HEALTH AND WELLNESS
956706,12/15/2020,HEALTH AND WELLNESS SECTION - MODULE 10 - SEEKING AND RECEIVING MENTAL HEALTH SUPPORT
956706,12/15/2020,HEALTH AND WELLNESS SECTION - MODULE 11 - HEALTH AND RESILIENCY
956706,12/15/2020,HEALTH AND WELLNESS SECTION - MODULE 12 - IN THAT DARK PLACE - AN OFFICER'S JOURNEY
956706,12/15/2020,HEALTH AND WELLNESS SECTION - MODULE 2 - JOB COUNSELING AND STRESS
956706,12/15/2020,HEALTH AND WELLNESS SECTION - MODULE 3 - WARNING SIGNS
956706,12/15/2020,HEALTH AND WELLNESS SECTION - MODULE 4 - CUMULATIVE TRAUMA
956706,12/15/2020,HEALTH AND WELLNESS SECTION - MODULE 5 - GAINING PERSPECTIVE
956706,12/15/2020,HEALTH AND WELLNESS SECTION - MODULE 6 - COPING WITH SIGNS OF ANXIETY DEPRESSION
956706,12/15/2020,HEALTH AND WELLNESS SECTION - MODULE 7 - LEADING WITH COMPASSION
956706,12/15/2020,"HEALTH AND WELLNESS SECTION - MODULE 8 - WARNING SIGNS, SUPPORT AND OUTREACH"
956706,12/15/2020,HEALTH AND WELLNESS SECTION - MODULE 9 - MANAGING STRESS ON THE JOB
956706,12/15/2020,VICTIM BLAMING AND RELEASE OF INFORMATION TO THE MEDIA
956706,12/12/2020,CLT-OCCUPATIONAL-WORKPLACE SAFETY AND HEALTH
956706,12/8/2020,BALLISTIC VEST DISTRIBUTION PROGRAM
956706,12/1/2020,EQUAL EMPLOYMENT OPPORTUNITY TRAINING - LEAVE TO EXPRESS BREAST MILK
956706,11/19/2020,FTS - ANNUAL CEW RECERTIFICATION
956706,10/13/2020,COVID-19: PREPAREDNESS YOUR FAMILY AND HOME
956706,9/17/2020,"EQUAL EMPLOYMENT OPPORTUNITY TRAINING - SEXUAL HARASSMENT, AWARENESS AND PREVENTION"
956706,7/2/2020,NEW LAWS AFFECTING POLICE OFFICERS’ CRIMINAL AND CIVIL LIABILITY
956706,5/13/2020,COVID-19: PREPAREDENESS
956706,5/13/2020,COVID-19: PROTECTIVE MASKS
956706,5/13/2020,CRIMINAL JUSTICE REFORM ACT ROLL CALL TRAINING PART 2
956706,5/13/2020,SAFETY CONSIDERATIONS FOR PATROLLING THE NYC SUBWAY SYSTEM -DANGERS OF THE PLATFORM EDGE
956706,5/8/2020,COLLABORATIVE POLICING- ACCESSING TELEPHONIC INTERPRETERS VIA LANGUAGE LINE
956706,5/8/2020,NARCAN NASAL SPRAY TRAINING
956706,5/8/2020,TACTICAL AWARENESS-SMARTPHONE SAFETY
956706,3/4/2020,CRIMINAL JUSTICE BUREAU - GIGLIO MATERIAL DISCLOSURES UNDER THE NEW DISCOVERY LAWS
956706,3/4/2020,PROCESSING DISCOVERY MATERIAL IN THE FORMS ARREST FOLDER
956706,3/4/2020,UTILIZING BALLISTIC PROTECTION IN DEPARTMENT VEHICLES (4:09)
956706,1/17/2020,CROSSFIRE MITIGATION DURING CLOSE COMBAT INCIDENTS
956706,1/17/2020,CROSSFIRE MITIGATION DURING CLOSE COMBAT INCIDENTS - PART 2
956706,1/13/2020,RESPONDING TO COMMERCIAL ROBBERIES PART LL - MODULE 1 AND MODULE 2
956706,1/1/2020,CJB - DESK APPEARANCE TICKETS: THE NEW LAWS AND GUIDELINES FOR PROCESSING DATS
956706,1/1/2020,CJB - OVERVIEW OF THE NEW DISCOVERY LAWS
956706,12/30/2019,CLT-DOCUMENTATION AND FORMS
956706,12/30/2019,CLT-PROCEDURAL OPERATIONS
956706,12/30/2019,CLT-SPECIAL POPULATIONS
956706,12/27/2019,ACTIVITY LOG FOR IPHONE
956706,12/6/2019,CLT-COMMUNICATION STRATEGIES AND AIDS
956706,12/6/2019,CLT-DOCUMENTATION AND FORMS
956706,12/6/2019,CLT-ENFORCEMENT ACTIONS
956706,12/6/2019,CLT-LEGAL ISSUES
956706,12/6/2019,CLT-MEMBER-EMPLOYEE WELLNESS
956706,12/6/2019,CLT-PROCEDURAL OPERATIONS
956706,12/6/2019,CLT-PROFESSIONAL DEVELOPMENT
956706,12/6/2019,CLT-SPECIAL POPULATIONS
956706,12/6/2019,CLT-TACTICAL AWARENESS AND OFFICER SAFETY
956706,12/4/2019,CLT-COUNTERTERRORISM AND INTELLIGENCE
956706,12/4/2019,CLT-ENFORCEMENT ACTIONS
956706,12/4/2019,CLT-INFORMATION TECHNOLOGY
956706,12/4/2019,CLT-MEMBER-EMPLOYEE WELLNESS
956706,12/4/2019,CLT-OCCUPATIONAL-WORKPLACE SAFETY AND HEALTH
956706,12/4/2019,CLT-PROCEDURAL OPERATIONS
956706,12/4/2019,CLT-PROFESSIONAL DEVELOPMENT
956706,12/4/2019,CLT-SPECIAL POPULATIONS
956706,12/4/2019,CLT-TACTICAL AWARENESS AND OFFICER SAFETY
956706,12/4/2019,"CLT-UNIFORMS, PERSONAL APPEARANCE AND EQUIPMENT"
956706,11/22/2019,STREET NARCOTICS ENFORCEMENT UNIT SNEU
956706,11/21/2019,STREET NARCOTICS ENFORCEMENT UNIT SNEU
956706,11/20/2019,STREET NARCOTICS ENFORCEMENT UNIT SNEU
956706,11/19/2019,DISCHARGING YOUR FIREARM AT A MOVING THREAT
956706,11/13/2019,FTS - BALLISTIC VEST REPLACEMENT - DISTRIBUTION - PRE AUGUST 2020
956706,10/31/2019,CRIMINAL JUSTICE BUREAU - DNA TRAINING VIDEO
956706,10/31/2019,CRITICAL DECISION MAKING MODEL
956706,10/31/2019,DOMESTIC VIOLENCE EDUCATION AND COUNSELING
956706,10/31/2019,FORCE POLICY UPDATE VIDEO
956706,10/31/2019,MARIJUANA POLICY UPDATE
956706,10/25/2019,ADVANCED TACTICAL FIREARMS TRAINING COURSE
956706,10/25/2019,FTS - ANNUAL CEW RECERTIFICATION
956706,10/17/2019,CLT-DOCUMENTATION AND FORMS
956706,9/11/2019,FTS - BALLISTIC VEST REPLACEMENT - MEASUREMENT - PRE AUG 2020
956706,9/11/2019,SHIELD OF RESILIENCE TRAINING COURSE
956706,8/9/2019,RESPONDING TO COMMERCIAL ROBBERIES
956706,8/7/2019,CPS ANTI-CRIME RISK TRAINING
956706,7/16/2019,DISCUSSION - BASED LEARNING MODULE # 1-3
956706,7/16/2019,RESPONDING TO PEOPLE IN CRISIS – MODULE 4: USING DEPARTMENT MOBILE DIGITAL DEVICES
956706,7/16/2019,TRANSIT BUREAU - TIMELY RESUMPTION OF SERVICE IN NYC TRANSIT
956706,7/11/2019,CLT-TACTICAL AWARENESS AND OFFICER SAFETY
956706,7/6/2019,TRANSIT BUREAU - SAFETY CONSIDERATIONS FOR PATROLLING THE NYC SUBWAY SYSTEM
956706,7/6/2019,TRANSIT BUREAU - SAFETY CONSIDERATIONS FOR PATROLLING THE NYC SUBWAY SYSTEM - PART 2
956706,6/21/2019,WORLDPRIDE NYC 2019
956706,6/20/2019,COLLABORATIVE POLICING - MEDIATION REFERRAL PROGRAM FOR NON-CRIMINAL COMPLAINTS
956706,5/29/2019,COLLABORATIVE POLICING - THE DEAF AND HARD OF HEARING COMMUNITY
956706,5/29/2019,RESPONDING TO PEOPLE IN CRISIS - MODULES 2 AND 3: ACTIVE LISTENING PARTS 1 AND 2
956706,4/25/2019,FACILITIES MANAGEMENT DIVISION - MUNICIPAL SEPERATE STORM SEWER SYSTEM (MS4)
956706,4/9/2019,LEGAL BUREAU - PERJURY TRAINING MODULE
956706,4/9/2019,SAFEGUARDING PRISONERS - OFFICER SAFETY GUIDELINES
956706,3/20/2019,COLLABORATIVE POLICING - ELDER ABUSE
956706,3/20/2019,"SUPPORT SERVICES DIVISION - CLASS ""C"" OPERATOR"
956706,2/1/2019,EQUAL EMPLOYMENT OPPORTUNITYTRAINING - SEXUAL HARASSMENT AWARENESS AND PREVENTION
956706,2/1/2019,RESPONDING TO PEOPLE IN CRISIS - MODULE 1: SENDING THE RIGHT SIGNALS
956706,1/30/2019,CLT-INFORMATION TECHNOLOGY
956706,1/30/2019,CLT-PROCEDURAL OPERATIONS
956706,1/29/2019,CLT-INFORMATION TECHNOLOGY
956706,1/29/2019,CLT-SPECIAL POPULATIONS
956706,1/29/2019,CLT-TACTICAL AWARENESS AND OFFICER SAFETY
956706,1/29/2019,TEXT TO 911 - INTRODUCTION
956706,1/25/2019,CLT-COUNTERTERRORISM AND INTELLIGENCE
956706,1/25/2019,CLT-ENFORCEMENT ACTIONS
956706,1/25/2019,CLT-MEMBER-EMPLOYEE WELLNESS
956706,1/25/2019,CLT-SPECIAL POPULATIONS
956706,1/2/2019,PATROL DOOR BAG - ROPE AND WEDGE INTRODUCTION
956706,12/21/2018,CLT-INFORMATION TECHNOLOGY
956706,12/4/2018,CLT-PROCEDURAL OPERATIONS
956706,12/4/2018,MARIJUANA BURNING ENFORCEMENT POLICY
956706,11/29/2018,AMERICANS WITH DISABILITIES ACT (ADA)
956706,11/13/2018,FTS - ANNUAL CEW RECERTIFICATION
956706,10/26/2018,RESPONDING TO PEOPLE IN CRISIS-INTRODUCTION TO CIT VIDEO SERIES
956706,10/23/2018,FTS - CEW X26P HOLSTER TRAINING AND DISTRIBUTION
956706,10/17/2018,FTS - CEW END USER CERTIFICATION
956706,10/10/2018,CLT-ENFORCEMENT ACTIONS
956706,10/10/2018,CLT-OCCUPATIONAL-WORKPLACE SAFETY AND HEALTH
956706,10/10/2018,CLT-PROCEDURAL OPERATIONS
956706,10/10/2018,NYC RIGHT TO KNOW ACT LEGISLATION - PART 2
956706,10/10/2018,NYC RIGHT TO KNOW ACT LEGISLATION – PART 1
956706,9/21/2018,CLT-PROCEDURAL OPERATIONS
956706,9/20/2018,RAISE THE AGE
956706,9/18/2018,CLT-COUNTERTERRORISM AND INTELLIGENCE
956706,9/18/2018,CLT-INFORMATION TECHNOLOGY
956706,9/18/2018,CLT-LEGAL ISSUES
956706,9/18/2018,CLT-PROCEDURAL OPERATIONS
956706,9/18/2018,CLT-SPECIAL POPULATIONS
956706,9/6/2018,CLT-LEGAL ISSUES
956706,9/5/2018,CLT-ENFORCEMENT ACTIONS
956706,8/28/2018,CLT-PROCEDURAL OPERATIONS
956706,8/28/2018,CLT-PROFESSIONAL DEVELOPMENT
956706,8/17/2018,CLT-COUNTERTERRORISM AND INTELLIGENCE
956706,8/17/2018,CLT-EQUAL EMPLOYMENT OPPORTUNITY
956706,8/17/2018,CLT-INFORMATION TECHNOLOGY
956706,8/17/2018,CLT-OCCUPATIONAL-WORKPLACE SAFETY AND HEALTH
956706,8/17/2018,CLT-PROCEDURAL OPERATIONS
956706,8/17/2018,CLT-SPECIAL POPULATIONS
956706,8/17/2018,CLT-TACTICAL AWARENESS AND OFFICER SAFETY
956706,8/7/2018,2017-2019 IN-SERVICE CYCLE-INVESTIGATIVE ENCOUNTERS- BASIC TRAINING WITH SCENARIOS
956706,7/17/2018,CPS FAIR AND IMPARTIAL POLICING - ALL POS AND DETS
956706,6/28/2018,CLT-COUNTERTERRORISM AND INTELLIGENCE
956706,6/28/2018,CLT-HUMAN RESOURCES AND PERSONNEL MATTERS
956706,6/12/2018,COMMUNICATIONS- THE PROPER USAGE OF THE IDA RADIO CODES
956706,6/7/2018,CLT-PROCEDURAL OPERATIONS
956706,6/7/2018,CLT-SPECIAL POPULATIONS
956706,5/30/2018,2017-2019 IN-SERVICE CYCLE-INTEGRATED TACTICS
956706,5/29/2018,CLT-COUNTERTERRORISM AND INTELLIGENCE
956706,5/29/2018,CLT-INFORMATION TECHNOLOGY
956706,5/29/2018,"CLT-INTEGRITY, ETHICS AND DISCIPLINE"
956706,5/29/2018,CLT-LEGAL ISSUES
956706,5/29/2018,CLT-MEMBER-EMPLOYEE WELLNESS
956706,5/29/2018,CLT-OCCUPATIONAL-WORKPLACE SAFETY AND HEALTH
956706,5/29/2018,CLT-PROCEDURAL OPERATIONS
956706,5/29/2018,CLT-SPECIAL POPULATIONS
956706,5/29/2018,CLT-TACTICAL AWARENESS AND OFFICER SAFETY
956706,5/29/2018,"CLT-UNIFORMS, PERSONAL APPEARANCE AND EQUIPMENT"
956706,5/9/2018,ADVANCED TACTICAL FIREARMS TRAINING COURSE
956706,4/9/2018,CPS BODY-WORN CAMERA TRAINING WITH SCENARIOS
956706,3/9/2018,LEGAL BUREAU PERFORMANCE METRICS - PROHIBITED CONDUCT
956706,3/7/2018,CLT-INVESTIGATIONS
956706,3/7/2018,CLT-LEGAL ISSUES
956706,3/7/2018,CLT-PROCEDURAL OPERATIONS
956706,3/7/2018,CLT-TACTICAL AWARENESS AND OFFICER SAFETY
956706,1/10/2018,CLT-EQUAL EMPLOYMENT OPPORTUNITY
956706,1/9/2018,COLLABORATIVE POLICING- FOREIGN LANGUAGE CERTIFICATION VIDEO
956706,12/19/2017,COUNTERTERRORISM BUREAU FACILITY AWARENESS VIDEO- NAVY OPERATIONAL SUPPORT CENTER
956706,12/19/2017,INFORMATION SECURITY AWARENESS TRAINING
956706,10/31/2017,NARCAN NASAL SPRAY TRAINING
956706,9/27/2017,POLICE COMMISSIONERS MESSAGE - VICTIMS OF SEXUAL ASSAULT VIDEO
956706,9/26/2017,COLLABORATIVE POLICING- ACCESSING TELEPHONIC INTERPRETERS VIA LANGUAGE LINE
956706,9/26/2017,PSB MARIJUANA FIELD TESTING
956706,9/13/2017,PATROL- POLYCARBONATE SHIELD
956706,9/7/2017,PERSONNEL BUREAU NYPD EMPLOYEE ASSISTANCE UNIT (EAU)
956706,8/25/2017,COLLISION REFRESHER (2 DAY)
956706,7/6/2017,"CPS INTERIOR PATROL OF HOUSING AUTHORITY BUILDINGS, PG 212-60 ROLL CALL VIDEO 1"
956706,7/6/2017,"CPS INTERIOR PATROL OF HOUSING AUTHORITY BUILDINGS, PG 212-60 ROLL CALL VIDEO 2"
956706,7/4/2017,CPS INTERIOR PATROL TRESPASS AFFIDAVIT PROGRAM (TAP) VIDEO 1
956706,6/21/2017,CPS INTERIOR PATROL TRESPASS AFFIDAVIT PROGRAM (TAP) VIDEO 2
956706,6/15/2017,CPS INTERIOR PATROL TRESPASS AFFIDAVIT PROGRAM (TAP) VIDEO 2
956706,6/7/2017,PLAIN CLOTHES TRAINING CERTIFIED BASIC PLAIN-CLOTHES COURSE
956706,5/29/2017,CRIMINAL JUSTICE REFORM ACT ROLL CALL TRAINING PART 1
956706,5/24/2017,CRIMINAL JUSTICE REFORM ACT ROLL CALL TRAINING PART 2
956706,5/8/2017,BTK (BELT TRAUMA KIT DISTRIBUTION AND FAMILIARIZATION)
956706,5/4/2017,EQUAL EMPLOYMENT OPPORTUNITY TRANSGENDER DIVERSITY AND INCLUSION:EXECUTIVE ORDER 16
956706,12/27/2016,HATE CRIMES AND BIAS-RELATED INCIDENTS
956706,11/1/2016,PUBLIC CONTACT AND CONSENT TO SEARCH (RIGHT TO KNOW) - UNIT TRAINING AUGUST 2016
956706,10/24/2016,FUNDAMENTALS OF AUTO THEFT INVESTIGATION
956706,8/16/2016,2016-17 INSERVICE CYCLE-PHYSICAL TACTICS
956706,7/12/2016,INVESTIGATIVE ENCOUNTERS-VIDEO #4 DOCUMENTATION AND SUPERVISION-UNIT TRAINING JULY 2016
956706,6/23/2016,INVESTIGATIVE ENCOUNTERS-VIDEO #3 TERRY STOPS AND REASONABLE SUSPICION-UNIT TRAINING JUNE 2016
956706,6/17/2016,FORCE POLICY REVISION-VIDEO-PG 221-UNIT TRAINING MAY 2016
956706,5/11/2016,INVESTIGATIVE ENCOUNTERS-VIDEO #2 COMMON LAW RIGHT OF INQUIRY-UNIT TRAINING MAY 2016
956706,5/3/2016,INVESTIGATIVE ENCOUNTERS-VIDEO #2 COMMON LAW RIGHT OF INQUIRY-UNIT TRAINING MAY 2016
956706,2/25/2016,INVESTIGATIVE ENCOUNTERS-VIDEO #1 REQUEST FOR INFO-UNIT TRAINING FEB 2016
956706,12/21/2015,FORCE POLICY REVISION-PAMPHLET - PG 221 - UNIT TRAINING DECEMBER 2015
956706,12/7/2015,FORCE POLICY REVISION-PAMPHLET - PG 221 - UNIT TRAINING DECEMBER 2015
956706,12/4/2015,FORCE POLICY REVISION-PAMPHLET - PG 221 - UNIT TRAINING DECEMBER 2015
956706,11/25/2015,FORCE POLICY REVISION-PAMPHLET - PG 221 - UNIT TRAINING DECEMBER 2015
956706,11/9/2015,EMERGENCY VEHICLE OPERATION JULY 07 - PRESENT
956706,11/9/2015,FIELD TRAINING PROGRAM JULY 07 - PRESENT
956706,11/9/2015,PHYSICAL EDUCATION PART 1: FOUNDATIONS OF PHYSICAL FITNESS
956706,11/9/2015,PHYSICAL EDUCATION PART 2: DEFENSIVE TACTICS JULY 07 - PRESENT
956706,11/9/2015,PHYSICAL EDUCATION PART 3: AMERICAN HEART ASSOCIATION BASIC LIFE SUPPORT
956706,11/9/2015,POLICE CRISIS INTERVENTION JULY 07 - PRESENT
956706,11/9/2015,POLICE FIELD PROBLEMS JULY 07 - PRESENT
956706,11/9/2015,POLICE INVESTIGATION AND REPORTING JULY 07 - PRESENT
956706,11/9/2015,POLICING A DEMOCRACY JULY 07 - PRESENT
956706,11/9/2015,POLICING SPECIAL POPULATIONS JULY 07 - PRESENT
956706,11/9/2015,PROCEDURAL LAW JULY 07 - PRESENT
956706,11/9/2015,SUBSTANTIVE LAW JULY 07 - PRESENT
956706,11/9/2015,TERRORISM AWARENESS AND RESPONSE JULY 07 - PRESENT
956706,8/5/2015,WINDOWS PHONE TRAINING AND DISTRIBUTION
956706,5/6/2015,20K TRAINING INITIATIVE - PHYSICAL TACTICS
956706,4/28/2015,20K TRAINING INITIATIVE - SMART POLICING
956706,4/20/2015,20K TRAINING INITIATIVE - FOUNDATIONS OF POLICING
956706,1/6/2015,POLICE ACADEMY RECRUIT JUSTIFICATION WRITTEN EXAM
956706,1/6/2015,POLICE ACADEMY RECRUIT NCIC WRITTEN EXAM
956706,1/6/2015,POLICE ACADEMY RECRUIT NIMS 700 WRITTEN EXAM
956706,1/6/2015,POLICE ACADEMY RECRUIT STOP QUESTION & FRISK WRITTEN EXAM
956706,12/28/2014,THREE WHEEL SCOOTER CERTIFIED
956706,12/28/2014,TWO WHEEL SCOOTER (WITH TACTICS) CERTIFIED
956706,12/26/2014,RECRUIT RAPID DEPLOYMENT-ACTIVE SHOOTER
956706,12/11/2014,POLICE ACADEMY RECRUIT CIMS WRITTEN EXAM
956706,12/8/2014,POLICE ACADEMY RECRUIT 3RD TRIMESTER EXAM
956706,12/1/2014,FIREARMS 5 DAY TACTICAL APPLICATION V1
956706,11/18/2014,PTTD WATER SAFETY
956706,11/14/2014,FIREARMS 5 DAY TACTICAL SKILLS V1
956706,11/13/2014,OFF DUTY PISTOL CERTIFIED
956706,11/13/2014,RECRUIT TACTICAL FIREARMS QUALIFICATION AND TRAINING OFF DUTY PISTOL CERTIFIED
956706,10/28/2014,COBRA - COHORT TRAINING
956706,10/24/2014,RECRUIT BASIC FIREARMS QUALIFICATION AND TRAINING
956706,10/18/2014,PORT AWARENESS COURSE
956706,10/15/2014,GROUND TACTICS
956706,10/15/2014,PTTD DEFENSIVE TACTICS PRACTICAL EXAM
956706,10/14/2014,RECRUIT RMP QUALIFICATION / RMP OPERATOR QUALIFIED
956706,10/6/2014,POLICE ACADEMY RECRUIT 2ND TRIMESTER EXAM
956706,10/3/2014,PTTD EXPANDABLE BATON
956706,10/1/2014,PTTD WEAPONS DEFENSE
956706,9/23/2014,RECRUIT TRAINING COMPUTER COURSE
956706,9/19/2014,BATON
956706,9/4/2014,FRISKING AND HANDCUFFING
956706,9/3/2014,"PTTD CARDIO ENDURANCE TEST, 1ST ATTEMPT"
956706,8/27/2014,PTTD C.P.R. / A.E.D. WRITTEN EXAM
956706,8/25/2014,POLICE ACADEMY RECRUIT 1ST TRIMESTER EXAM
956706,8/22/2014,POLICE ACADEMY RECRUIT 1ST TRIMESTER PRACTICE WRITTEN EXAM
956706,8/20/2014,JOB STANDARDS TEST ATTEMPT #1
977931,10/20/2025,CLT-MEMBER-EMPLOYEE WELLNESS
977931,10/20/2025,CLT-OCCUPATIONAL-WORKPLACE SAFETY AND HEALTH
977931,10/9/2025,CLT-EQUAL EMPLOYMENT OPPORTUNITY
977931,10/9/2025,CLT-LEGAL ISSUES
977931,10/9/2025,SUPERVISOR RESPONSIBILITIES: SQF MODULE 11
977931,9/30/2025,INTRODUCTION TO THE NEW 311 RADIO CODE
977931,9/30/2025,MICROSOFT 365 COLLABORATION ESSENTIALS-TRANSITIONING FROM OFFICE 2016
977931,9/24/2025,EXTREME RISK PROTECTION ORDER (ERPO)
977931,9/10/2025,CLT-DOCUMENTATION AND FORMS
977931,9/10/2025,CLT-OCCUPATIONAL-WORKPLACE SAFETY AND HEALTH
977931,9/10/2025,CLT-PROCEDURAL OPERATIONS
977931,9/9/2025,NYPD JOUVERT AND WEST INDIAN DAY-2025
977931,7/22/2025,CLT-ENFORCEMENT ACTIONS
977931,7/17/2025,PATROL TACTICS
977931,7/14/2025,CLT-ENFORCEMENT ACTIONS
977931,7/14/2025,CLT-OCCUPATIONAL-WORKPLACE SAFETY AND HEALTH
977931,7/3/2025,SPECIAL VICTIMS UNIT - BEST PRACTICES GUIDE TRAINING
977931,6/30/2025,CLT-OCCUPATIONAL-WORKPLACE SAFETY AND HEALTH
977931,6/22/2025,2025 BWC PROFICIENCY TRAINING
977931,6/17/2025,EAU 2025 POLICE COMMISSIONER JESSICA S. TISCH
977931,6/3/2025,SQF REVIEW AND DOCUMENTATION: SQF MODULE 10
977931,5/22/2025,2025 EQUAL EMPLOYMENT OPPORTUNITY TRAINING - SEXUAL HARASSMENT AWARENESS AND PREVENTION
977931,5/6/2025,CLT-ENFORCEMENT ACTIONS
977931,4/21/2025,FIELD TRAINING PROGRAM JANUARY 2024 - PRESENT
977931,4/21/2025,FIREARMS TRAINING JANUARY 2024 - PRESENT
977931,4/21/2025,POLICE CRISIS INTERVENTION JANUARY 2024 - PRESENT
977931,4/21/2025,POLICE FIELD PROBLEMS JANUARY 2024 - PRESENT
977931,4/21/2025,POLICE INVESTIGATION AND REPORTING JANUARY 2024 - PRESENT
977931,4/21/2025,POLICING SPECIAL POPULATIONS JANUARY 2024 - PRESENT
977931,4/3/2025,CLT-TACTICAL AWARENESS AND OFFICER SAFETY
977931,3/28/2025,CONTERTERRORISM BUREAU SITE PROTECTION THROUGH OBSERVATIONAL TECHNIQUES
977931,3/24/2025,CLT-BWC POLICY UPDATES
977931,3/24/2025,CLT-TACTICAL AWARENESS AND OFFICER SAFETY
977931,3/10/2025,CLT-OCCUPATIONAL-WORKPLACE SAFETY AND HEALTH
977931,1/30/2025,RIGHT TO KNOW ACT SQF MODULE 9
977931,1/30/2025,VEHICLE PURSUITS
977931,1/22/2025,FTS - TASER 7 ANNUAL RECERTIFICATION
977931,1/10/2025,2025 IDENTIFYING THE IMPAIRED DRIVER REFRESHER
977931,1/10/2025,ACTIVE SHOOTER - SCHOOL RESPONSE PROTOCOL
977931,1/10/2025,KEVIN AND AVONTE SAFE HOME PROGRAM
977931,12/22/2024,MULTI-FACTOR AUTHENTICATION MFA TRAINING
977931,12/20/2024,CELL BLOCK FIRESHIELD EV BLANKETS
977931,12/20/2024,INFORMATION SECURITY AWARENESS TRAINING 2024
977931,12/19/2024,FTS - CEW TASER 7 TRANSITION COURSE
977931,12/19/2024,FTS - TASER 7 HOLSTER DISTRIBUTION
977931,12/17/2024,CLT-DOMESTIC VIOLENCE TRAINING
977931,12/17/2024,CLT-LEGAL ISSUES
977931,12/17/2024,CLT-PROCEDURAL OPERATIONS
977931,12/17/2024,CLT-TACTICAL AWARENESS AND OFFICER SAFETY
977931,12/5/2024,NOTIFICATION OF ALLEGATIONS AND EMPLOYEE RIGHTS
977931,11/23/2024,BEHAVIORAL HEALTH EMERGENCY ASSISTANCE RESPONSE DIVISION B-HEARD
977931,11/16/2024,LEAVING THE SCENE COLLISIONS INVESTIGATIVE BEST PRACTICES
977931,11/14/2024,DRIVING WHILE INTOXICATED AWARENESS VIDEO MODULE 1
977931,10/2/2024,FAMILY BUILDING
977931,10/2/2024,NORTHWELL DIRECT FINEST CARE PROGRAM FOR UMOS
977931,9/8/2024,CLT-OCCUPATIONAL-WORKPLACE SAFETY AND HEALTH
977931,9/8/2024,CLT-PROPERTY
977931,9/8/2024,COLLABORATIVE POLICING- HUMAN TRAFFICKING
977931,9/8/2024,HEALTH AND WELLNESS SECTION - CHILD MIND INSTITUTE VIDEO SERIES - MODULE 1 - BEHAVIOR MANAGEMENT STR
977931,9/8/2024,INCREASE OFFICER SAFETY DURING VEHICLE STOPS
977931,9/8/2024,SAFEGUARDING HOSPITALIZED PRISONERS
977931,9/8/2024,VIPER CCTV TRAINING COURSE
977931,9/8/2024,WARRANT CHECK IN DOMAIN AWARENESS SYSTEM (DAS LITE)
977931,9/7/2024,NEIGHBORHOOD POLICING APPLICATION TRAINING VIDEO
977931,9/6/2024,ACTIVITY LOG FOR IPHONE
977931,9/6/2024,"CPS INTERIOR PATROL OF HOUSING AUTHORITY BUILDINGS, PG 212-60 ROLL CALL VIDEO 1"
977931,9/6/2024,"CPS INTERIOR PATROL OF HOUSING AUTHORITY BUILDINGS, PG 212-60 ROLL CALL VIDEO 2"
977931,9/6/2024,CPS INTERIOR PATROL TRESPASS AFFIDAVIT PROGRAM (TAP) VIDEO 1
977931,9/5/2024,COLLABORATIVE POLICING- ACCESSING TELEPHONIC INTERPRETERS VIA LANGUAGE LINE
977931,9/5/2024,COMMUNICATIONS- THE PROPER USAGE OF THE IDA RADIO CODES
977931,9/5/2024,CPS INTERIOR PATROL TRESPASS AFFIDAVIT PROGRAM (TAP) VIDEO 2
977931,9/5/2024,LEGAL BUREAU PERFORMANCE METRICS - PROHIBITED CONDUCT
977931,9/5/2024,MARIJUANA BURNING ENFORCEMENT POLICY
977931,9/5/2024,NARCAN NASAL SPRAY TRAINING
977931,9/5/2024,NYC RIGHT TO KNOW ACT LEGISLATION - PART 2
977931,9/5/2024,NYC RIGHT TO KNOW ACT LEGISLATION – PART 1
977931,9/5/2024,PATROL- POLYCARBONATE SHIELD
977931,9/5/2024,PERSONNEL BUREAU NYPD EMPLOYEE ASSISTANCE UNIT (EAU)
977931,9/5/2024,RESPONDING TO PEOPLE IN CRISIS - MODULE 1: SENDING THE RIGHT SIGNALS
977931,9/5/2024,RESPONDING TO PEOPLE IN CRISIS-INTRODUCTION TO CIT VIDEO SERIES
977931,9/4/2024,COLLABORATIVE POLICING - THE DEAF AND HARD OF HEARING COMMUNITY
977931,9/4/2024,CRIMINAL JUSTICE REFORM ACT ROLL CALL TRAINING PART 2
977931,9/4/2024,LEGAL BUREAU - PERJURY TRAINING MODULE
977931,9/4/2024,NEW PERFORMANCE EVALUATION PROCESS
977931,9/4/2024,POLICE COMMISSIONERS MESSAGE - VICTIMS OF SEXUAL ASSAULT VIDEO
977931,9/4/2024,RAISE THE AGE
977931,9/4/2024,RESPONDING TO PEOPLE IN CRISIS - MODULES 2 AND 3: ACTIVE LISTENING PARTS 1 AND 2
977931,9/4/2024,SAFEGUARDING PRISONERS - OFFICER SAFETY GUIDELINES
977931,9/4/2024,"SUPPORT SERVICES DIVISION - CLASS ""C"" OPERATOR"
977931,9/4/2024,WORLDPRIDE NYC 2019
977931,9/3/2024,COLLABORATIVE POLICING - MEDIATION REFERRAL PROGRAM FOR NON-CRIMINAL COMPLAINTS
977931,9/3/2024,CRITICAL DECISION MAKING MODEL
977931,9/3/2024,CROSSFIRE MITIGATION DURING CLOSE COMBAT INCIDENTS - PART 2
977931,9/3/2024,DISCHARGING YOUR FIREARM AT A MOVING THREAT
977931,9/3/2024,DOMESTIC VIOLENCE EDUCATION AND COUNSELING
977931,9/3/2024,FORCE POLICY UPDATE VIDEO
977931,9/3/2024,MARIJUANA POLICY UPDATE
977931,9/3/2024,RESPONDING TO COMMERCIAL ROBBERIES
977931,9/3/2024,RESPONDING TO PEOPLE IN CRISIS – MODULE 4: USING DEPARTMENT MOBILE DIGITAL DEVICES
977931,9/2/2024,CJB - DESK APPEARANCE TICKETS: THE NEW LAWS AND GUIDELINES FOR PROCESSING DATS
977931,9/2/2024,CJB - OVERVIEW OF THE NEW DISCOVERY LAWS
977931,9/2/2024,COVID-19: PREPAREDENESS
977931,9/2/2024,HEALTH AND WELLNESS SECTION - MODULE 11 - HEALTH AND RESILIENCY
977931,9/2/2024,HEALTH AND WELLNESS SECTION - MODULE 2 - JOB COUNSELING AND STRESS
977931,9/2/2024,HEALTH AND WELLNESS SECTION - MODULE 3 - WARNING SIGNS
977931,9/2/2024,HEALTH AND WELLNESS SECTION - MODULE 4 - CUMULATIVE TRAUMA
977931,9/2/2024,HEALTH AND WELLNESS SECTION - MODULE 5 - GAINING PERSPECTIVE
977931,9/2/2024,HEALTH AND WELLNESS SECTION - MODULE 6 - COPING WITH SIGNS OF ANXIETY DEPRESSION
977931,9/2/2024,HEALTH AND WELLNESS SECTION - MODULE 7 - LEADING WITH COMPASSION
977931,9/2/2024,"HEALTH AND WELLNESS SECTION - MODULE 8 - WARNING SIGNS, SUPPORT AND OUTREACH"
977931,9/2/2024,HEALTH AND WELLNESS SECTION - MODULE 9 - MANAGING STRESS ON THE JOB
977931,9/2/2024,PROCESSING DISCOVERY MATERIAL IN THE FORMS ARREST FOLDER
977931,9/2/2024,RESPONDING TO COMMERCIAL ROBBERIES PART LL - MODULE 1 AND MODULE 2
977931,9/1/2024,CAR STOP TACTICS FOR PATROL OFFICERS - MODULE 1: CONTROLLING THE STOP
977931,9/1/2024,CAR STOP TACTICS FOR PATROL OFFICERS - MODULE 2: PROHIBITED MANEUVERS
977931,9/1/2024,COVID VACCINE DISTRIBUTION AND EDUCATION
977931,9/1/2024,COVID-19: PREPAREDNESS YOUR FAMILY AND HOME
977931,9/1/2024,COVID-19: PROTECTIVE MASKS
977931,9/1/2024,HEALTH AND WELLNESS SECTION - MODULE 12 - IN THAT DARK PLACE - AN OFFICER'S JOURNEY
977931,9/1/2024,IDENTIFYING THE IMPAIRED DRIVER
977931,8/31/2024,CAR STOP TACTICS FOR PATROL OFFICERS - MODULE 3: THE UNKNOWN RISK STOP
977931,8/31/2024,CAR STOP TACTICS FOR PATROL OFFICERS - MODULE 4: THE HIGH-RISK STOP
977931,8/31/2024,COLLABORATIVE POLICING- FOREIGN LANGUAGE CERTIFICATION VIDEO
977931,8/25/2024,ARRESTS - RELIGIOUS HEAD COVERING GUIDELINES (PG 208-83)
977931,8/25/2024,BEST PRACTICES IN STRUCTURED INTERVIEWING
977931,8/25/2024,CROSSFIRE MITIGATION DURING CLOSE COMBAT INCIDENTS
977931,8/25/2024,EMPLOYEE ASSISTANCE UNIT-2021
977931,8/25/2024,HEALTH AND WELLNESS SECTION - MODULE 1 - PSYCHOLOGICAL HEALTH AND WELLNESS
977931,8/25/2024,MAYOR EXECUTIVE ORDER 78 VACCINATION - TESTING COMPLIANCE POLICY
977931,8/25/2024,OPIOID OVERDOSE RECOGNITION AND NARCAN ADMINISTRATION -2021
977931,8/25/2024,OVERVIEW OF THE NEW DISCOVERY LAWS 2021 REFRESHER
977931,8/25/2024,PATROL GUIDE 215-17 POLICE ACTIONS RELATED QUESTIONING ARRESTS AND INVESTIGATIONS AT A NYC DEPARTMEN
977931,8/25/2024,RACIAL PROFILING AND BIASED BASED POLICING: SQF MODULE 8
977931,8/25/2024,"RECRUIT SUPPLEMENTAL-CRITICAL DECISION MAKING, DE-ESCALATION, AND COMMUNICATION"
977931,8/25/2024,UNMANNED AIRCRAFT SYSTEMS VISUAL OBSERVER
977931,8/25/2024,UTILIZING BALLISTIC PROTECTION IN DEPARTMENT VEHICLES (4:09)
977931,8/19/2024,APX NEXT PORTABLE AND RADIO DISCIPLINE TRAINING VIDEO
977931,8/19/2024,"AXON BODY-WORN CAMERA TRAINING - CAMERA OPERATION, AXON VIEW AND EVIDENCE.COM (REQUIRED FOR LE4 COMM"
977931,8/19/2024,CRIMINAL JUSTICE BUREAU - GIGLIO MATERIAL DISCLOSURES UNDER THE NEW DISCOVERY LAWS
977931,8/19/2024,LOCAL LAW 45 OF 2021-TRAFFIC ENCOUNTERS
977931,8/19/2024,TACTICAL AWARENESS-SMARTPHONE SAFETY
977931,8/19/2024,VICTIM BLAMING AND RELEASE OF INFORMATION TO THE MEDIA
977931,8/17/2024,RAPE IS RAPE
977931,8/16/2024,CLT-COMMUNICATION STRATEGIES AND AIDS
977931,8/16/2024,CLT-DOCUMENTATION AND FORMS
977931,8/16/2024,CLT-MEMBER-EMPLOYEE WELLNESS
977931,8/16/2024,CLT-OCCUPATIONAL-WORKPLACE SAFETY AND HEALTH
977931,7/24/2024,PROHIBITED METHODS OF RESTRAINT
977931,7/23/2024,SELF-DEFENSE AND GRAPPLING TACTICS TRAINING COURSE
977931,7/12/2024,CLT-SPECIAL POPULATIONS
977931,7/12/2024,MENTAL HEALTH INVOLUNTARY REMOVALS MHL 9.41 AND MHL 9.58
977931,7/10/2024,CLT-ENFORCEMENT ACTIONS
977931,7/10/2024,CLT-LEGAL ISSUES
977931,7/9/2024,CLT-DOCUMENTATION AND FORMS
977931,7/9/2024,CLT-LEGAL ISSUES
977931,7/9/2024,CLT-OCCUPATIONAL-WORKPLACE SAFETY AND HEALTH
977931,7/9/2024,CLT-PROCEDURAL OPERATIONS
977931,6/27/2024,CRIMINAL JUSTICE REFORM ACT ROLL CALL TRAINING PART 1
977931,6/27/2024,DESK APPEARANCE TICKETS: THE NEW LAW AND THE NEW GUIDELINES FOR PROCESSING DAT'S - 2021 REFRESHER
977931,6/27/2024,RECRUIT SUPPLEMENTAL-OFFICER SAFETY
977931,6/27/2024,TRANSIT BUREAU - TIMELY RESUMPTION OF SERVICE IN NYC TRANSIT
977931,6/23/2024,CLT-TACTICAL AWARENESS AND OFFICER SAFETY
977931,6/23/2024,HEALTH AND WELLNESS SECTION - MODULE 10 - SEEKING AND RECEIVING MENTAL HEALTH SUPPORT
977931,6/20/2024,LEVEL 1 AND LEVEL 2 INVESTIGATIVE ENCOUNTERS
977931,6/5/2024,CLT-BWC POLICY UPDATES
977931,6/5/2024,CLT-TACTICAL AWARENESS AND OFFICER SAFETY
977931,6/4/2024,CLT-DOMESTIC VIOLENCE TRAINING
977931,6/4/2024,CLT-ENFORCEMENT ACTIONS
977931,5/31/2024,TACTICS WHEN ENGAGING INDIVIDUALS IN A MENTAL HEALTH CRISIS
977931,5/29/2024,BODY-WORN CAMERA REVIEW PART ONE
977931,5/29/2024,BODY-WORN CAMERA REVIEW PART TWO
977931,5/29/2024,NATIONAL INCIDENT-BASED REPORTING SYSTEM (NIBRS) UPDATES TO THE OMNIFORM COMPLAINT SYSTEMV
977931,5/16/2024,CRISIS INTERVENTION TEAM TRAINING
977931,5/15/2024,CONVICTED OFFENDER DNA DATABANK SPECIMEN COLLECTION KIT
977931,5/15/2024,ELDER ABUSE -2023 REFRESHER
977931,5/15/2024,INVESTIGATIVE ENCOUNTERS 2023: MODULE 2 SQF LEVEL 1
977931,5/15/2024,RAISING THE LOWER AGE OF JUVENILE DELINQUENCY
977931,5/14/2024,ACCURATE COMPLAINT REPORT CLASSIFICATION
977931,5/14/2024,BELT-WORN TRAUMA KIT REFRESHER TRAINING VIDEO-2022
977931,5/9/2024,CLT-PROFESSIONAL DEVELOPMENT
977931,5/9/2024,EQUAL EMPLOYMENT OPPORTUNITY TRAINING - LEAVE TO EXPRESS BREAST MILK
977931,5/9/2024,SAFETY CONSIDERATIONS FOR PATROLLING THE NYC SUBWAY SYSTEM -DANGERS OF THE PLATFORM EDGE
977931,5/9/2024,TRANSIT BUREAU - SAFETY CONSIDERATIONS FOR PATROLLING THE NYC SUBWAY SYSTEM - PART 2
977931,5/9/2024,TRANSIT BUREAU - TRANSIT KEYS
977931,5/8/2024,ESPER POLICY LIBRARY
977931,5/8/2024,ILLEGAL EVICTIONS
977931,5/8/2024,INVESTIGATIVE ENCOUNTERS 2023: MODULE 3 SQF LEVEL 2
977931,5/8/2024,"INVESTIGATIVE ENCOUNTERS 2023: MODULE 4 SQF LEVELS 2, 3 AND 4"
977931,5/8/2024,PROCESSING CIVILIAN COMPLAINTS
977931,5/8/2024,TRANSIT BUREAU - SAFETY CONSIDERATIONS FOR PATROLLING THE NYC SUBWAY SYSTEM
977931,5/8/2024,VIDEO 1 - PATROLLING THE NYC SUBWAY SYSTEM 2022
977931,5/8/2024,VIDEO 2 -TACTICAL CONSIDERATIONS FOR TRANSIT PATROL 2022 (PART 1)
977931,5/8/2024,VIDEO 3 - TACTICAL CONSIDERATIONS FOR TRANSIT PATROL 2022 (PART 2)
977931,5/8/2024,VIDEO 4 - PLATFORM SAFETY 2022
977931,5/7/2024,2023 LANGUAGE MATTERS - FOSTERING A POSITIVE WORK ENVIRONMENT
977931,5/6/2024,AUGMENTED REALITY FEATURE
977931,5/6/2024,NYPD JOUVERT AND WEST INDIAN DAY-2023
977931,5/6/2024,UNMANNED AIRCRAFT PERMIT: DRONES FOR PUBLIC USE
977931,5/3/2024,INFORMATION SECURITY AWARENESS TRAINING - 2023
977931,5/3/2024,INVESTIGATIVE ENCOUNTERS 2023: MODULE 5 SQF LEVELS 3 AND 4
977931,5/3/2024,INVESTIGATIVE ENCOUNTERS SUMMARY: SQF MODULE 6
977931,5/3/2024,NYCHA INTERIOR PATROL: SQF MODULE 7
977931,5/3/2024,VEHICLE MOUNTED VIDEO SYSTEM
977931,5/2/2024,2023 SUMMER ALL-OUT BODY WORN CAMERA TRAINING
977931,5/2/2024,2024 EQUAL EMPLOYMENT OPPORTUNITY TRAINING - SEXUAL HARASSMENT AWARENESS AND PREVENTION
977931,5/2/2024,ASSISTING SURVIVORS OF SEXUAL BASED VIOLENCE WITH ACCESS TO RESOURCES
977931,5/2/2024,DRIVE SMART 2024
977931,5/2/2024,EFFECTIVE COMMUNICATION SKILLS - DEAF OR HARD OF HEARING
977931,5/2/2024,HOUSING BUREAU INTERIOR PATROL TACTICS
977931,4/29/2024,PTTD DEFENSIVE TACTICS REVIEW WRITTEN EXAM
977931,4/26/2024,FIELD FORCE OPERATIONS (FFO) - 5 DAY
977931,4/19/2024,POLICE ACADEMY RECRUIT 3RD TRIMESTER EXAM (2023 AND AFTER)
977931,4/16/2024,2024 VEHICLE SEIZURE FORM REFRESHER
977931,4/16/2024,INVESTIGATIVE ENCOUNTERS 2023 - MODULE 1 INTRODUCTION TO SQF
977931,4/16/2024,NYPD RECRUITMENT TRAINING VIDEO
977931,4/16/2024,OPIOID DANGERS- FENTANYL AND CARFENTANIL
977931,4/16/2024,TRAFFIC COURT TESTIMONY VIDEO
977931,4/12/2024,POLICE ACADEMY RECRUIT 3RD TRIMESTER PRACTICE WRITTEN EXAM
977931,4/10/2024,AUTISM SPECTRUM DISORDER
977931,4/10/2024,EMPLOYEE ASSISTANCE UNIT (E.A.U.) IS HERE FOR YOU- 2024
977931,4/9/2024,POLICING THE SUBWAY 2024
977931,4/1/2024,PTTD DEFENSIVE TACTICS PRACTICAL EXAM
977931,4/1/2024,PTTD DEFENSIVE TACTICS REVIEW WRITTEN EXAM
977931,4/1/2024,RTS ACADEMIC - AIDED AND MISSING
977931,3/29/2024,CIMS ICS 100 / 200
977931,3/29/2024,IS 700.A - INTRODUCTION TO NIMS
977931,3/22/2024,HIGHWAY DRUG IMPAIRED DRIVING COURSE
977931,3/22/2024,HIGHWAY PRELIMINARY BREATH TEST INSTRUMENT TRAINING - PBT
977931,3/13/2024,PTTD WATER SAFETY
977931,3/4/2024,LGBTQIA PLUS - DIVERSITY AND INCLUSION
977931,3/1/2024,POLICE ACADEMY RECRUIT 2ND TRIMESTER EXAM (2023 AND AFTER)
977931,2/29/2024,POLICE ACADEMY RECRUIT JUSTIFICATION WRITTEN EXAM
977931,2/23/2024,POLICE ACADEMY RECRUIT 1ST TRIMESTER PRACTICE WRITTEN EXAM (2023 AND AFTER)
977931,2/23/2024,POLICE ACADEMY RECRUIT 2ND TRIMESTER PRACTICE WRITTEN EXAM
977931,2/21/2024,RECRUIT RAPID DEPLOYMENT-ACTIVE SHOOTER
977931,2/19/2024,GROUND TACTICS
977931,2/16/2024,CPS BODY-WORN CAMERA TRAINING WITH SCENARIOS
977931,2/14/2024,P.A. RECRUIT NCIC/III EXAM
977931,2/1/2024,FIRST AID WRITEN EXAM
977931,2/1/2024,RTS ACADEMIC - FAIR AND IMPARCIAL POLICING
977931,1/25/2024,P.A. RECRUIT NYPD COMPUTER USE POLICY AND MONITORING NOTICE
977931,1/24/2024,PTTD WEAPONS DEFENSE
977931,1/23/2024,FTS - CEW END USER CERTIFICATION
977931,1/19/2024,OFF DUTY PISTOL CERTIFIED
977931,1/19/2024,RECRUIT TACTICAL FIREARMS QUALIFICATION AND TRAINING OFF DUTY PISTOL CERTIFIED
977931,1/11/2024,PTTD EXPANDABLE BATON
977931,1/8/2024,BATON
977931,1/3/2024,RECRUIT 12 PASSENGER VAN / UTILITY VEHICLE QUALIFICATION
977931,1/3/2024,RECRUIT COLLISION REDUCTION INCENTIVE PROGRAM
977931,1/3/2024,RECRUIT RMP QUALIFICATION / RMP OPERATOR QUALIFIED
977931,12/30/2023,NYPD-U VOLUNTARY - INVOLUNTARY TRANSPORTS
977931,12/28/2023,PTTD C.P.R. / A.E.D. WRITTEN EXAM
977931,12/27/2023,VEHICLE STOP SOLUTIONS MODULE
977931,12/26/2023,PTTD C.P.R. / A.E.D. WRITTEN EXAM
977931,12/26/2023,PTTD CPR PRACTICAL EXAM
977931,12/22/2023,RECRUIT BASIC FIREARMS QUALIFICATION AND TRAINING
977931,12/13/2023,FRISKING AND HANDCUFFING
977931,12/8/2023,POLICE ACADEMY RECRUIT 1ST TRIMESTER EXAM (2023 AND AFTER)
977931,12/7/2023,POLICE ACADEMY RECRUIT STOP QUESTION & FRISK WRITTEN EXAM
977931,12/4/2023,PTTD DEFENSIVE TACTICS PRACTICAL EXAM
977931,12/1/2023,POLICE ACADEMY RECRUIT 1ST TRIMESTER PRACTICE WRITTEN EXAM (2023 AND AFTER)
977931,11/28/2023,JOB STANDARDS TEST ATTEMPT #1
977931,2/27/2023,INFORMATION SECURITY CRIMINAL JUSTICE TRAINING 2023
977931,11/9/2015,EMERGENCY VEHICLE OPERATION JULY 07 - PRESENT
977931,11/9/2015,PHYSICAL EDUCATION PART 1: FOUNDATIONS OF PHYSICAL FITNESS
977931,11/9/2015,PHYSICAL EDUCATION PART 2: DEFENSIVE TACTICS JULY 07 - PRESENT
977931,11/9/2015,PHYSICAL EDUCATION PART 3: AMERICAN HEART ASSOCIATION BASIC LIFE SUPPORT
977931,11/9/2015,POLICING A DEMOCRACY JULY 07 - PRESENT
977931,11/9/2015,PROCEDURAL LAW JULY 07 - PRESENT
977931,11/9/2015,SUBSTANTIVE LAW JULY 07 - PRESENT
977931,11/9/2015,TERRORISM AWARENESS AND RESPONSE JULY 07 - PRESENT
974157,10/22/2025,COUNTERTERRORISM CBRNE-HAZMAT OPERATIONS LEVEL TRAINING (COBRA COHORT TRAINING)
974157,10/17/2025,SRG - BICYCLE CROWD MANAGEMENT COURSE
974157,10/16/2025,SUPERVISOR RESPONSIBILITIES: SQF MODULE 11
974157,9/28/2025,"SRG - ""10 RULES"" OF CLOSE QUARTERS BATTLE (CQB)"
974157,9/24/2025,FTS - BI-WEEKLY FIREARMS PRACTICE SESSION
974157,9/23/2025,EXTREME RISK PROTECTION ORDER (ERPO)
974157,9/23/2025,MICROSOFT 365 COLLABORATION ESSENTIALS-TRANSITIONING FROM OFFICE 2016
974157,9/23/2025,SRG - LONG RANGE ACOUSTIC DEVICE (LRAD)”
974157,9/22/2025,INTRODUCTION TO THE NEW 311 RADIO CODE
974157,8/31/2025,PATROL TACTICS
974157,8/30/2025,NYPD JOUVERT AND WEST INDIAN DAY-2025
974157,7/22/2025,CLT-ENFORCEMENT ACTIONS
974157,7/7/2025,SPECIAL VICTIMS UNIT - BEST PRACTICES GUIDE TRAINING
974157,6/30/2025,BLASTT – BASIC LIFE SUPPORT AND TRAUMA TREATMENT
974157,6/25/2025,CRISIS INTERVENTION TEAM TRAINING
974157,6/15/2025,2025 BWC PROFICIENCY TRAINING
974157,6/15/2025,EAU 2025 POLICE COMMISSIONER JESSICA S. TISCH
974157,6/2/2025,2025 EQUAL EMPLOYMENT OPPORTUNITY TRAINING - SEXUAL HARASSMENT AWARENESS AND PREVENTION
974157,6/2/2025,SQF REVIEW AND DOCUMENTATION: SQF MODULE 10
974157,5/8/2025,CLT-ENFORCEMENT ACTIONS
974157,4/11/2025,"CLT-UNIFORMS, PERSONAL APPEARANCE AND EQUIPMENT"
974157,2/26/2025,LACTATION - EXPRESSING BREASTMILK IN THE WORKPLACE
974157,2/25/2025,CLT-DOMESTIC VIOLENCE TRAINING
974157,2/20/2025,FTS - TASER 7 ANNUAL RECERTIFICATION
974157,2/5/2025,CLT-DOMESTIC VIOLENCE TRAINING
974157,1/27/2025,RIGHT TO KNOW ACT SQF MODULE 9
974157,1/27/2025,VEHICLE PURSUITS
974157,1/14/2025,KEVIN AND AVONTE SAFE HOME PROGRAM
974157,1/7/2025,2025 IDENTIFYING THE IMPAIRED DRIVER REFRESHER
974157,1/6/2025,ACTIVE SHOOTER - SCHOOL RESPONSE PROTOCOL
974157,12/25/2024,CELL BLOCK FIRESHIELD EV BLANKETS
974157,12/25/2024,MULTI-FACTOR AUTHENTICATION MFA TRAINING
974157,12/17/2024,BEHAVIORAL HEALTH EMERGENCY ASSISTANCE RESPONSE DIVISION B-HEARD
974157,12/15/2024,NOTIFICATION OF ALLEGATIONS AND EMPLOYEE RIGHTS
974157,12/12/2024,INFORMATION SECURITY AWARENESS TRAINING 2024
974157,11/16/2024,DRIVING WHILE INTOXICATED AWARENESS VIDEO MODULE 1
974157,11/16/2024,LEAVING THE SCENE COLLISIONS INVESTIGATIVE BEST PRACTICES
974157,10/8/2024,CLT-DOCUMENTATION AND FORMS
974157,10/8/2024,CLT-MEMBER-EMPLOYEE WELLNESS
974157,10/7/2024,FAMILY BUILDING
974157,10/7/2024,NORTHWELL DIRECT FINEST CARE PROGRAM FOR UMOS
974157,9/26/2024,CLT-PROCEDURAL OPERATIONS
974157,9/3/2024,CLT-DOCUMENTATION AND FORMS
974157,8/26/2024,CLT-DOCUMENTATION AND FORMS
974157,8/26/2024,RACIAL PROFILING AND BIASED BASED POLICING: SQF MODULE 8
974157,8/25/2024,RAPE IS RAPE
974157,8/12/2024,UNMANNED AIRCRAFT SYSTEMS VISUAL OBSERVER
974157,8/2/2024,CLT-DOMESTIC VIOLENCE TRAINING
974157,8/2/2024,MENTAL HEALTH INVOLUNTARY REMOVALS MHL 9.41 AND MHL 9.58
974157,7/28/2024,APX NEXT PORTABLE AND RADIO DISCIPLINE TRAINING VIDEO
974157,7/25/2024,CLT-DOMESTIC VIOLENCE TRAINING
974157,7/17/2024,"CLT-UNIFORMS, PERSONAL APPEARANCE AND EQUIPMENT"
974157,7/16/2024,CLT-DOMESTIC VIOLENCE TRAINING
974157,7/9/2024,CLT-DOMESTIC VIOLENCE TRAINING
974157,6/30/2024,DRIVE SMART 2024
974157,6/28/2024,LEVEL 1 AND LEVEL 2 INVESTIGATIVE ENCOUNTERS
974157,6/25/2024,CLT-DOCUMENTATION AND FORMS
974157,6/24/2024,CLT-DOMESTIC VIOLENCE TRAINING
974157,6/14/2024,TACTICS WHEN ENGAGING INDIVIDUALS IN A MENTAL HEALTH CRISIS
974157,5/26/2024,ACCURATE COMPLAINT REPORT CLASSIFICATION
974157,5/10/2024,CLT-ENFORCEMENT ACTIONS
974157,5/8/2024,2024 EQUAL EMPLOYMENT OPPORTUNITY TRAINING - SEXUAL HARASSMENT AWARENESS AND PREVENTION
974157,5/7/2024,ASSISTING SURVIVORS OF SEXUAL BASED VIOLENCE WITH ACCESS TO RESOURCES
974157,5/7/2024,CLT-DOMESTIC VIOLENCE TRAINING
974157,5/7/2024,HOUSING BUREAU INTERIOR PATROL TACTICS
974157,5/2/2024,FTS - CEW TASER 7 TRANSITION COURSE
974157,5/2/2024,FTS - TASER 7 HOLSTER DISTRIBUTION
974157,4/25/2024,CLT-BWC POLICY UPDATES
974157,4/24/2024,CLT-DOMESTIC VIOLENCE TRAINING
974157,4/19/2024,SELF-DEFENSE AND GRAPPLING TACTICS TRAINING COURSE
974157,4/11/2024,CLT-PROCEDURAL OPERATIONS
974157,4/11/2024,POLICING THE SUBWAY 2024
974157,4/10/2024,CLT-DOMESTIC VIOLENCE TRAINING
974157,4/1/2024,CLT-DOCUMENTATION AND FORMS
974157,3/30/2024,CLT - OATH VS. CRIMINAL COURT SUMMONS ROLL CALL TRAINING
974157,3/27/2024,"CLT - VEHICLE STOP, OPTIMAL OFFICER POSITIONING"
974157,3/25/2024,2024 VEHICLE SEIZURE FORM REFRESHER
974157,3/19/2024,CLT-DOCUMENTATION AND FORMS
974157,3/19/2024,CPR-AED CARDIOPULMONARY RESUSCITATION-AUTOMATED EXTERNAL DEFIBRILLATOR REFRESHER
974157,3/12/2024,NYCHA INTERIOR PATROL: SQF MODULE 7
974157,3/3/2024,CLT-DOMESTIC VIOLENCE TRAINING
974157,3/2/2024,EMPLOYEE ASSISTANCE UNIT (E.A.U.) IS HERE FOR YOU- 2024
974157,2/19/2024,CLT-DOMESTIC VIOLENCE TRAINING
974157,2/15/2024,"CLT-UNIFORMS, PERSONAL APPEARANCE AND EQUIPMENT"
974157,2/2/2024,CLT-DOCUMENTATION AND FORMS
974157,2/1/2024,"CLT-UNIFORMS, PERSONAL APPEARANCE AND EQUIPMENT"
974157,1/23/2024,CLT-PROCEDURAL OPERATIONS
974157,1/20/2024,AUTISM SPECTRUM DISORDER
974157,1/15/2024,SRG - RAPID MOBILIZATION (PATROL) LEVEL 4
974157,1/8/2024,CLT-PROCEDURAL OPERATIONS
974157,1/2/2024,"POSSESSION OR INGESTION OF ANABOLIC STEROIDS, HUMAN GROWTH HORMONE, AND NUTRITIONAL SUPPLEMENTS"
974157,1/1/2024,CLT-PROCEDURAL OPERATIONS
974157,12/26/2023,CLT-PROCEDURAL OPERATIONS
974157,12/24/2023,INVESTIGATIVE ENCOUNTERS SUMMARY: SQF MODULE 6
974157,12/24/2023,LGBTQIA PLUS - DIVERSITY AND INCLUSION
974157,12/24/2023,OPIOID DANGERS- FENTANYL AND CARFENTANIL
974157,12/18/2023,CLT-PROCEDURAL OPERATIONS
974157,12/15/2023,1-DAY LAW ENFORCEMENT ACTIVE SHOOTER EMERGENCY RESPONSE (PER-375-C)
974157,11/26/2023,CLT-PROCEDURAL OPERATIONS
974157,11/23/2023,SRG - RAPID MOBILIZATION (PATROL) LEVEL 4
974157,11/20/2023,CLT-PROCEDURAL OPERATIONS
974157,11/17/2023,AUGMENTED REALITY FEATURE
974157,11/16/2023,SRG - RAPID MOBILIZATION (PATROL) LEVEL 4
974157,11/15/2023,SRG - RAPID MOBILIZATION (PATROL) LEVEL 4
974157,11/11/2023,INVESTIGATIVE ENCOUNTERS 2023: MODULE 5 SQF LEVELS 3 AND 4
974157,11/8/2023,SRG - RAPID MOBILIZATION
974157,11/1/2023,SRG - RAPID MOBILIZATION (PATROL) LEVEL 4
974157,10/18/2023,CLT-PROCEDURAL OPERATIONS
974157,10/18/2023,NYPD RECRUITMENT TRAINING VIDEO
974157,10/5/2023,VEHICLE MOUNTED VIDEO SYSTEM
974157,10/3/2023,CLT-PATROL TACTICS ROLLCALL TRAINING VIDEO SERIES
974157,10/3/2023,CLT-PROCEDURAL OPERATIONS
974157,10/3/2023,INFORMATION SECURITY AWARENESS TRAINING - 2023
974157,9/28/2023,CLT-PROCEDURAL OPERATIONS
974157,9/28/2023,EFFECTIVE COMMUNICATION SKILLS - DEAF OR HARD OF HEARING
974157,9/27/2023,CLT-PROCEDURAL OPERATIONS
974157,9/19/2023,CLT-CRIME CONTROL STRATEGIES AND PROBLEM SOLVING
974157,9/18/2023,FTS - ANNUAL CEW RECERTIFICATION
974157,9/13/2023,CLT-COMMUNICATION STRATEGIES AND AIDS
974157,9/7/2023,CLT-PROCEDURAL OPERATIONS
974157,8/29/2023,CLT-PATROL TACTICS ROLLCALL TRAINING VIDEO SERIES
974157,8/25/2023,NYPD JOUVERT AND WEST INDIAN DAY-2023
974157,8/8/2023,CLT-CRIME CONTROL STRATEGIES AND PROBLEM SOLVING
974157,8/4/2023,2023 SUMMER ALL-OUT BODY WORN CAMERA TRAINING
974157,8/4/2023,UNMANNED AIRCRAFT PERMIT: DRONES FOR PUBLIC USE
974157,7/7/2023,TRAFFIC COURT TESTIMONY VIDEO
974157,7/5/2023,CLT-PROCEDURAL OPERATIONS
974157,6/28/2023,CLT-PROCEDURAL OPERATIONS
974157,6/27/2023,CLT-PROCEDURAL OPERATIONS
974157,6/22/2023,CLT-BWC POLICY UPDATES
974157,6/22/2023,"INVESTIGATIVE ENCOUNTERS 2023: MODULE 4 SQF LEVELS 2, 3 AND 4"
974157,6/15/2023,CLT-PROCEDURAL OPERATIONS
974157,6/7/2023,CLT-PROCEDURAL OPERATIONS
974157,5/31/2023,CLT-PROCEDURAL OPERATIONS
974157,5/23/2023,CLT-MEMBER-EMPLOYEE WELLNESS
974157,5/10/2023,2023 EQUAL EMPLOYMENT OPPORTUNITY TRAINING-SEXUAL HARASSMENT AWARENESS AND PREVENTION
974157,5/10/2023,CLT-PROFESSIONAL DEVELOPMENT
974157,4/30/2023,CLT-PROCEDURAL OPERATIONS
974157,4/28/2023,CLT-PARK SMART ROLLCALL PRESENTATION
974157,4/21/2023,CLT-PROCEDURAL OPERATIONS
974157,4/10/2023,2023 LANGUAGE MATTERS - FOSTERING A POSITIVE WORK ENVIRONMENT
974157,4/1/2023,ESPER POLICY LIBRARY
974157,4/1/2023,INVESTIGATIVE ENCOUNTERS 2023: MODULE 3 SQF LEVEL 2
974157,2/22/2023,INFORMATION SECURITY CRIMINAL JUSTICE TRAINING 2023
974157,2/15/2023,CLT- RESPONDING TO COMMERCIAL ROBBERIES 2023
974157,2/3/2023,CLT-PROPERTY
974157,2/3/2023,ELDER ABUSE -2023 REFRESHER
974157,2/1/2023,CLT-PROCEDURAL OPERATIONS
974157,1/25/2023,NYPD-U VOLUNTARY - INVOLUNTARY TRANSPORTS
974157,1/19/2023,RAISING THE LOWER AGE OF JUVENILE DELINQUENCY
974157,1/13/2023,INVESTIGATIVE ENCOUNTERS 2023: MODULE 2 SQF LEVEL 1
974157,12/30/2022,"AXON BODY-WORN CAMERA TRAINING - CAMERA OPERATION, AXON VIEW AND EVIDENCE.COM (REQUIRED FOR LE4 COMM"
974157,12/28/2022,CLT-VOLUNTARY - INVOLUNTARY TRANSPORTS
974157,12/15/2022,INVESTIGATIVE ENCOUNTERS 2023 - MODULE 1 INTRODUCTION TO SQF
974157,12/14/2022,CLT-PROPERTY
974157,12/1/2022,CLT-PROCEDURAL OPERATIONS
974157,11/27/2022,COUNTERTERRORISM BUREAU FACILITY AWARENESS VIDEO- NAVY OPERATIONAL SUPPORT CENTER
974157,11/23/2022,CLT-PROCEDURAL OPERATIONS
974157,11/23/2022,VIDEO 1 - PATROLLING THE NYC SUBWAY SYSTEM 2022
974157,11/23/2022,VIDEO 2 -TACTICAL CONSIDERATIONS FOR TRANSIT PATROL 2022 (PART 1)
974157,11/23/2022,VIDEO 3 - TACTICAL CONSIDERATIONS FOR TRANSIT PATROL 2022 (PART 2)
974157,11/23/2022,VIDEO 4 - PLATFORM SAFETY 2022
974157,11/17/2022,CLT-PROCEDURAL OPERATIONS
974157,11/3/2022,CONSTITUTIONAL POLICING AT COMMUNITY EVENTS (CPACE)
974157,11/2/2022,LGBTQIA PLUS AWARENESS
974157,10/24/2022,PROCESSING CIVILIAN COMPLAINTS
974157,10/6/2022,BELT-WORN TRAUMA KIT REFRESHER TRAINING VIDEO-2022
974157,10/3/2022,POLICE ACADEMY RECRUIT 3RD TRIMESTER EXAM
974157,9/30/2022,RTS ACADEMIC - AUTO-RELATED PROCEDURES AND CRIMES PART 1
974157,9/30/2022,RTS ACADEMIC - AUTO-RELATED PROCEDURES AND CRIMES PART 2
974157,9/30/2022,RTS ACADEMIC - INTERIOR PATROL
974157,9/30/2022,RTS ACADEMIC - MAINTAINING PUBLIC ORDER
974157,9/30/2022,RTS ACADEMIC - SUMMONSES
974157,9/30/2022,RTS ACADEMIC - TRANSIT OPERATIONS
974157,9/27/2022,RTS ACADEMIC - DRUG OFFENSES
974157,9/23/2022,HIGHWAY DRUG IMPAIRED DRIVING COURSE
974157,9/23/2022,HIGHWAY PRELIMINARY BREATH TEST INSTRUMENT TRAINING - PBT
974157,9/22/2022,RECRUIT SUPPLEMENTAL-OFFICER SAFETY
974157,9/22/2022,SHIELD OF RESILIENCE TRAINING COURSE
974157,9/20/2022,RTS ACADEMIC - INTEGRITY CRIMES AND CIVIL LIABILITIES
974157,9/19/2022,RTS ACADEMIC - AIDED AND MISSING
974157,9/13/2022,PTTD DEFENSIVE TACTICS PRACTICAL EXAM
974157,9/13/2022,RTS ACADEMIC - POLICING WITH INTEGRITY
974157,9/10/2022,RECRUIT WEEKEND ACADEMIC TUTORING
974157,9/9/2022,THE EMPLOYEE ASSISTANCE UNIT (EAU) IS HERE FOR YOU
974157,9/7/2022,PTTD WATER SAFETY
974157,9/3/2022,DEATH BY POWERPOINT
974157,9/3/2022,"FORMS - THREAT,RESISTANCE,INJURY (TRI)"
974157,9/3/2022,X26P TRANSITION COURSE FOR CURRENT X26 END-USERS
974157,9/2/2022,FIRST AID WRITEN EXAM
974157,9/1/2022,CIMS ICS 100 / 200
974157,9/1/2022,IS 700.A - INTRODUCTION TO NIMS
974157,8/31/2022,GROUND TACTICS
974157,8/29/2022,NYPD JOUVERT  WEST INDIAN DAY
974157,8/24/2022,BELT TRAUMA KIT VIDEO
974157,8/24/2022,COLLABORATIVE POLICING- POLICING IN TODAY’S MULTI-FAITH NY
974157,8/24/2022,COUNTERTERRORISM BUREAU FACILITY AWARENESS VIDEO- TIME WARNER BUILDING
974157,8/24/2022,COUNTERTERRORISM BUREAU FACILITY AWARENESS VIDEO-EMPIRE STATE BUILDING
974157,8/24/2022,"COUNTERTERRORISM BUREAU FACILITY AWARENESS- THE INTREPID SEA, AIR AND SPACE MUSEUM"
974157,8/24/2022,COUNTERTERRORISM BUREAU INITIAL PATROL RESPONSE FOR ACTIVE SHOOTER
974157,8/24/2022,COUNTERTERRORISM U.A.S. (UNMANNED AIRCRAFT SYSTEMS) DRONE AWARENESS
974157,8/24/2022,CRIME CONTROL STRATEGIES- COMMUNITY SUPERVISION
974157,8/24/2022,DAS OVERLAPPING LAYERS TUTORIAL
974157,8/24/2022,DAS PATTERN MODE
974157,8/24/2022,DOMAIN AWARNESS SYSTEM (DAS)
974157,8/24/2022,IPHONE AND DAS MOBILE OPERATION
974157,8/24/2022,LOCATING APPLE DEVICES USING YOUR DEPARTMENT SMARTPHONE
974157,8/24/2022,MOBILE IDENTIFICATION DEVICE (MORPHO)
974157,8/24/2022,NEW NYPD PORTAL
974157,8/24/2022,NEW YEAR'S EVE TACTICAL AWARENESS
974157,8/24/2022,POLICE COMMISSIONER MESSAGE- NYC GIVES
974157,8/24/2022,RTS ACADEMIC - CHILDREN AND ADOLESCENTS
974157,8/24/2022,RTS ACADEMIC - CUSTODIAL OFFENSES
974157,8/24/2022,RTS ACADEMIC - INTERROGATION AND IDENTIFICATION
974157,8/24/2022,STOP REPORT
974157,8/24/2022,TACTICAL AWARENESS OF EXCITED DELIRIUM SYNDROME
974157,8/24/2022,TACTICAL AWARENESS- BALLISTIC VEST
974157,8/24/2022,TRAINING MATERIALS- CLOSING THE GAP ON VEHICLE INTELLIGENCE
974157,8/24/2022,WARRANT CHECK IN DOMAIN AWARENESS SYSTEM (DAS LITE)
974157,8/23/2022,AIM COMPONENTS
974157,8/23/2022,AIM COMPONENTS 2.0
974157,8/23/2022,AIM REGISTRATION AND SYNCHRONIZATION 2.0
974157,8/23/2022,CITYTIME USER TRAINING FOR MANAGERIAL CIVIL SERVICE TITLES
974157,8/23/2022,FORCE POLICY REVISION-VIDEO-PG 221-UNIT TRAINING MAY 2016
974157,8/23/2022,REGISTRATION OF AIM
974157,8/22/2022,RECRUIT RAPID DEPLOYMENT-ACTIVE SHOOTER
974157,8/19/2022,AXON CASES 2.0
974157,8/19/2022,AXON TRAINING - MODULE 1 AXON BODY 2 BASIC OPERATION
974157,8/19/2022,COUNTERTERRORISM ACTIVE SHOOTER TRAINING
974157,8/19/2022,CRITICAL INCIDENT TACTICS - RESPONDING TO COMMERCIAL ROBBERIES (EXTENDED VERSION)
974157,8/19/2022,DETECTIVE BUREAU RETRIEVING BODY WORN CAMERA DATA
974157,8/19/2022,INCREASE OFFICER SAFETY DURING VEHICLE STOPS
974157,8/19/2022,PRISONER ESCAPE WARNING SIGNS
974157,8/19/2022,SAFEGUARDING HOSPITALIZED PRISONERS
974157,8/19/2022,SUCCESSFULLY DISARMING AN EMOTIONALLY DISTURBED PERSON
974157,8/18/2022,COLLABORATIVE POLICING- HUMAN TRAFFICKING
974157,8/18/2022,COUNTERTERRORISM BUREAU ACTIVE SHOOTER SCHOOL INCIDENTS AWARENESS
974157,8/18/2022,COUNTERTERRORISM BUREAU NH15 TRAINING
974157,8/18/2022,DISCUSSION - BASED LEARNING MODULE # 1-3
974157,8/18/2022,EXECUTIVE CONFERENCE VIDEO 10-17-18: LEADERSHIP ON AND OFF THE BATTLEFIELD: GENERAL JOHN R. ALLEN (P
974157,8/18/2022,EXECUTIVE HEALTH AND WELLNESS TRAINING - MODULE 2
974157,8/18/2022,EXECUTIVE HEALTH AND WELLNESS TRAINING - MODULE 4
974157,8/18/2022,VERTEX 949 RADIO OPERATIONAL INSTRUCTIONS
974157,8/17/2022,DOMAIN AWARENESS SYSTEM - SEARCH ACCURINT RESULTS
974157,8/17/2022,"EXECUTIVE CONFERENCE VIDEO 10-17-18: DISCUSSION WITH INDRA NOOYI, CHAIRMAN OF PEPSI CO"
974157,8/17/2022,"EXECUTIVE CONFERENCE VIDEO 10-17-18: INTELLIGENT LEADERSHIP: GEORGE TENET, FORMER (DIRECTOR OF CENTR"
974157,8/17/2022,EXECUTIVE CONFERENCE VIDEO 10-17-18: MAKING IT REAL-GETTING FROM HERE TO THERE TOGETHER - DR SCOTT L
974157,8/17/2022,EXECUTIVE HEALTH AND WELLNESS CONFERENCE - MODULE 1
974157,8/17/2022,EXECUTIVE HEALTH AND WELLNESS TRAINING - MODULE 10
974157,8/17/2022,EXECUTIVE HEALTH AND WELLNESS TRAINING - MODULE 3
974157,8/17/2022,EXECUTIVE HEALTH AND WELLNESS TRAINING - MODULE 5
974157,8/17/2022,EXECUTIVE HEALTH AND WELLNESS TRAINING - MODULE 6
974157,8/17/2022,EXECUTIVE HEALTH AND WELLNESS TRAINING - MODULE 7
974157,8/17/2022,EXECUTIVE HEALTH AND WELLNESS TRAINING - MODULE 8
974157,8/17/2022,EXECUTIVE HEALTH AND WELLNESS TRAINING - MODULE 9
974157,8/17/2022,HEALTH AND WELLNESS SECTION - CHILD MIND INSTITUTE VIDEO SERIES - MODULE 2 - WHEN TO WORRY ABOUT YOU
974157,8/17/2022,HEALTH AND WELLNESS SECTION - CHILD MIND INSTITUTE VIDEO SERIES - MODULE 3 - CHILDREN'S MENTAL HEALT
974157,8/17/2022,HEALTH AND WELLNESS SECTION - CHILD MIND INSTITUTE VIDEO SERIES - MODULE 4 - RAISING SELF SUFFICIENT
974157,8/17/2022,HEALTH AND WELLNESS SECTION - FINANCIAL LITERACY SERIES - MODULE 1 - YOUR MONEY VALUES AND INFLUENCE
974157,8/17/2022,HEALTH AND WELLNESS SECTION - FINANCIAL LITERACY SERIES - MODULE 2 - YOUR INCOME AND EXPENSES
974157,8/17/2022,HEALTH AND WELLNESS SECTION - FINANCIAL LITERACY SERIES - MODULE 3 - YOUR SPENDING AND SAVINGS PLAN
974157,8/17/2022,HEALTH AND WELLNESS SECTION - FINANCIAL LITERACY SERIES - MODULE 4 - MANAGING DEBT
974157,8/17/2022,HEALTH AND WELLNESS SECTION - MODULE 13 - MINDFULNESS
974157,8/17/2022,HEALTH AND WELLNESS SECTION - MODULE 14 - FINANCIAL WELLNESS PART 1
974157,8/17/2022,HEALTH AND WELLNESS SECTION - MODULE 15 - FINANCIAL WELLNESS PART 2
974157,8/17/2022,HEALTH AND WELLNESS SECTION - MODULE 16 - GRIEF AND COPING
974157,8/17/2022,HEALTH AND WELLNESS SECTION - MODULE 17 - FINANCIAL WILLS AND TRUSTS
974157,8/17/2022,HEALTH AND WELLNESS SECTION - MODULE 18 - YOGA MYTH BUSTING
974157,8/17/2022,HEALTH AND WELLNESS SECTION - MODULE 19 - STOP SMOKING - NYC ESCAPE PROGRAM
974157,8/17/2022,HEALTH AND WELLNESS SECTION - MODULE 20 - POPPA TESTIMONIAL VIDEO
974157,8/17/2022,NYPD MOBILITY INITIATIVE - DEPARTMENT SMARTPHONE TRAINING
974157,8/17/2022,RECRUIT SUPPLEMENTAL-OFFICER SAFETY
974157,8/17/2022,TRAINING MATERIALS- PAWNSHOP AND 2ND HAND DEALER DATABASE
974157,8/17/2022,TRAINING MATERIALS- THE RECIDIVIST TRACKING AND REPORTING DATABASE (RTRD)
974157,8/17/2022,TRAINING MATERIALS- VIRTUAL CRIME INFORMATION CENTER
974157,8/16/2022,2021 EXECUTIVE CONFERENCE - VIDEOS
974157,8/16/2022,HEALTH AND WELLNESS SECTION - CHILD MIND INSTITUTE VIDEO SERIES - MODULE 1 - BEHAVIOR MANAGEMENT STR
974157,8/16/2022,HEALTH AND WELLNESS SECTION - MYPLATE APP TUTORIAL
974157,8/15/2022,HEALTH AND WELLNESS SECTION - NUTRITIONAL SERIES: DIETING FOR WEIGHT LOSS - MODULE 1 - INTRODUCTION
974157,8/15/2022,NEIGHBORHOOD POLICING APPLICATION TRAINING VIDEO
974157,8/15/2022,POLICE ACADEMY RECRUIT 2ND TRIMESTER EXAM
974157,8/12/2022,POLICE ACADEMY RECRUIT JUSTIFICATION WRITTEN EXAM
974157,8/11/2022,"RECRUIT SUPPLEMENTAL-CRITICAL DECISION MAKING, DE-ESCALATION, AND COMMUNICATION"
974157,8/10/2022,"INTEGRATING COMMUNICATION, ASSESSMENT AND TACTICS (ICAT) MODULE 6"
974157,8/10/2022,"INTEGRATING COMMUNICATION, ASSESSMENT, AND TACTICS (ICAT) MODULE 7"
974157,8/9/2022,RTS ACADEMIC - PROPERTY CRIMES
974157,8/9/2022,RTS ACADEMIC - THEFT OFFENSES
974157,8/8/2022,COMMUNICATIONS- THE PROPER USAGE OF THE IDA RADIO CODES
974157,8/8/2022,COVID-19 SELF-COLLECTION KIT INSTRUCTIONS
974157,8/8/2022,LEGAL BUREAU PERFORMANCE METRICS - PROHIBITED CONDUCT
974157,8/8/2022,MARIJUANA BURNING ENFORCEMENT POLICY
974157,8/8/2022,PERSONNEL BUREAU NYPD EMPLOYEE ASSISTANCE UNIT (EAU)
974157,8/8/2022,VIPER CCTV TRAINING COURSE
974157,8/7/2022,COLLABORATIVE POLICING- ACCESSING TELEPHONIC INTERPRETERS VIA LANGUAGE LINE
974157,8/7/2022,COLLABORATIVE POLICING- FOREIGN LANGUAGE CERTIFICATION VIDEO
974157,8/7/2022,"CPS INTERIOR PATROL OF HOUSING AUTHORITY BUILDINGS, PG 212-60 ROLL CALL VIDEO 1"
974157,8/7/2022,"CPS INTERIOR PATROL OF HOUSING AUTHORITY BUILDINGS, PG 212-60 ROLL CALL VIDEO 2"
974157,8/7/2022,CPS INTERIOR PATROL TRESPASS AFFIDAVIT PROGRAM (TAP) VIDEO 1
974157,8/7/2022,CPS INTERIOR PATROL TRESPASS AFFIDAVIT PROGRAM (TAP) VIDEO 2
974157,8/7/2022,CRIMINAL JUSTICE REFORM ACT ROLL CALL TRAINING PART 1
974157,8/7/2022,CRIMINAL JUSTICE REFORM ACT ROLL CALL TRAINING PART 2
974157,8/7/2022,NARCAN NASAL SPRAY TRAINING
974157,8/7/2022,NEW PERFORMANCE EVALUATION PROCESS
974157,8/7/2022,PATROL- POLYCARBONATE SHIELD
974157,8/7/2022,RAISE THE AGE
974157,8/7/2022,TACTICAL AWARENESS-SMARTPHONE SAFETY
974157,8/6/2022,ACTIVITY LOG FOR IPHONE
974157,8/6/2022,COLLABORATIVE POLICING - MEDIATION REFERRAL PROGRAM FOR NON-CRIMINAL COMPLAINTS
974157,8/6/2022,COLLABORATIVE POLICING - THE DEAF AND HARD OF HEARING COMMUNITY
974157,8/6/2022,CRIMINAL JUSTICE BUREAU - GIGLIO MATERIAL DISCLOSURES UNDER THE NEW DISCOVERY LAWS
974157,8/6/2022,LEGAL BUREAU - PERJURY TRAINING MODULE
974157,8/6/2022,NYC RIGHT TO KNOW ACT LEGISLATION - PART 2
974157,8/6/2022,NYC RIGHT TO KNOW ACT LEGISLATION – PART 1
