taxid,date,name
902796,5/20/2020,CLT-INFORMATION TECHNOLOGY
902796,5/18/2020,CLT-SPECIAL POPULATIONS
902796,5/14/2020,CLT-INFORMATION TECHNOLOGY
902796,5/13/2020,CLT-INFORMATION TECHNOLOGY
902796,5/11/2020,COVID-19: PREPAREDENESS
902796,5/11/2020,COVID-19: PROTECTIVE MASKS
902796,5/6/2020,CLT-INFORMATION TECHNOLOGY
902796,4/30/2020,SAFETY CONSIDERATIONS FOR PATROLLING THE NYC SUBWAY SYSTEM -DANGERS OF THE PLATFORM EDGE
902796,4/28/2020,"CLT-UNIFORMS, PERSONAL APPEARANCE AND EQUIPMENT"
902796,3/6/2020,"AXON BODY-WORN CAMERA TRAINING - CAMERA OPERATION, AXON VIEW AND EVIDENCE.COM (REQUIRED FOR LE4 COMM"
902796,3/6/2020,CLT-ENFORCEMENT ACTIONS
902796,2/27/2020,CLT-SPECIAL POPULATIONS
902796,2/20/2020,CLT-DOCUMENTATION AND FORMS
902796,2/18/2020,UTILIZING BALLISTIC PROTECTION IN DEPARTMENT VEHICLES (4:09)
902796,2/7/2020,CRIMINAL JUSTICE BUREAU - GIGLIO MATERIAL DISCLOSURES UNDER THE NEW DISCOVERY LAWS
902796,2/6/2020,CLT-MEMBER-EMPLOYEE WELLNESS
902796,1/20/2020,CLT-EQUAL EMPLOYMENT OPPORTUNITY
902796,1/15/2020,FTS - TACTICAL TRAINING CENTER 047 PCT - SESSION 1
902796,1/13/2020,CRITICAL INCIDENT TACTICS - RESPONDING TO COMMERCIAL ROBBERIES (EXTENDED VERSION)
902796,1/13/2020,EXECUTIVE HEALTH AND WELLNESS CONFERENCE - MODULE 1
902796,1/13/2020,EXECUTIVE HEALTH AND WELLNESS TRAINING - MODULE 2
902796,1/13/2020,PROCESSING DISCOVERY MATERIAL IN THE FORMS ARREST FOLDER
902796,1/8/2020,"CLT-UNIFORMS, PERSONAL APPEARANCE AND EQUIPMENT"
902796,1/7/2020,SAFEGUARDING HOSPITALIZED PRISONERS
902796,1/7/2020,SUCCESSFULLY DISARMING AN EMOTIONALLY DISTURBED PERSON
902796,1/6/2020,ACTIVITY LOG FOR IPHONE COMMAND - UNIT TRAINING
902796,1/3/2020,CROSSFIRE MITIGATION DURING CLOSE COMBAT INCIDENTS - PART 2
902796,12/11/2019,ACTIVITY LOG FOR IPHONE
902796,12/10/2019,CROSSFIRE MITIGATION DURING CLOSE COMBAT INCIDENTS
902796,12/6/2019,CLT-PROCEDURAL OPERATIONS
902796,11/27/2019,CJB - DESK APPEARANCE TICKETS: THE NEW LAWS AND GUIDELINES FOR PROCESSING DATS
902796,11/27/2019,CJB - OVERVIEW OF THE NEW DISCOVERY LAWS
902796,11/27/2019,RESPONDING TO COMMERCIAL ROBBERIES PART LL - MODULE 1 AND MODULE 2
902796,11/14/2019,FTS - ANNUAL CEW RECERTIFICATION
902796,11/12/2019,DISCHARGING YOUR FIREARM AT A MOVING THREAT
902796,10/18/2019,CLT-SPECIAL POPULATIONS
902796,10/16/2019,CRIMINAL JUSTICE BUREAU - DNA TRAINING VIDEO
902796,10/10/2019,FORCE POLICY UPDATE VIDEO
902796,10/8/2019,CLT-DOCUMENTATION AND FORMS
902796,10/6/2019,COUNTERTERRORISM BUREAU ACTIVE SHOOTER SCHOOL INCIDENTS AWARENESS
902796,10/5/2019,CRITICAL DECISION MAKING MODEL
902796,10/3/2019,2019-20 IN-SERVICE CYCLE - CRITICAL INCIDENT TACTICS AND DEVELOPING EFFECTIVE LEADERSHIP SKILLS
902796,9/30/2019,CLT-DOCUMENTATION AND FORMS
902796,9/24/2019,CLT-ENFORCEMENT ACTIONS
902796,9/18/2019,MARIJUANA POLICY UPDATE
902796,9/16/2019,DOMESTIC VIOLENCE EDUCATION AND COUNSELING
902796,9/15/2019,SHIELD OF RESILIENCE TRAINING COURSE
902796,8/6/2019,RESPONDING TO COMMERCIAL ROBBERIES
902796,8/2/2019,CLT-PROCEDURAL OPERATIONS
902796,7/16/2019,CLT-ENFORCEMENT ACTIONS
902796,7/9/2019,CLT-MEMBER-EMPLOYEE WELLNESS
902796,7/5/2019,TRANSIT BUREAU - SAFETY CONSIDERATIONS FOR PATROLLING THE NYC SUBWAY SYSTEM
902796,7/5/2019,TRANSIT BUREAU - SAFETY CONSIDERATIONS FOR PATROLLING THE NYC SUBWAY SYSTEM - PART 2
902796,7/3/2019,DISCUSSION - BASED LEARNING MODULE # 1-3
902796,7/3/2019,RESPONDING TO PEOPLE IN CRISIS – MODULE 4: USING DEPARTMENT MOBILE DIGITAL DEVICES
902796,7/2/2019,CLT-TACTICAL AWARENESS AND OFFICER SAFETY
902796,6/20/2019,CLT-LEGAL ISSUES
902796,6/10/2019,CLT-PROCEDURAL OPERATIONS
902796,6/6/2019,WORLDPRIDE NYC 2019
902796,5/26/2019,COLLABORATIVE POLICING - MEDIATION REFERRAL PROGRAM FOR NON-CRIMINAL COMPLAINTS
902796,5/15/2019,COLLABORATIVE POLICING - THE DEAF AND HARD OF HEARING COMMUNITY
902796,4/29/2019,RESPONDING TO PEOPLE IN CRISIS - MODULES 2 AND 3: ACTIVE LISTENING PARTS 1 AND 2
902796,4/3/2019,LEGAL BUREAU - PERJURY TRAINING MODULE
902796,4/2/2019,CLT-CRIME CONTROL STRATEGIES AND PROBLEM SOLVING
902796,3/28/2019,CLT-DOCUMENTATION AND FORMS
902796,3/28/2019,SAFEGUARDING PRISONERS - OFFICER SAFETY GUIDELINES
902796,3/26/2019,CLT-PROPERTY
902796,3/22/2019,FACILITIES MANAGEMENT DIVISION - MUNICIPAL SEPERATE STORM SEWER SYSTEM (MS4)
902796,3/8/2019,CLT-DOCUMENTATION AND FORMS
902796,2/27/2019,COLLABORATIVE POLICING - ELDER ABUSE
902796,2/26/2019,CLT-DOCUMENTATION AND FORMS
902796,2/19/2019,CLT-COUNTERTERRORISM AND INTELLIGENCE
902796,2/18/2019,"SUPPORT SERVICES DIVISION - CLASS ""C"" OPERATOR"
902796,2/8/2019,CLT-TACTICAL AWARENESS AND OFFICER SAFETY
902796,2/1/2019,CLT-DOCUMENTATION AND FORMS
902796,2/1/2019,RESPONDING TO PEOPLE IN CRISIS - MODULE 1: SENDING THE RIGHT SIGNALS
902796,1/24/2019,CLT-SPECIAL POPULATIONS
902796,1/18/2019,"CLT-INTEGRITY, ETHICS AND DISCIPLINE"
902796,1/10/2019,PATROL DOOR BAG - ROPE AND WEDGE INTRODUCTION
902796,1/10/2019,TEXT TO 911 - INTRODUCTION
902796,1/3/2019,VERTEX 949 RADIO OPERATIONAL INSTRUCTIONS
902796,12/21/2018,EQUAL EMPLOYMENT OPPORTUNITYTRAINING - SEXUAL HARASSMENT AWARENESS AND PREVENTION
902796,12/12/2018,CLT-OCCUPATIONAL-WORKPLACE SAFETY AND HEALTH
902796,12/6/2018,CLT-INFORMATION TECHNOLOGY
902796,12/4/2018,CLT-INFORMATION TECHNOLOGY
902796,12/3/2018,MARIJUANA BURNING ENFORCEMENT POLICY
902796,11/22/2018,CLT-PROCEDURAL OPERATIONS
902796,11/15/2018,COUNTER TERRORISM PRIMARY SCREENER-BACKPACK BASIC COURSE
902796,11/12/2018,"CLT-UNIFORMS, PERSONAL APPEARANCE AND EQUIPMENT"
902796,11/1/2018,AMERICANS WITH DISABILITIES ACT (ADA)
902796,10/29/2018,TRANSIT BUREAU - TIMELY RESUMPTION OF SERVICE IN NYC TRANSIT
902796,10/22/2018,FTS - ANNUAL CEW RECERTIFICATION
902796,10/16/2018,CLT-LEGAL ISSUES
902796,10/12/2018,RESPONDING TO PEOPLE IN CRISIS-INTRODUCTION TO CIT VIDEO SERIES
902796,9/27/2018,NYC RIGHT TO KNOW ACT LEGISLATION - PART 2
902796,9/27/2018,NYC RIGHT TO KNOW ACT LEGISLATION – PART 1
902796,9/26/2018,CLT-PROCEDURAL OPERATIONS
902796,9/14/2018,CLT-PROCEDURAL OPERATIONS
902796,9/10/2018,CLT-ENFORCEMENT ACTIONS
902796,9/10/2018,CLT-LEGAL ISSUES
902796,9/6/2018,RAISE THE AGE
902796,8/28/2018,CLT-PROCEDURAL OPERATIONS
902796,8/24/2018,CLT-PROCEDURAL OPERATIONS
902796,8/8/2018,CLT-PROCEDURAL OPERATIONS
902796,7/30/2018,CLT-PROCEDURAL OPERATIONS
902796,7/12/2018,COLLABORATIVE POLICING- HUMAN TRAFFICKING
902796,7/2/2018,CLT-SPECIAL POPULATIONS
902796,6/28/2018,"CLT-UNIFORMS, PERSONAL APPEARANCE AND EQUIPMENT"
902796,6/15/2018,1PP IPHONE TRAINING AND DISTRIBUTION
902796,6/14/2018,CPS FAIR AND IMPARTIAL POLICING - ALL POS AND DETS
902796,6/13/2018,2017-2019 IN-SERVICE CYCLE-INTEGRATED TACTICS
902796,5/18/2018,CLT-SPECIAL POPULATIONS
902796,5/17/2018,FTS - CEW X26P HOLSTER TRAINING AND DISTRIBUTION
902796,5/11/2018,COMMUNICATIONS- THE PROPER USAGE OF THE IDA RADIO CODES
902796,5/10/2018,2017-2019 IN-SERVICE CYCLE-INVESTIGATIVE ENCOUNTERS- BASIC TRAINING WITH SCENARIOS
902796,5/8/2018,CLT-PROCEDURAL OPERATIONS
902796,5/8/2018,"CLT-UNIFORMS, PERSONAL APPEARANCE AND EQUIPMENT"
902796,4/26/2018,CLT-OCCUPATIONAL-WORKPLACE SAFETY AND HEALTH
902796,4/13/2018,CPS BODY-WORN CAMERA TRAINING WITH SCENARIOS
902796,3/30/2018,CLT-PROCEDURAL OPERATIONS
902796,3/30/2018,CLT-SPECIAL POPULATIONS
902796,2/15/2018,LEGAL BUREAU PERFORMANCE METRICS - PROHIBITED CONDUCT
902796,1/23/2018,COUNTERTERRORISM BUREAU INITIAL PATROL RESPONSE FOR ACTIVE SHOOTER
902796,1/2/2018,COLLABORATIVE POLICING- FOREIGN LANGUAGE CERTIFICATION VIDEO
902796,12/6/2017,COUNTERTERRORISM BUREAU FACILITY AWARENESS VIDEO- NAVY OPERATIONAL SUPPORT CENTER
902796,10/26/2017,TRAINING MATERIALS- CLOSING THE GAP ON VEHICLE INTELLIGENCE
902796,10/24/2017,"FORMS - THREAT,RESISTANCE,INJURY (TRI)"
902796,10/22/2017,INFORMATION SECURITY AWARENESS TRAINING
902796,10/19/2017,DAS OVERLAPPING LAYERS TUTORIAL
902796,10/19/2017,NARCAN NASAL SPRAY TRAINING
902796,10/19/2017,PATROL- POLYCARBONATE SHIELD
902796,10/17/2017,NARCAN NASAL SPRAY TRAINING
902796,10/11/2017,FTS - ANNUAL CEW RECERTIFICATION
902796,9/26/2017,COLLABORATIVE POLICING- ACCESSING TELEPHONIC INTERPRETERS VIA LANGUAGE LINE
902796,9/14/2017,PATROL- POLYCARBONATE SHIELD
902796,9/5/2017,COUNTERTERRORISM BUREAU FACILITY AWARENESS VIDEO-EMPIRE STATE BUILDING
902796,9/5/2017,PERSONNEL BUREAU NYPD EMPLOYEE ASSISTANCE UNIT (EAU)
902796,9/5/2017,TRAINING MATERIALS- VIRTUAL CRIME INFORMATION CENTER
902796,7/17/2017,LOCATING APPLE DEVICES USING YOUR DEPARTMENT SMARTPHONE
902796,7/17/2017,POLICE COMMISSIONERS MESSAGE - VICTIMS OF SEXUAL ASSAULT VIDEO
902796,7/17/2017,SEND TO DESKTOP
902796,7/5/2017,"CPS INTERIOR PATROL OF HOUSING AUTHORITY BUILDINGS, PG 212-60 ROLL CALL VIDEO 2"
902796,6/28/2017,CPS INTERIOR PATROL TRESPASS AFFIDAVIT PROGRAM (TAP) VIDEO 1
902796,6/21/2017,CPS INTERIOR PATROL TRESPASS AFFIDAVIT PROGRAM (TAP) VIDEO 2
902796,6/20/2017,CPS INTERIOR PATROL TRESPASS AFFIDAVIT PROGRAM (TAP) VIDEO 1
902796,6/14/2017,"CPS INTERIOR PATROL OF HOUSING AUTHORITY BUILDINGS, PG 212-60 ROLL CALL VIDEO 1"
902796,6/14/2017,CPS INTERIOR PATROL TRESPASS AFFIDAVIT PROGRAM (TAP) VIDEO 2
902796,6/13/2017,BELT TRAUMA KIT VIDEO
902796,6/13/2017,COUNTERTERRORISM U.A.S. (UNMANNED AIRCRAFT SYSTEMS) DRONE AWARENESS
902796,6/13/2017,CRIME CONTROL STRATEGIES- COMMUNITY SUPERVISION
902796,5/29/2017,CRIMINAL JUSTICE REFORM ACT ROLL CALL TRAINING PART 2
902796,5/16/2017,CRIMINAL JUSTICE REFORM ACT ROLL CALL TRAINING PART 1
902796,4/27/2017,BTK (BELT TRAUMA KIT DISTRIBUTION AND FAMILIARIZATION)
902796,4/23/2017,EQUAL EMPLOYMENT OPPORTUNITY TRANSGENDER DIVERSITY AND INCLUSION:EXECUTIVE ORDER 16
902796,3/2/2017,2016-17 INSERVICE CYCLE-PHYSICAL TACTICS
902796,12/6/2016,HATE CRIMES AND BIAS-RELATED INCIDENTS
902796,11/16/2016,X26P TRANSITION COURSE FOR CURRENT X26 END-USER TRAINING
902796,9/6/2016,PUBLIC CONTACT AND CONSENT TO SEARCH (RIGHT TO KNOW) - UNIT TRAINING AUGUST 2016
902796,7/8/2016,INVESTIGATIVE ENCOUNTERS-VIDEO #4 DOCUMENTATION AND SUPERVISION-UNIT TRAINING JULY 2016
902796,6/16/2016,FORCE POLICY REVISION-VIDEO-PG 221-UNIT TRAINING MAY 2016
902796,6/8/2016,INVESTIGATIVE ENCOUNTERS-VIDEO #3 TERRY STOPS AND REASONABLE SUSPICION-UNIT TRAINING JUNE 2016
902796,5/12/2016,INVESTIGATIVE ENCOUNTERS-VIDEO #2 COMMON LAW RIGHT OF INQUIRY-UNIT TRAINING MAY 2016
902796,2/24/2016,INVESTIGATIVE ENCOUNTERS-VIDEO #1 REQUEST FOR INFO-UNIT TRAINING FEB 2016
902796,2/2/2016,FTS - CEW END USER CERT
902796,1/5/2016,ATOMIZER DISTRIBUTION
902796,12/7/2015,FORCE POLICY REVISION-PAMPHLET - PG 221 - UNIT TRAINING DECEMBER 2015
902796,11/9/2015,COMMUNITY RELATIONS FOR POLICE OFFICERS
902796,11/9/2015,CRIMINAL INVESTIGATION (POLICE SCIENCE-CRIMINAL INVESTIGATION) - VERSION 1 - 3
902796,11/9/2015,CRIMINAL LAW
902796,11/9/2015,FIELD TRAINING PROGRAM RETIRED COURSES
902796,11/9/2015,INTRODUCTION TO LAW
902796,11/9/2015,INTRODUCTION TO LAW ENFORCEMENT - POLICE SCIENCE
902796,11/9/2015,INTRODUCTION TO SOCIAL PSYCHOLOGY
902796,11/9/2015,PHYSICAL EDUCATION - VERSIONS 2 - 5 PART 1: FOUNDATIONS OF PHYSICAL FITNESS
902796,11/9/2015,PHYSICAL EDUCATION - VERSIONS 2 - 5 PART 2: DEFENSIVE TACTICS
902796,11/9/2015,PHYSICAL EDUCATION - VERSIONS 2 - 5 PART 3: AMERICAN HEART ASSOCIATION BASIC LIFE SUPPORT
902796,8/31/2015,DISORDER CONTROL TRAINING
902796,8/6/2015,WINDOWS PHONE TRAINING AND DISTRIBUTION
902796,5/6/2015,20K TRAINING INITIATIVE - PHYSICAL TACTICS
902796,4/28/2015,20K TRAINING INITIATIVE - SMART POLICING
902796,4/20/2015,20K TRAINING INITIATIVE - FOUNDATIONS OF POLICING
902796,1/21/2015,FIELD TRAINING OFFICER PROGRAM
902796,7/2/2014,PORT AWARENESS COURSE
902796,4/28/2014,AWARENESS AND RESPONSE TO BIOLOGICAL INCIDENTS
902796,2/7/2014,DISORDER CONTROL TRAINING
902796,1/17/2014,DISORDER CONTROL TRAINING
902796,8/21/2013,"HME - HOMEMADE EXPLOSIVES: AWARENESS, RECOGNITION, AND RESPONSE"
902796,8/4/2013,ALERRT-ACTIVE SHOOTER LEVEL I (CTD)
902796,6/21/2013,DISORDER CONTROL TRAINING
902796,4/30/2013,ADVANCED EXPLOSIVE TRACE DETECTION COURSE
902796,2/1/2013,COUNTERTERRORISM PERSONAL RADIATION DETECTION COURSE
902796,1/8/2013,RADIOLOGICAL/NUCLEAR AWARENESS TSGP
902796,3/19/2012,DISORDER CONTROL TRAINING
902796,3/15/2012,ILERSBA - INITIAL LAW ENFORCMENT RESPONSE TO SUICIDE BOMBING ATTACKS
902796,8/30/2011,TASK FORCE TACTICAL TRAINERS
902796,6/23/2011,PROPERTY EVIDENCE TRACKING SYSTEM
902796,5/17/2011,DISORDER CONTROL TRAINING
902796,3/4/2011,DISORDER CONTROL TRAINING
902796,3/1/2011,DISORDER CONTROL TRAINING
902796,4/11/2000,STREET NARCOTICS ENFORCEMENT UNIT SNEU
902796,11/30/1992,12 PASSENGER VAN / UTILITY VEHICLE QUALIFICATION
902796,,BARRIER TRUCK CERTIFIED
902796,,COLLISION REDUCTION INCENTIVE PROGRAM (C.R.I.P.)
902796,,PATROL WAGON CERTIFIED
902796,,RECRUIT 12 PASSENGER VAN / UTILITY VEHICLE QUALIFICATION
902796,,RECRUIT RMP QUALIFICATION / RMP OPERATOR QUALIFIED
934999,10/29/2025,CLT-DOCUMENTATION AND FORMS
934999,10/29/2025,CLT-DOMESTIC VIOLENCE TRAINING
934999,10/29/2025,CLT-NIBRS ROLL CALL TRAINING
934999,10/29/2025,CLT-PROCEDURAL OPERATIONS
934999,10/29/2025,CLT-PROPERTY
934999,10/29/2025,CLT-TACTICAL AWARENESS AND OFFICER SAFETY
934999,10/27/2025,CLT-DOCUMENTATION AND FORMS
934999,10/27/2025,CLT-DOMESTIC VIOLENCE TRAINING
934999,10/27/2025,CLT-NIBRS ROLL CALL TRAINING
934999,10/27/2025,CLT-PROCEDURAL OPERATIONS
934999,10/27/2025,CLT-PROPERTY
934999,10/27/2025,CLT-TACTICAL AWARENESS AND OFFICER SAFETY
934999,10/26/2025,CLT-DOCUMENTATION AND FORMS
934999,10/26/2025,CLT-DOMESTIC VIOLENCE TRAINING
934999,10/26/2025,CLT-NIBRS ROLL CALL TRAINING
934999,10/26/2025,CLT-PROCEDURAL OPERATIONS
934999,10/26/2025,CLT-PROPERTY
934999,10/26/2025,CLT-TACTICAL AWARENESS AND OFFICER SAFETY
934999,10/23/2025,CLT-DOMESTIC VIOLENCE TRAINING
934999,10/23/2025,CLT-ENFORCEMENT ACTIONS
934999,10/23/2025,EXTREME RISK PROTECTION ORDER (ERPO)
934999,10/23/2025,SUPERVISOR RESPONSIBILITIES: SQF MODULE 11
934999,10/21/2025,CLT-DOCUMENTATION AND FORMS
934999,10/21/2025,CLT-OCCUPATIONAL-WORKPLACE SAFETY AND HEALTH
934999,10/15/2025,INTRODUCTION TO THE NEW 311 RADIO CODE
934999,10/13/2025,CLT-DOMESTIC VIOLENCE TRAINING
934999,10/13/2025,CLT-TACTICAL AWARENESS AND OFFICER SAFETY
934999,10/6/2025,CLT-COMMUNITY ENGAGEMENT
934999,10/6/2025,CLT-DOCUMENTATION AND FORMS
934999,10/6/2025,CLT-DOMESTIC VIOLENCE TRAINING
934999,10/6/2025,CLT-OCCUPATIONAL-WORKPLACE SAFETY AND HEALTH
934999,10/5/2025,"CLT - VEHICLE STOP, OPTIMAL OFFICER POSITIONING"
934999,10/5/2025,CLT-BWC POLICY UPDATES
934999,10/5/2025,CLT-DOCUMENTATION AND FORMS
934999,10/5/2025,CLT-DOMESTIC VIOLENCE TRAINING
934999,10/2/2025,CLT-BWC POLICY UPDATES
934999,10/2/2025,CLT-DOMESTIC VIOLENCE TRAINING
934999,10/2/2025,CLT-NIBRS ROLL CALL TRAINING
934999,9/29/2025,CLT-BWC POLICY UPDATES
934999,9/29/2025,CLT-DOMESTIC VIOLENCE TRAINING
934999,9/29/2025,CLT-NIBRS ROLL CALL TRAINING
934999,9/29/2025,CLT-PROCEDURAL OPERATIONS
934999,9/28/2025,CLT-DOMESTIC VIOLENCE TRAINING
934999,9/28/2025,CLT-NIBRS ROLL CALL TRAINING
934999,9/23/2025,CLT-DOMESTIC VIOLENCE TRAINING
934999,9/23/2025,CLT-NIBRS ROLL CALL TRAINING
934999,9/23/2025,CLT-PROPERTY
934999,9/7/2025,CLT-DOCUMENTATION AND FORMS
934999,9/7/2025,CLT-DOMESTIC VIOLENCE TRAINING
934999,9/7/2025,CLT-TACTICAL AWARENESS AND OFFICER SAFETY
934999,9/6/2025,CLT-DOMESTIC VIOLENCE TRAINING
934999,9/5/2025,NYPD JOUVERT AND WEST INDIAN DAY-2025
934999,9/5/2025,PATROL TACTICS
934999,9/5/2025,SPECIAL VICTIMS UNIT - BEST PRACTICES GUIDE TRAINING
934999,8/28/2025,CLT-ENFORCEMENT ACTIONS
934999,7/22/2025,CLT-DOMESTIC VIOLENCE TRAINING
934999,7/13/2025,CLT-DOMESTIC VIOLENCE TRAINING
934999,7/1/2025,2025 BWC PROFICIENCY TRAINING
934999,7/1/2025,2025 EQUAL EMPLOYMENT OPPORTUNITY TRAINING - SEXUAL HARASSMENT AWARENESS AND PREVENTION
934999,7/1/2025,EAU 2025 POLICE COMMISSIONER JESSICA S. TISCH
934999,7/1/2025,SQF REVIEW AND DOCUMENTATION: SQF MODULE 10
934999,5/30/2025,CLT-DOCUMENTATION AND FORMS
934999,5/29/2025,CLT-DOMESTIC VIOLENCE TRAINING
934999,5/29/2025,CLT-INFORMATION TECHNOLOGY
934999,5/29/2025,CLT-OCCUPATIONAL-WORKPLACE SAFETY AND HEALTH
934999,5/8/2025,CLT-ENFORCEMENT ACTIONS
934999,5/8/2025,CLT-OCCUPATIONAL-WORKPLACE SAFETY AND HEALTH
934999,4/29/2025,CLT-DOMESTIC VIOLENCE TRAINING
934999,3/6/2025,FTS - TASER 7 ANNUAL RECERTIFICATION
934999,1/28/2025,2023 SUMMER ALL-OUT BODY WORN CAMERA TRAINING
934999,1/28/2025,2025 IDENTIFYING THE IMPAIRED DRIVER REFRESHER
934999,1/28/2025,ACTIVE SHOOTER - SCHOOL RESPONSE PROTOCOL
934999,1/28/2025,BEHAVIORAL HEALTH EMERGENCY ASSISTANCE RESPONSE DIVISION B-HEARD
934999,1/28/2025,CELL BLOCK FIRESHIELD EV BLANKETS
934999,1/28/2025,FAMILY BUILDING
934999,1/28/2025,INFORMATION SECURITY AWARENESS TRAINING 2024
934999,1/28/2025,KEVIN AND AVONTE SAFE HOME PROGRAM
934999,1/28/2025,LEAVING THE SCENE COLLISIONS INVESTIGATIVE BEST PRACTICES
934999,1/28/2025,MULTI-FACTOR AUTHENTICATION MFA TRAINING
934999,1/28/2025,NOTIFICATION OF ALLEGATIONS AND EMPLOYEE RIGHTS
934999,1/28/2025,NYPD JOUVERT AND WEST INDIAN DAY-2023
934999,1/28/2025,NYPD RECRUITMENT TRAINING VIDEO
934999,1/28/2025,RIGHT TO KNOW ACT SQF MODULE 9
934999,1/28/2025,TRAFFIC COURT TESTIMONY VIDEO
934999,1/28/2025,UNMANNED AIRCRAFT PERMIT: DRONES FOR PUBLIC USE
934999,1/28/2025,VEHICLE PURSUITS
934999,12/30/2024,CLT-PROCEDURAL OPERATIONS
934999,12/29/2024,CLT-DOMESTIC VIOLENCE TRAINING
934999,12/29/2024,CLT-ENFORCEMENT ACTIONS
934999,12/29/2024,CLT-LEGAL ISSUES
934999,12/20/2024,CLT-LEGAL ISSUES
934999,12/20/2024,CLT-PROPERTY
934999,12/18/2024,CLT-DOMESTIC VIOLENCE TRAINING
934999,12/18/2024,CLT-ENFORCEMENT ACTIONS
934999,12/18/2024,CLT-LEGAL ISSUES
934999,12/10/2024,CLT-DOMESTIC VIOLENCE TRAINING
934999,12/10/2024,CLT-OCCUPATIONAL-WORKPLACE SAFETY AND HEALTH
934999,11/19/2024,DRIVING WHILE INTOXICATED AWARENESS VIDEO MODULE 1
934999,11/19/2024,NORTHWELL DIRECT FINEST CARE PROGRAM FOR UMOS
934999,11/8/2024,CLT-ENFORCEMENT ACTIONS
934999,11/5/2024,CLT-DOMESTIC VIOLENCE TRAINING
934999,10/18/2024,CLT-DOMESTIC VIOLENCE TRAINING
934999,10/18/2024,CLT-PROFESSIONAL DEVELOPMENT
934999,10/15/2024,CLT-PROCEDURAL OPERATIONS
934999,9/30/2024,CLT-ENFORCEMENT ACTIONS
934999,9/29/2024,CLT-DOMESTIC VIOLENCE TRAINING
934999,9/24/2024,ACCURATE COMPLAINT REPORT CLASSIFICATION
934999,9/24/2024,APX NEXT PORTABLE AND RADIO DISCIPLINE TRAINING VIDEO
934999,9/24/2024,ASSISTING SURVIVORS OF SEXUAL BASED VIOLENCE WITH ACCESS TO RESOURCES
934999,9/24/2024,DRIVE SMART 2024
934999,9/24/2024,HOUSING BUREAU INTERIOR PATROL TACTICS
934999,9/24/2024,INVESTIGATIVE ENCOUNTERS SUMMARY: SQF MODULE 6
934999,9/24/2024,MENTAL HEALTH INVOLUNTARY REMOVALS MHL 9.41 AND MHL 9.58
934999,9/24/2024,RACIAL PROFILING AND BIASED BASED POLICING: SQF MODULE 8
934999,9/24/2024,TACTICS WHEN ENGAGING INDIVIDUALS IN A MENTAL HEALTH CRISIS
934999,9/24/2024,UNMANNED AIRCRAFT SYSTEMS VISUAL OBSERVER
934999,9/20/2024,CLT-DOMESTIC VIOLENCE TRAINING
934999,9/20/2024,CLT-PROCEDURAL OPERATIONS
934999,9/11/2024,RAPE IS RAPE
934999,9/9/2024,CLT-BWC POLICY UPDATES
934999,9/9/2024,CLT-PROCEDURAL OPERATIONS
934999,8/27/2024,CLT-DOMESTIC VIOLENCE TRAINING
934999,7/22/2024,2024 EQUAL EMPLOYMENT OPPORTUNITY TRAINING - SEXUAL HARASSMENT AWARENESS AND PREVENTION
934999,6/28/2024,CLT-LEGAL ISSUES
934999,6/27/2024,LEVEL 1 AND LEVEL 2 INVESTIGATIVE ENCOUNTERS
934999,6/7/2024,CLT-BWC POLICY UPDATES
934999,6/1/2024,"CLT - VEHICLE STOP, OPTIMAL OFFICER POSITIONING"
934999,6/1/2024,CLT-BWC POLICY UPDATES
934999,6/1/2024,CLT-DOCUMENTATION AND FORMS
934999,6/1/2024,CLT-DOMESTIC VIOLENCE TRAINING
934999,6/1/2024,CLT-NIBRS ROLL CALL TRAINING
934999,6/1/2024,CLT-OCCUPATIONAL-WORKPLACE SAFETY AND HEALTH
934999,5/22/2024,CLT-BWC POLICY UPDATES
934999,5/22/2024,CLT-DOMESTIC VIOLENCE TRAINING
934999,5/22/2024,CLT-NIBRS ROLL CALL TRAINING
934999,5/22/2024,CLT-PROCEDURAL OPERATIONS
934999,5/21/2024,CLT-COMMUNITY ENGAGEMENT
934999,4/24/2024,FTS - CEW TASER 7 TRANSITION COURSE
934999,4/24/2024,FTS - TASER 7 HOLSTER DISTRIBUTION
934999,4/22/2024,CLT-DOMESTIC VIOLENCE TRAINING
934999,4/17/2024,2024 VEHICLE SEIZURE FORM REFRESHER
934999,4/17/2024,CLT-BWC POLICY UPDATES
934999,4/17/2024,EMPLOYEE ASSISTANCE UNIT (E.A.U.) IS HERE FOR YOU- 2024
934999,4/17/2024,POLICING THE SUBWAY 2024
934999,4/13/2024,CLT-DOMESTIC VIOLENCE TRAINING
934999,4/13/2024,CLT-SPECIAL POPULATIONS
934999,4/3/2024,CLT-DOMESTIC VIOLENCE TRAINING
934999,4/1/2024,CLT-DOMESTIC VIOLENCE TRAINING
934999,4/1/2024,CLT-INFORMATION TECHNOLOGY
934999,4/1/2024,CLT-INVESTIGATIONS
934999,4/1/2024,"CLT-UNIFORMS, PERSONAL APPEARANCE AND EQUIPMENT"
934999,3/29/2024,CLT-DOMESTIC VIOLENCE TRAINING
934999,3/29/2024,CLT-INFORMATION TECHNOLOGY
934999,3/29/2024,"CLT-UNIFORMS, PERSONAL APPEARANCE AND EQUIPMENT"
934999,3/23/2024,CLT - OATH VS. CRIMINAL COURT SUMMONS ROLL CALL TRAINING
934999,3/23/2024,CLT-DOMESTIC VIOLENCE TRAINING
934999,3/15/2024,CLT-DOMESTIC VIOLENCE TRAINING
934999,3/13/2024,AUTISM SPECTRUM DISORDER
934999,3/13/2024,LGBTQIA PLUS - DIVERSITY AND INCLUSION
934999,3/13/2024,NYCHA INTERIOR PATROL: SQF MODULE 7
934999,3/13/2024,OPIOID DANGERS- FENTANYL AND CARFENTANIL
934999,3/9/2024,CLT-DOMESTIC VIOLENCE TRAINING
934999,3/9/2024,CLT-OCCUPATIONAL-WORKPLACE SAFETY AND HEALTH
934999,3/7/2024,CLT-MEMBER-EMPLOYEE WELLNESS
934999,3/2/2024,CLT-BWC POLICY UPDATES
934999,3/2/2024,CLT-COUNTERTERRORISM AND INTELLIGENCE
934999,3/2/2024,CLT-DOMESTIC VIOLENCE TRAINING
934999,2/16/2024,CLT-COUNTERTERRORISM AND INTELLIGENCE
934999,2/16/2024,CLT-DOMESTIC VIOLENCE TRAINING
934999,2/15/2024,CLT-COUNTERTERRORISM AND INTELLIGENCE
934999,2/15/2024,CLT-DOMESTIC VIOLENCE TRAINING
934999,2/14/2024,CLT-PROCEDURAL OPERATIONS
934999,2/9/2024,CLT-BWC POLICY UPDATES
934999,2/9/2024,CLT-DOMESTIC VIOLENCE TRAINING
934999,2/6/2024,CLT-DOCUMENTATION AND FORMS
934999,1/31/2024,CLT-BWC POLICY UPDATES
934999,1/26/2024,CLT-PROCEDURAL OPERATIONS
934999,1/24/2024,CHILD SENSITIVE ARREST POLICY GUIDELINES AND PROCEDURES
934999,1/13/2024,CLT-DOCUMENTATION AND FORMS
934999,1/13/2024,CLT-SEARCHING PRISONERS MODULE 1
934999,1/13/2024,CPR-AED CARDIOPULMONARY RESUSCITATION-AUTOMATED EXTERNAL DEFIBRILLATOR REFRESHER
934999,12/4/2023,CLT-DOCUMENTATION AND FORMS
934999,11/30/2023,2023 TASER X26P RE-QUALIFICATION
934999,11/30/2023,AUGMENTED REALITY FEATURE
934999,11/30/2023,ELDER ABUSE -2023 REFRESHER
934999,11/30/2023,INFORMATION SECURITY AWARENESS TRAINING - 2023
934999,11/30/2023,INVESTIGATIVE ENCOUNTERS 2023: MODULE 5 SQF LEVELS 3 AND 4
934999,11/30/2023,VEHICLE MOUNTED VIDEO SYSTEM
934999,11/1/2023,"CLT-UNIFORMS, PERSONAL APPEARANCE AND EQUIPMENT"
934999,10/31/2023,CLT-BWC POLICY UPDATES
934999,10/31/2023,CLT-DOCUMENTATION AND FORMS
934999,10/24/2023,CLT-PROCEDURAL OPERATIONS
934999,10/21/2023,CLT-BWC POLICY UPDATES
934999,10/20/2023,CLT-PROCEDURAL OPERATIONS
934999,10/11/2023,CLT-EJUSTICE ORDER OF PROTECTION SEARCH
934999,9/30/2023,EFFECTIVE COMMUNICATION SKILLS - DEAF OR HARD OF HEARING
934999,9/26/2023,CLT-PROCEDURAL OPERATIONS
934999,9/16/2023,CLT-COMMUNICATION STRATEGIES AND AIDS
934999,9/16/2023,CLT-CRIME CONTROL STRATEGIES AND PROBLEM SOLVING
934999,9/16/2023,CLT-DOCUMENTATION AND FORMS
934999,9/9/2023,CLT-DOCUMENTATION AND FORMS
934999,9/9/2023,CLT-INVESTIGATIONS
934999,9/9/2023,CLT-TACTICAL AWARENESS AND OFFICER SAFETY
934999,9/1/2023,CLT-DOCUMENTATION AND FORMS
934999,9/1/2023,CLT-PROCEDURAL OPERATIONS
934999,8/19/2023,CLT-BWC POLICY UPDATES
934999,8/19/2023,CLT-DOCUMENTATION AND FORMS
934999,8/19/2023,CLT-ENFORCEMENT ACTIONS
934999,8/19/2023,CLT-PROPERTY
934999,8/19/2023,CLT-TACTICAL AWARENESS AND OFFICER SAFETY
934999,8/18/2023,CLT-BWC POLICY UPDATES
934999,8/18/2023,CLT-PROPERTY
934999,8/5/2023,CLT-BWC POLICY UPDATES
934999,8/5/2023,CLT-DOCUMENTATION AND FORMS
934999,8/5/2023,CLT-OCCUPATIONAL-WORKPLACE SAFETY AND HEALTH
934999,7/28/2023,CLT-COMMUNITY ENGAGEMENT
934999,7/28/2023,CLT-DOCUMENTATION AND FORMS
934999,7/28/2023,CLT-OCCUPATIONAL-WORKPLACE SAFETY AND HEALTH
934999,6/21/2023,FTS - ANNUAL CEW RECERTIFICATION
934999,6/9/2023,CLT-INFORMATION TECHNOLOGY
934999,6/5/2023,CLT-ENFORCEMENT ACTIONS
934999,6/2/2023,2023 EQUAL EMPLOYMENT OPPORTUNITY TRAINING-SEXUAL HARASSMENT AWARENESS AND PREVENTION
934999,5/26/2023,CLT-ENFORCEMENT ACTIONS
934999,5/25/2023,CLT-EJUSTICE ORDER OF PROTECTION SEARCH
934999,5/25/2023,CLT-PROCEDURAL OPERATIONS
934999,5/22/2023,CLT-PROFESSIONAL DEVELOPMENT
934999,5/19/2023,CLT-PROCEDURAL OPERATIONS
934999,5/17/2023,2023 LANGUAGE MATTERS - FOSTERING A POSITIVE WORK ENVIRONMENT
934999,5/17/2023,CLT-PARK SMART ROLLCALL PRESENTATION
934999,5/17/2023,CLT-PROCEDURAL OPERATIONS
934999,5/12/2023,CLT-PROFESSIONAL DEVELOPMENT
934999,5/11/2023,CLT-DOCUMENTATION AND FORMS
934999,5/11/2023,CLT-INFORMATION TECHNOLOGY
934999,5/11/2023,CLT-SEARCHING PRISONERS MODULE 1
934999,5/5/2023,CLT-DOCUMENTATION AND FORMS
934999,5/5/2023,CLT-PARK SMART ROLLCALL PRESENTATION
934999,5/3/2023,CLT-PARK SMART ROLLCALL PRESENTATION
934999,4/27/2023,CLT-DOCUMENTATION AND FORMS
934999,4/27/2023,CLT-LEGAL ISSUES
934999,4/27/2023,CLT-PROCEDURAL OPERATIONS
934999,4/27/2023,CLT-TACTICAL AWARENESS AND OFFICER SAFETY
934999,4/14/2023,CLT-DOCUMENTATION AND FORMS
934999,4/14/2023,CLT-LEGAL ISSUES
934999,4/13/2023,CLT-DOCUMENTATION AND FORMS
934999,3/30/2023,CLT-PROCEDURAL OPERATIONS
934999,3/28/2023,CLT-LEGAL ISSUES
934999,3/21/2023,CLT-DOCUMENTATION AND FORMS
934999,3/1/2023,DEMO CERTIFICATION 3
934999,2/28/2023,DEMO CERTIFICATION 3
934999,2/13/2023,CLT-EJUSTICE ORDER OF PROTECTION SEARCH
934999,2/13/2023,"CLT-INTEGRITY, ETHICS AND DISCIPLINE"
934999,2/13/2023,CLT-PROFESSIONAL DEVELOPMENT
934999,2/10/2023,NYPD-U VOLUNTARY - INVOLUNTARY TRANSPORTS
934999,1/30/2023,CLT- RESPONDING TO COMMERCIAL ROBBERIES 2023
934999,1/27/2023,CLT- RESPONDING TO COMMERCIAL ROBBERIES 2023
934999,1/27/2023,CLT-CRIME CONTROL STRATEGIES AND PROBLEM SOLVING
934999,1/27/2023,CLT-DOCUMENTATION AND FORMS
934999,1/27/2023,CLT-ENFORCEMENT ACTIONS
934999,1/16/2023,CLT-LEGAL ISSUES
934999,1/16/2023,CLT-PROCEDURAL OPERATIONS
934999,1/2/2023,CLT-VOLUNTARY - INVOLUNTARY TRANSPORTS
934999,12/30/2022,INVESTIGATIVE ENCOUNTERS 2023 - MODULE 1 INTRODUCTION TO SQF
934999,12/30/2022,LGBTQIA PLUS AWARENESS
934999,12/30/2022,PROCESSING CIVILIAN COMPLAINTS
934999,12/30/2022,VIDEO 1 - PATROLLING THE NYC SUBWAY SYSTEM 2022
934999,12/30/2022,VIDEO 2 -TACTICAL CONSIDERATIONS FOR TRANSIT PATROL 2022 (PART 1)
934999,12/30/2022,VIDEO 3 - TACTICAL CONSIDERATIONS FOR TRANSIT PATROL 2022 (PART 2)
934999,12/30/2022,VIDEO 4 - PLATFORM SAFETY 2022
934999,12/23/2022,CLT-VOLUNTARY - INVOLUNTARY TRANSPORTS
934999,12/13/2022,CLT-PROCEDURAL OPERATIONS
934999,12/5/2022,CLT-DOCUMENTATION AND FORMS
934999,11/23/2022,CLT-PROCEDURAL OPERATIONS
934999,11/23/2022,CLT-PROPERTY
934999,11/21/2022,CLT-BWC POLICY UPDATES
934999,11/21/2022,CLT-PROCEDURAL OPERATIONS
934999,11/21/2022,CLT-TACTICAL AWARENESS AND OFFICER SAFETY
934999,11/18/2022,CLT-PROPERTY
934999,11/18/2022,CLT-TACTICAL AWARENESS AND OFFICER SAFETY
934999,11/10/2022,CLT-BWC POLICY UPDATES
934999,11/10/2022,CLT-DOCUMENTATION AND FORMS
934999,11/10/2022,CLT-PROCEDURAL OPERATIONS
934999,11/10/2022,CLT-TACTICAL AWARENESS AND OFFICER SAFETY
934999,10/28/2022,CLT-PROCEDURAL OPERATIONS
934999,10/21/2022,CLT-OCCUPATIONAL-WORKPLACE SAFETY AND HEALTH
934999,10/20/2022,CLT-OCCUPATIONAL-WORKPLACE SAFETY AND HEALTH
934999,10/13/2022,CLT-LEGAL ISSUES
934999,10/6/2022,BELT-WORN TRAUMA KIT REFRESHER TRAINING VIDEO-2022
934999,10/6/2022,NYPD JOUVERT  WEST INDIAN DAY
934999,10/6/2022,THE EMPLOYEE ASSISTANCE UNIT (EAU) IS HERE FOR YOU
934999,10/5/2022,CLT-LEGAL ISSUES
934999,10/3/2022,CLT-OCCUPATIONAL-WORKPLACE SAFETY AND HEALTH
934999,9/28/2022,CLT-LEGAL ISSUES
934999,9/22/2022,CLT-DOCUMENTATION AND FORMS
934999,9/22/2022,CLT-LEGAL ISSUES
934999,9/16/2022,CLT-ENFORCEMENT ACTIONS
934999,9/2/2022,FTS - ANNUAL CEW RECERTIFICATION
934999,8/26/2022,CLT-DOCUMENTATION AND FORMS
934999,8/25/2022,CLT-PROCEDURAL OPERATIONS
934999,8/25/2022,CLT-PROFESSIONAL DEVELOPMENT
934999,8/24/2022,CLT-PROFESSIONAL DEVELOPMENT
934999,8/22/2022,CLT-PROCEDURAL OPERATIONS
934999,8/17/2022,CLT-COMMUNICATION STRATEGIES AND AIDS
934999,8/17/2022,CLT-DOCUMENTATION AND FORMS
934999,8/11/2022,CLT-PROPERTY
934999,7/20/2022,CLT-CRIME CONTROL STRATEGIES AND PROBLEM SOLVING
934999,7/19/2022,CLT-BWC POLICY UPDATES
934999,7/19/2022,CLT-DOCUMENTATION AND FORMS
934999,7/19/2022,CLT-TACTICAL AWARENESS AND OFFICER SAFETY
934999,7/14/2022,CLT-PROCEDURAL OPERATIONS
934999,7/12/2022,CLT-DOCUMENTATION AND FORMS
934999,7/12/2022,CLT-NIBRS ROLL CALL TRAINING
934999,7/12/2022,"INTEGRATING COMMUNICATION, ASSESSMENT AND TACTICS (ICAT) MODULE 6"
934999,7/12/2022,"INTEGRATING COMMUNICATION, ASSESSMENT, AND TACTICS (ICAT) MODULE 7"
934999,7/8/2022,2022 EQUAL EMPLOYMENT OPPORTUNITY TRAINING-SEXUAL HARASSMENT AWARENESS AND PREVENTION
934999,7/8/2022,BEST PRACTICES IN STRUCTURED INTERVIEWING
934999,7/8/2022,CAR STOP TACTICS FOR PATROL OFFICERS - MODULE 4: THE HIGH-RISK STOP
934999,7/8/2022,CONVICTED OFFENDER DNA DATABANK SPECIMEN COLLECTION KIT
934999,7/8/2022,IDENTIFYING THE IMPAIRED DRIVER
934999,7/8/2022,OVERVIEW OF THE NEW DISCOVERY LAWS 2021 REFRESHER
934999,7/8/2022,VEHICLE SEIZURE FORM
934999,7/1/2022,CLT-DOCUMENTATION AND FORMS
934999,7/1/2022,CLT-NIBRS ROLL CALL TRAINING
934999,7/1/2022,CLT-PROPERTY
934999,6/24/2022,CLT-ENFORCEMENT ACTIONS
934999,6/24/2022,NATIONAL INCIDENT-BASED REPORTING SYSTEM (NIBRS) UPDATES TO THE OMNIFORM COMPLAINT SYSTEMV
934999,6/22/2022,CAR STOP TACTICS FOR PATROL OFFICERS - MODULE 1: CONTROLLING THE STOP
934999,6/22/2022,CAR STOP TACTICS FOR PATROL OFFICERS - MODULE 2: PROHIBITED MANEUVERS
934999,6/22/2022,CAR STOP TACTICS FOR PATROL OFFICERS - MODULE 3: THE UNKNOWN RISK STOP
934999,6/22/2022,PATROL GUIDE 215-17 POLICE ACTIONS RELATED QUESTIONING ARRESTS AND INVESTIGATIONS AT A NYC DEPARTMEN
934999,6/16/2022,CLT-NIBRS ROLL CALL TRAINING
934999,6/15/2022,CLT-DOCUMENTATION AND FORMS
934999,6/15/2022,CLT-NIBRS ROLL CALL TRAINING
934999,6/14/2022,CLT-DOCUMENTATION AND FORMS
934999,6/14/2022,CLT-NIBRS ROLL CALL TRAINING
934999,6/13/2022,CLT-NIBRS ROLL CALL TRAINING
934999,6/8/2022,CLT-ENFORCEMENT ACTIONS
934999,6/8/2022,CLT-NIBRS ROLL CALL TRAINING
934999,5/31/2022,CLT-OCCUPATIONAL-WORKPLACE SAFETY AND HEALTH
934999,5/27/2022,BODY-WORN CAMERA REVIEW PART TWO
934999,5/27/2022,OPIOID OVERDOSE RECOGNITION AND NARCAN ADMINISTRATION -2021
934999,5/27/2022,PROHIBITED METHODS OF RESTRAINT
934999,5/21/2022,CLT-BWC POLICY UPDATES
934999,5/21/2022,CLT-DOCUMENTATION AND FORMS
934999,5/21/2022,CLT-TACTICAL AWARENESS AND OFFICER SAFETY
934999,5/17/2022,CLT-COMMUNICATION STRATEGIES AND AIDS
934999,5/12/2022,CLT-PROCEDURAL OPERATIONS
934999,5/6/2022,CLT-SEARCHING PRISONERS MODULE 1
934999,5/2/2022,CLT-PROPERTY
934999,4/14/2022,CONSTITUTIONAL POLICING AT COMMUNITY EVENTS (CPACE)
934999,4/6/2022,"INTEGRATING COMMUNICATION, ASSESSMENT AND TACTICS (ICAT) MODULE 5"
934999,3/30/2022,CLT-COMMUNITY ENGAGEMENT
934999,3/25/2022,"INTEGRATING COMMUNICATION, ASSESSMENT AND TACTICS (ICAT) MODULE 4"
934999,3/24/2022,CLT-ENFORCEMENT ACTIONS
934999,3/17/2022,CLT-ENFORCEMENT ACTIONS
934999,3/17/2022,CLT-PROCEDURAL OPERATIONS
934999,3/16/2022,CLT-OCCUPATIONAL-WORKPLACE SAFETY AND HEALTH
934999,3/16/2022,CLT-TACTICAL AWARENESS AND OFFICER SAFETY
934999,3/15/2022,CLT-ENFORCEMENT ACTIONS
934999,3/15/2022,CLT-PROCEDURAL OPERATIONS
934999,3/11/2022,CLT-PROCEDURAL OPERATIONS
934999,3/10/2022,CLT-TACTICAL AWARENESS AND OFFICER SAFETY
934999,3/9/2022,CLT-DOCUMENTATION AND FORMS
934999,3/8/2022,CLT-TACTICAL AWARENESS AND OFFICER SAFETY
934999,2/23/2022,CHILD SENSITIVE ARREST POLICY GUIDELINES AND PROCEDURES
934999,2/16/2022,CLT-BWC POLICY UPDATES
934999,2/9/2022,CLT-LEGAL ISSUES
934999,2/9/2022,CLT-TACTICAL AWARENESS AND OFFICER SAFETY
934999,2/1/2022,ARRESTS - RELIGIOUS HEAD COVERING GUIDELINES (PG 208-83)
934999,2/1/2022,ILLEGAL EVICTIONS
934999,2/1/2022,"INTEGRATING COMMUNICATION, ASSESSMENT AND TACTICS (ICAT) MODULE 2"
934999,2/1/2022,"INTEGRATING COMMUNICATION, ASSESSMENT AND TACTICS (ICAT) MODULE 3"
934999,2/1/2022,LOCAL LAW 45 OF 2021-TRAFFIC ENCOUNTERS
934999,1/27/2022,CLT-BWC POLICY UPDATES
934999,1/27/2022,CLT-EPERMIT SYSTEM
934999,12/15/2021,CLT-LEGAL ISSUES
934999,12/14/2021,CLT-EJUSTICE ORDER OF PROTECTION SEARCH
934999,12/9/2021,CLT-DOCUMENTATION AND FORMS
934999,12/3/2021,"INTEGRATING COMMUNICATION, ASSESSMENT AND TACTICS (ICAT) MODULE 1"
934999,12/1/2021,CLT-DOCUMENTATION AND FORMS
934999,12/1/2021,CLT-ENFORCEMENT ACTIONS
934999,11/26/2021,CLT-DOCUMENTATION AND FORMS
934999,11/18/2021,ACTIVE BYSTANDERSHIP FOR LAW ENFORCEMENT (ABLE): ONE DAY COURSE
934999,11/17/2021,CLT-TACTICAL AWARENESS AND OFFICER SAFETY
934999,11/17/2021,INVESTIGATIVE ENCOUNTERS-VIDEO #3 TERRY STOPS AND REASONABLE SUSPICION-UNIT TRAINING JUNE 2016
934999,11/10/2021,CLT-DOCUMENTATION AND FORMS
934999,10/27/2021,CLT-DOCUMENTATION AND FORMS
934999,10/18/2021,CLT-OCCUPATIONAL-WORKPLACE SAFETY AND HEALTH
934999,10/12/2021,CLT-OCCUPATIONAL-WORKPLACE SAFETY AND HEALTH
934999,10/4/2021,CLT-DOCUMENTATION AND FORMS
934999,10/4/2021,CLT-ENFORCEMENT ACTIONS
934999,9/30/2021,CLT-DOCUMENTATION AND FORMS
934999,9/25/2021,BODY-WORN CAMERA REVIEW PART ONE
934999,9/24/2021,CLT-ENFORCEMENT ACTIONS
934999,9/16/2021,CLT-OCCUPATIONAL-WORKPLACE SAFETY AND HEALTH
934999,9/15/2021,INFORMATION SECURITY AWARENESS TRAINING 2021
934999,9/15/2021,MAYOR EXECUTIVE ORDER 78 VACCINATION - TESTING COMPLIANCE POLICY
934999,8/31/2021,CLT-DOCUMENTATION AND FORMS
934999,8/28/2021,CLT-LEGAL ISSUES
934999,8/25/2021,CLT-DOCUMENTATION AND FORMS
934999,8/21/2021,CLT-OCCUPATIONAL-WORKPLACE SAFETY AND HEALTH
934999,8/19/2021,CLT-OCCUPATIONAL-WORKPLACE SAFETY AND HEALTH
934999,8/4/2021,CLT-DOCUMENTATION AND FORMS
934999,8/3/2021,EQUAL EMPLOYMENT OPPORTUNITY TRAINING - SEXUAL HARASSMENT AWARENESS AND PREVENTION 2021
934999,7/31/2021,CLT-DOCUMENTATION AND FORMS
934999,7/21/2021,CLT-ENFORCEMENT ACTIONS
934999,7/14/2021,CLT-DOCUMENTATION AND FORMS
934999,7/13/2021,CLT-DOCUMENTATION AND FORMS
934999,7/12/2021,CLT-INFORMATION TECHNOLOGY
934999,7/10/2021,CLT-LEGAL ISSUES
934999,6/26/2021,CLT-DOCUMENTATION AND FORMS
934999,6/21/2021,FTS - ANNUAL CEW RECERTIFICATION
934999,5/30/2021,CLT-TACTICAL AWARENESS AND OFFICER SAFETY
934999,5/26/2021,CHILD SENSITIVE ARREST POLICY GUIDELINES AND PROCEDURES
934999,5/26/2021,CLT-OCCUPATIONAL-WORKPLACE SAFETY AND HEALTH
934999,5/26/2021,CLT-TACTICAL AWARENESS AND OFFICER SAFETY
934999,5/25/2021,CLT-DOCUMENTATION AND FORMS
934999,5/20/2021,CLT-DOCUMENTATION AND FORMS
934999,5/18/2021,CLT-DOCUMENTATION AND FORMS
934999,5/15/2021,CLT-ENFORCEMENT ACTIONS
934999,5/12/2021,CHILD SENSITIVE ARREST POLICY GUIDELINES AND PROCEDURES
934999,4/29/2021,CLT-DOCUMENTATION AND FORMS
934999,4/28/2021,CLT-TACTICAL AWARENESS AND OFFICER SAFETY
934999,4/26/2021,CLT-DOCUMENTATION AND FORMS
934999,4/22/2021,CLT-DOCUMENTATION AND FORMS
934999,4/22/2021,EMPLOYEE ASSISTANCE UNIT-2021
934999,4/20/2021,CLT-PROPERTY
934999,4/14/2021,CLT-ENFORCEMENT ACTIONS
934999,4/12/2021,CLT-OCCUPATIONAL-WORKPLACE SAFETY AND HEALTH
934999,4/11/2021,DESK APPEARANCE TICKETS: THE NEW LAW AND THE NEW GUIDELINES FOR PROCESSING DAT'S - 2021 REFRESHER
934999,4/11/2021,EQUAL EMPLOYMENT OPPORTUNITY TRAINING - LGBTQIA+ DIVERSITY AND INCLUSION / EXECUTIVE ORDER 16 OF 201
934999,3/17/2021,FACILITIES MANAGEMENT DIVISION - MUNICIPAL SEPERATE STORM SEWER SYSTEM (MS4)
934999,3/16/2021,CLT-PROCEDURAL OPERATIONS
934999,3/8/2021,CLT-OCCUPATIONAL-WORKPLACE SAFETY AND HEALTH
934999,3/6/2021,CLT-OCCUPATIONAL-WORKPLACE SAFETY AND HEALTH
934999,3/4/2021,CLT-OCCUPATIONAL-WORKPLACE SAFETY AND HEALTH
934999,2/27/2021,"CUSTOMER SERVICE PROGRAM:  ROLL CALL MODULE 2, COMMUNICATION SKILLS"
934999,2/20/2021,"CUSTOMER SERVICE PROGRAM:  ROLL CALL MODULE 1, INTRODUCTION TO PRECINCT GREETER PROGRAM"
934999,2/15/2021,CLT-OCCUPATIONAL-WORKPLACE SAFETY AND HEALTH
934999,2/13/2021,CLT-PROCEDURAL OPERATIONS
934999,2/10/2021,CLT-OCCUPATIONAL-WORKPLACE SAFETY AND HEALTH
934999,2/4/2021,CLT-OCCUPATIONAL-WORKPLACE SAFETY AND HEALTH
934999,2/2/2021,CLT-DOCUMENTATION AND FORMS
934999,2/2/2021,CLT-LEGAL ISSUES
934999,1/30/2021,CLT-DOCUMENTATION AND FORMS
934999,1/30/2021,CLT-LEGAL ISSUES
934999,1/28/2021,CLT-LEGAL ISSUES
934999,1/27/2021,CLT-PROPERTY
934999,1/26/2021,COVID VACCINE DISTRIBUTION AND EDUCATION
934999,1/25/2021,CLT-PROPERTY
934999,1/22/2021,CLT-PROPERTY
934999,1/20/2021,CLT-PROFESSIONAL DEVELOPMENT
934999,1/7/2021,CUSTOMER SERVICE PROGRAM: HOW DID WE DO
934999,1/6/2021,CLT-ENFORCEMENT ACTIONS
934999,12/22/2020,CLT-PROCEDURAL OPERATIONS
934999,12/13/2020,EQUAL EMPLOYMENT OPPORTUNITY TRAINING - LEAVE TO EXPRESS BREAST MILK
934999,11/22/2020,CLT-ENFORCEMENT ACTIONS
934999,11/20/2020,CLT-ENFORCEMENT ACTIONS
934999,11/12/2020,CLT-PROCEDURAL OPERATIONS
934999,11/8/2020,CLT-DOCUMENTATION AND FORMS
934999,11/7/2020,CLT-ENFORCEMENT ACTIONS
934999,11/5/2020,CLT-ENFORCEMENT ACTIONS
934999,10/30/2020,CLT-INVESTIGATIONS
934999,10/28/2020,CLT-ENFORCEMENT ACTIONS
934999,10/24/2020,CLT-ENFORCEMENT ACTIONS
934999,10/22/2020,CLT-OCCUPATIONAL-WORKPLACE SAFETY AND HEALTH
934999,10/20/2020,CLT-ENFORCEMENT ACTIONS
934999,10/16/2020,CLT-COMMUNITY ENGAGEMENT
934999,10/14/2020,CLT-DOCUMENTATION AND FORMS
934999,10/8/2020,FTS - ANNUAL CEW RECERTIFICATION
934999,10/6/2020,CLT-MEMBER-EMPLOYEE WELLNESS
934999,10/5/2020,BALLISTIC VEST DISTRIBUTION PROGRAM
934999,10/1/2020,CLT-ENFORCEMENT ACTIONS
934999,9/30/2020,CLT-ENFORCEMENT ACTIONS
934999,9/28/2020,CLT-ENFORCEMENT ACTIONS
934999,9/24/2020,CLT-PROCEDURAL OPERATIONS
934999,9/22/2020,CLT-PROCEDURAL OPERATIONS
934999,9/20/2020,CLT-PROCEDURAL OPERATIONS
934999,9/16/2020,CLT-ENFORCEMENT ACTIONS
934999,9/14/2020,CLT-PROPERTY
934999,9/1/2020,CLT-LEGAL ISSUES
934999,8/18/2020,2019-2020 IN-SERVICE CYCLE - TEAM TACTICS REFRESHER
934999,8/14/2020,CLT-INVESTIGATIONS
934999,8/6/2020,CLT-ENFORCEMENT ACTIONS
934999,7/30/2020,HEALTH AND WELLNESS SECTION - MODULE 13 - MINDFULNESS
934999,7/24/2020,CLT-PROCEDURAL OPERATIONS
934999,7/22/2020,CLT-PROCEDURAL OPERATIONS
934999,7/22/2020,FTS - BALLISTIC VEST REPLACEMENT - MEASUREMENT - PRE AUG 2020
934999,7/8/2020,CLT-HUMAN RESOURCES AND PERSONNEL MATTERS
934999,7/8/2020,CRIME CONTROL STRATEGIES- COMMUNITY SUPERVISION
934999,7/8/2020,INCREASE OFFICER SAFETY DURING VEHICLE STOPS
934999,7/8/2020,PRISONER ESCAPE WARNING SIGNS
934999,7/8/2020,SAFEGUARDING HOSPITALIZED PRISONERS
934999,7/8/2020,VICTIM BLAMING AND RELEASE OF INFORMATION TO THE MEDIA
934999,7/7/2020,"EQUAL EMPLOYMENT OPPORTUNITY TRAINING - SEXUAL HARASSMENT, AWARENESS AND PREVENTION"
934999,7/7/2020,EXECUTIVE HEALTH AND WELLNESS CONFERENCE - MODULE 1
934999,7/7/2020,EXECUTIVE HEALTH AND WELLNESS TRAINING - MODULE 10
934999,7/7/2020,EXECUTIVE HEALTH AND WELLNESS TRAINING - MODULE 2
934999,7/7/2020,EXECUTIVE HEALTH AND WELLNESS TRAINING - MODULE 3
934999,7/7/2020,EXECUTIVE HEALTH AND WELLNESS TRAINING - MODULE 5
934999,7/7/2020,EXECUTIVE HEALTH AND WELLNESS TRAINING - MODULE 6
934999,7/7/2020,EXECUTIVE HEALTH AND WELLNESS TRAINING - MODULE 7
934999,7/7/2020,EXECUTIVE HEALTH AND WELLNESS TRAINING - MODULE 8
934999,7/7/2020,EXECUTIVE HEALTH AND WELLNESS TRAINING - MODULE 9
934999,7/7/2020,NEW LAWS AFFECTING POLICE OFFICERS’ CRIMINAL AND CIVIL LIABILITY
934999,6/22/2020,CLT-ENFORCEMENT ACTIONS
934999,6/22/2020,HEALTH AND WELLNESS SECTION - MODULE 12 - IN THAT DARK PLACE - AN OFFICER'S JOURNEY
934999,6/18/2020,CLT-MEMBER-EMPLOYEE WELLNESS
934999,6/16/2020,CLT-ENFORCEMENT ACTIONS
934999,6/15/2020,CLT-ENFORCEMENT ACTIONS
934999,6/11/2020,CLT-ENFORCEMENT ACTIONS
934999,6/9/2020,CLT-ENFORCEMENT ACTIONS
934999,6/8/2020,CLT-ENFORCEMENT ACTIONS
934999,6/6/2020,CLT-LEGAL ISSUES
934999,6/5/2020,CLT-ENFORCEMENT ACTIONS
934999,6/2/2020,CLT-ENFORCEMENT ACTIONS
934999,6/1/2020,CLT-PROPERTY
934999,5/26/2020,CLT-ENFORCEMENT ACTIONS
934999,5/26/2020,COVID-19: PREPAREDNESS YOUR FAMILY AND HOME
934999,5/26/2020,HEALTH AND WELLNESS SECTION - MODULE 1 - PSYCHOLOGICAL HEALTH AND WELLNESS
934999,5/26/2020,HEALTH AND WELLNESS SECTION - MODULE 10 - SEEKING AND RECEIVING MENTAL HEALTH SUPPORT
934999,5/26/2020,HEALTH AND WELLNESS SECTION - MODULE 11 - HEALTH AND RESILIENCY
934999,5/26/2020,HEALTH AND WELLNESS SECTION - MODULE 2 - JOB COUNSELING AND STRESS
934999,5/26/2020,HEALTH AND WELLNESS SECTION - MODULE 3 - WARNING SIGNS
934999,5/26/2020,HEALTH AND WELLNESS SECTION - MODULE 4 - CUMULATIVE TRAUMA
934999,5/26/2020,HEALTH AND WELLNESS SECTION - MODULE 5 - GAINING PERSPECTIVE
934999,5/26/2020,HEALTH AND WELLNESS SECTION - MODULE 6 - COPING WITH SIGNS OF ANXIETY DEPRESSION
934999,5/26/2020,HEALTH AND WELLNESS SECTION - MODULE 7 - LEADING WITH COMPASSION
934999,5/26/2020,"HEALTH AND WELLNESS SECTION - MODULE 8 - WARNING SIGNS, SUPPORT AND OUTREACH"
934999,5/26/2020,HEALTH AND WELLNESS SECTION - MODULE 9 - MANAGING STRESS ON THE JOB
934999,5/18/2020,CLT-INVESTIGATIONS
934999,5/16/2020,COVID-19: PROTECTIVE MASKS
934999,5/16/2020,SAFETY CONSIDERATIONS FOR PATROLLING THE NYC SUBWAY SYSTEM -DANGERS OF THE PLATFORM EDGE
934999,5/9/2020,COVID-19: PREPAREDENESS
934999,4/1/2020,CLT-INFORMATION TECHNOLOGY
934999,3/26/2020,CLT-DOCUMENTATION AND FORMS
934999,3/24/2020,CLT-LEGAL ISSUES
934999,3/20/2020,CLT-INFORMATION TECHNOLOGY
934999,3/13/2020,2019-20 IN-SERVICE CYCLE - CRITICAL INCIDENT TACTICS AND DEVELOPING EFFECTIVE LEADERSHIP SKILLS
934999,3/12/2020,CLT-PROCEDURAL OPERATIONS
934999,3/10/2020,CLT-PROPERTY
934999,3/6/2020,CLT-INVESTIGATIONS
934999,3/4/2020,CLT-PROFESSIONAL DEVELOPMENT
934999,2/28/2020,FTS - TACTICAL TRAINING CENTER 113 PCT - SESSION 1
934999,2/26/2020,CLT-PROFESSIONAL DEVELOPMENT
934999,2/24/2020,UTILIZING BALLISTIC PROTECTION IN DEPARTMENT VEHICLES (4:09)
934999,2/18/2020,CLT-CRIME CONTROL STRATEGIES AND PROBLEM SOLVING
934999,2/16/2020,CRIMINAL JUSTICE BUREAU - GIGLIO MATERIAL DISCLOSURES UNDER THE NEW DISCOVERY LAWS
934999,2/16/2020,INVESTIGATIVE ENCOUNTERS-VIDEO #2 COMMON LAW RIGHT OF INQUIRY-UNIT TRAINING MAY 2016
934999,2/10/2020,CLT-TACTICAL AWARENESS AND OFFICER SAFETY
934999,1/20/2020,CLT-DOCUMENTATION AND FORMS
934999,1/18/2020,INVESTIGATIVE ENCOUNTERS-VIDEO #1 REQUEST FOR INFO-UNIT TRAINING FEB 2016
934999,1/18/2020,INVESTIGATIVE ENCOUNTERS-VIDEO #3 TERRY STOPS AND REASONABLE SUSPICION-UNIT TRAINING JUNE 2016
934999,1/18/2020,INVESTIGATIVE ENCOUNTERS-VIDEO #4 DOCUMENTATION AND SUPERVISION-UNIT TRAINING JULY 2016
934999,1/18/2020,PUBLIC CONTACT AND CONSENT TO SEARCH (RIGHT TO KNOW) - UNIT TRAINING AUGUST 2016
934999,1/13/2020,CROSSFIRE MITIGATION DURING CLOSE COMBAT INCIDENTS - PART 2
934999,1/13/2020,PROCESSING DISCOVERY MATERIAL IN THE FORMS ARREST FOLDER
934999,1/10/2020,CLT-DOCUMENTATION AND FORMS
934999,1/2/2020,CLT-ENFORCEMENT ACTIONS
934999,12/28/2019,ACTIVITY LOG FOR IPHONE COMMAND - UNIT TRAINING
934999,12/26/2019,CLT-PROCEDURAL OPERATIONS
934999,12/22/2019,CLT-ENFORCEMENT ACTIONS
934999,12/19/2019,ACTIVITY LOG FOR IPHONE
934999,12/19/2019,CJB - DESK APPEARANCE TICKETS: THE NEW LAWS AND GUIDELINES FOR PROCESSING DATS
934999,12/19/2019,CJB - OVERVIEW OF THE NEW DISCOVERY LAWS
934999,12/19/2019,CROSSFIRE MITIGATION DURING CLOSE COMBAT INCIDENTS
934999,12/19/2019,RESPONDING TO COMMERCIAL ROBBERIES PART LL - MODULE 1 AND MODULE 2
934999,12/19/2019,TACTICAL AWARENESS-SMARTPHONE SAFETY
934999,12/18/2019,CLT-DOCUMENTATION AND FORMS
934999,12/10/2019,CLT-INFORMATION TECHNOLOGY
934999,12/4/2019,CLT-PROCEDURAL OPERATIONS
934999,11/20/2019,CLT-PROCEDURAL OPERATIONS
934999,11/14/2019,DISCHARGING YOUR FIREARM AT A MOVING THREAT
934999,11/14/2019,SUCCESSFULLY DISARMING AN EMOTIONALLY DISTURBED PERSON
934999,11/12/2019,CLT-PROCEDURAL OPERATIONS
934999,11/4/2019,CLT-TACTICAL AWARENESS AND OFFICER SAFETY
934999,10/30/2019,CLT-OCCUPATIONAL-WORKPLACE SAFETY AND HEALTH
934999,10/28/2019,CLT-PROCEDURAL OPERATIONS
934999,10/22/2019,CLT-DOCUMENTATION AND FORMS
934999,10/14/2019,CLT-LEGAL ISSUES
934999,10/12/2019,CRIMINAL JUSTICE BUREAU - DNA TRAINING VIDEO
934999,10/12/2019,CRITICAL DECISION MAKING MODEL
934999,10/11/2019,FORCE POLICY UPDATE VIDEO
934999,10/8/2019,CLT-PROCEDURAL OPERATIONS
934999,10/6/2019,CLT-COMMUNITY ENGAGEMENT
934999,10/4/2019,CLT-INVESTIGATIONS
934999,9/30/2019,FTS - ANNUAL CEW RECERTIFICATION
934999,9/26/2019,CLT-PROCEDURAL OPERATIONS
934999,9/23/2019,CLT-LEGAL ISSUES
934999,9/20/2019,MARIJUANA POLICY UPDATE
934999,9/19/2019,CLT-OCCUPATIONAL-WORKPLACE SAFETY AND HEALTH
934999,9/19/2019,DOMESTIC VIOLENCE EDUCATION AND COUNSELING
934999,8/24/2019,CLT-ENFORCEMENT ACTIONS
934999,8/22/2019,SHIELD OF RESILIENCE TRAINING COURSE
934999,8/20/2019,SHIELD OF RESILIENCE TRAINING COURSE
934999,8/16/2019,CLT-PROCEDURAL OPERATIONS
934999,8/15/2019,CLT-PROCEDURAL OPERATIONS
934999,8/12/2019,CLT-PROCEDURAL OPERATIONS
934999,8/8/2019,CLT-PROCEDURAL OPERATIONS
934999,8/6/2019,CLT-PROCEDURAL OPERATIONS
934999,8/6/2019,RESPONDING TO COMMERCIAL ROBBERIES
934999,7/31/2019,RESPONDING TO PEOPLE IN CRISIS – MODULE 4: USING DEPARTMENT MOBILE DIGITAL DEVICES
934999,7/29/2019,CLT-ENFORCEMENT ACTIONS
934999,7/7/2019,CLT-PROCEDURAL OPERATIONS
934999,7/7/2019,DISCUSSION - BASED LEARNING MODULE # 1-3
934999,7/7/2019,TRANSIT BUREAU - SAFETY CONSIDERATIONS FOR PATROLLING THE NYC SUBWAY SYSTEM
934999,7/7/2019,TRANSIT BUREAU - SAFETY CONSIDERATIONS FOR PATROLLING THE NYC SUBWAY SYSTEM - PART 2
934999,7/7/2019,TRANSIT BUREAU - TIMELY RESUMPTION OF SERVICE IN NYC TRANSIT
934999,7/2/2019,CLT-PROCEDURAL OPERATIONS
934999,6/28/2019,CLT-PROCEDURAL OPERATIONS
934999,6/25/2019,WORLDPRIDE NYC 2019
934999,6/24/2019,2017-2019 IN-SERVICE CYCLE-INVESTIGATIVE ENCOUNTERS- BASIC TRAINING WITH SCENARIOS
934999,6/16/2019,CLT-DOCUMENTATION AND FORMS
934999,6/8/2019,CLT-DOCUMENTATION AND FORMS
934999,6/2/2019,CLT-PROCEDURAL OPERATIONS
934999,6/1/2019,"CPS INTERIOR PATROL OF HOUSING AUTHORITY BUILDINGS, PG 212-60 ROLL CALL VIDEO 1"
934999,6/1/2019,"CPS INTERIOR PATROL OF HOUSING AUTHORITY BUILDINGS, PG 212-60 ROLL CALL VIDEO 2"
934999,6/1/2019,CPS INTERIOR PATROL TRESPASS AFFIDAVIT PROGRAM (TAP) VIDEO 1
934999,6/1/2019,CPS INTERIOR PATROL TRESPASS AFFIDAVIT PROGRAM (TAP) VIDEO 2
934999,5/31/2019,RESPONDING TO PEOPLE IN CRISIS - MODULES 2 AND 3: ACTIVE LISTENING PARTS 1 AND 2
934999,5/29/2019,COLLABORATIVE POLICING - MEDIATION REFERRAL PROGRAM FOR NON-CRIMINAL COMPLAINTS
934999,5/29/2019,COLLABORATIVE POLICING - THE DEAF AND HARD OF HEARING COMMUNITY
934999,5/29/2019,COLLABORATIVE POLICING- ACCESSING TELEPHONIC INTERPRETERS VIA LANGUAGE LINE
934999,5/29/2019,COLLABORATIVE POLICING- FOREIGN LANGUAGE CERTIFICATION VIDEO
934999,5/29/2019,"SUPPORT SERVICES DIVISION - CLASS ""C"" OPERATOR"
934999,5/22/2019,CLT-DOCUMENTATION AND FORMS
934999,5/16/2019,CLT-DOCUMENTATION AND FORMS
934999,5/14/2019,CLT-DOCUMENTATION AND FORMS
934999,5/10/2019,CLT-ENFORCEMENT ACTIONS
934999,5/8/2019,CLT-PROCEDURAL OPERATIONS
934999,5/2/2019,CLT-ENFORCEMENT ACTIONS
934999,4/30/2019,CLT-ENFORCEMENT ACTIONS
934999,4/18/2019,CLT-DOCUMENTATION AND FORMS
934999,4/16/2019,CLT-PROCEDURAL OPERATIONS
934999,4/10/2019,CLT-OCCUPATIONAL-WORKPLACE SAFETY AND HEALTH
934999,4/8/2019,CLT-DOCUMENTATION AND FORMS
934999,4/7/2019,LEGAL BUREAU - PERJURY TRAINING MODULE
934999,4/3/2019,2017-2019 IN-SERVICE CYCLE-INTEGRATED TACTICS
934999,4/2/2019,CLT-PROPERTY
934999,4/1/2019,SAFEGUARDING PRISONERS - OFFICER SAFETY GUIDELINES
934999,3/26/2019,CLT-PROCEDURAL OPERATIONS
934999,3/4/2019,CLT-PROCEDURAL OPERATIONS
934999,3/2/2019,CLT-ENFORCEMENT ACTIONS
934999,2/24/2019,COLLABORATIVE POLICING - ELDER ABUSE
934999,2/24/2019,FTS - CEW X26P HOLSTER TRAINING AND DISTRIBUTION
934999,2/15/2019,RESPONDING TO PEOPLE IN CRISIS - MODULE 1: SENDING THE RIGHT SIGNALS
934999,2/14/2019,"CLT-UNIFORMS, PERSONAL APPEARANCE AND EQUIPMENT"
934999,2/13/2019,CLT-COUNTERTERRORISM AND INTELLIGENCE
934999,2/10/2019,CLT-PROCEDURAL OPERATIONS
934999,2/8/2019,CLT-PROCEDURAL OPERATIONS
934999,2/6/2019,CLT-DOCUMENTATION AND FORMS
934999,2/2/2019,CLT-ENFORCEMENT ACTIONS
934999,1/31/2019,FTS - CEW END USER CERTIFICATION
934999,1/31/2019,FTS - CEW X26P HOLSTER TRAINING AND DISTRIBUTION
934999,1/26/2019,CLT-MEMBER-EMPLOYEE WELLNESS
934999,1/25/2019,CLT-INFORMATION TECHNOLOGY
934999,1/22/2019,CLT-PROFESSIONAL DEVELOPMENT
934999,1/17/2019,CLT-PROCEDURAL OPERATIONS
934999,1/16/2019,CLT-ENFORCEMENT ACTIONS
934999,1/14/2019,CPS BODY-WORN CAMERA TRAINING WITH SCENARIOS
934999,1/10/2019,CLT-PROCEDURAL OPERATIONS
934999,1/8/2019,TEXT TO 911 - INTRODUCTION
934999,1/7/2019,EQUAL EMPLOYMENT OPPORTUNITYTRAINING - SEXUAL HARASSMENT AWARENESS AND PREVENTION
934999,1/2/2019,PATROL DOOR BAG - ROPE AND WEDGE INTRODUCTION
934999,12/30/2018,CLT-ENFORCEMENT ACTIONS
934999,12/26/2018,CLT-PROCEDURAL OPERATIONS
934999,12/24/2018,CLT-ENFORCEMENT ACTIONS
934999,12/16/2018,CLT-INFORMATION TECHNOLOGY
934999,12/12/2018,CLT-TACTICAL AWARENESS AND OFFICER SAFETY
934999,12/11/2018,MARIJUANA BURNING ENFORCEMENT POLICY
934999,12/10/2018,CLT-PROFESSIONAL DEVELOPMENT
934999,12/8/2018,CLT-TACTICAL AWARENESS AND OFFICER SAFETY
934999,12/2/2018,CLT-ENFORCEMENT ACTIONS
934999,11/30/2018,CLT-PROCEDURAL OPERATIONS
934999,11/26/2018,CLT-HUMAN RESOURCES AND PERSONNEL MATTERS
934999,11/24/2018,CLT-PROCEDURAL OPERATIONS
934999,11/18/2018,CLT-ENFORCEMENT ACTIONS
934999,11/16/2018,CLT-HUMAN RESOURCES AND PERSONNEL MATTERS
934999,11/12/2018,CLT-OCCUPATIONAL-WORKPLACE SAFETY AND HEALTH
934999,11/10/2018,CLT-DOCUMENTATION AND FORMS
934999,11/8/2018,AMERICANS WITH DISABILITIES ACT (ADA)
934999,11/8/2018,CLT-LEGAL ISSUES
934999,10/29/2018,CLT-PROCEDURAL OPERATIONS
934999,10/25/2018,CLT-PROFESSIONAL DEVELOPMENT
934999,10/25/2018,RESPONDING TO PEOPLE IN CRISIS-INTRODUCTION TO CIT VIDEO SERIES
934999,10/20/2018,CLT-ENFORCEMENT ACTIONS
934999,10/18/2018,CLT-DOCUMENTATION AND FORMS
934999,10/16/2018,CLT-LEGAL ISSUES
934999,10/12/2018,CLT-DOCUMENTATION AND FORMS
934999,10/4/2018,CLT-LEGAL ISSUES
934999,9/28/2018,FTS - CEW X26P HOLSTER TRAINING AND DISTRIBUTION
934999,9/26/2018,CLT-LEGAL ISSUES
934999,9/26/2018,NYC RIGHT TO KNOW ACT LEGISLATION - PART 2
934999,9/26/2018,NYC RIGHT TO KNOW ACT LEGISLATION – PART 1
934999,9/26/2018,RAISE THE AGE
934999,9/24/2018,FTS - SMITH AND WESSON MODEL 5946 BARREL REMEDIATION
934999,9/20/2018,CLT-ENFORCEMENT ACTIONS
934999,9/18/2018,CLT-LEGAL ISSUES
934999,9/16/2018,CLT-TACTICAL AWARENESS AND OFFICER SAFETY
934999,9/12/2018,CPS FAIR AND IMPARTIAL POLICING - ALL POS AND DETS
934999,8/28/2018,CLT-ENFORCEMENT ACTIONS
934999,8/20/2018,CLT-LEGAL ISSUES
934999,8/18/2018,CLT-ENFORCEMENT ACTIONS
934999,7/12/2018,CLT-DOCUMENTATION AND FORMS
934999,6/14/2018,CLT-PROCEDURAL OPERATIONS
934999,6/12/2018,CLT-PROCEDURAL OPERATIONS
934999,6/12/2018,COMMUNICATIONS- THE PROPER USAGE OF THE IDA RADIO CODES
934999,5/30/2018,CLT-PROCEDURAL OPERATIONS
934999,5/22/2018,CLT-TACTICAL AWARENESS AND OFFICER SAFETY
934999,5/16/2018,CLT-COMMUNICATION STRATEGIES AND AIDS
934999,5/14/2018,CLT-PROFESSIONAL DEVELOPMENT
934999,5/4/2018,CLT-OCCUPATIONAL-WORKPLACE SAFETY AND HEALTH
934999,4/28/2018,CLT-ENFORCEMENT ACTIONS
934999,4/6/2018,CLT-LEGAL ISSUES
934999,3/22/2018,CLT-TACTICAL AWARENESS AND OFFICER SAFETY
934999,3/20/2018,CLT-OCCUPATIONAL-WORKPLACE SAFETY AND HEALTH
934999,3/16/2018,CLT-ENFORCEMENT ACTIONS
934999,3/14/2018,CLT-COMMUNICATION STRATEGIES AND AIDS
934999,3/2/2018,LEGAL BUREAU PERFORMANCE METRICS - PROHIBITED CONDUCT
934999,1/28/2018,CRIMINAL JUSTICE REFORM ACT ROLL CALL TRAINING PART 1
934999,1/28/2018,CRIMINAL JUSTICE REFORM ACT ROLL CALL TRAINING PART 2
934999,1/28/2018,NEW PERFORMANCE EVALUATION PROCESS
934999,1/28/2018,POLICE COMMISSIONER MESSAGE- NYC GIVES
934999,12/5/2017,EQUAL EMPLOYMENT OPPORTUNITY TRANSGENDER DIVERSITY AND INCLUSION:EXECUTIVE ORDER 16
934999,12/5/2017,NARCAN NASAL SPRAY TRAINING
934999,12/5/2017,PATROL- POLYCARBONATE SHIELD
934999,12/5/2017,POLICE COMMISSIONERS MESSAGE - VICTIMS OF SEXUAL ASSAULT VIDEO
934999,11/9/2017,COLLABORATIVE POLICING- ACCESSING TELEPHONIC INTERPRETERS VIA LANGUAGE LINE
934999,11/7/2017,NARCAN NASAL SPRAY TRAINING
934999,10/31/2017,NARCAN NASAL SPRAY TRAINING
934999,10/16/2017,NARCAN NASAL SPRAY TRAINING
934999,10/10/2017,COLLABORATIVE POLICING- ACCESSING TELEPHONIC INTERPRETERS VIA LANGUAGE LINE
934999,9/22/2017,PATROL- POLYCARBONATE SHIELD
934999,9/18/2017,PATROL- POLYCARBONATE SHIELD
934999,9/1/2017,"CPS INTERIOR PATROL OF HOUSING AUTHORITY BUILDINGS, PG 212-60 ROLL CALL VIDEO 2"
934999,8/24/2017,POLICE COMMISSIONERS MESSAGE - VICTIMS OF SEXUAL ASSAULT VIDEO
934999,8/18/2017,"CPS INTERIOR PATROL OF HOUSING AUTHORITY BUILDINGS, PG 212-60 ROLL CALL VIDEO 1"
934999,8/18/2017,"CPS INTERIOR PATROL OF HOUSING AUTHORITY BUILDINGS, PG 212-60 ROLL CALL VIDEO 2"
934999,8/17/2017,"CPS INTERIOR PATROL OF HOUSING AUTHORITY BUILDINGS, PG 212-60 ROLL CALL VIDEO 1"
934999,8/10/2017,PERSONNEL BUREAU NYPD EMPLOYEE ASSISTANCE UNIT (EAU)
934999,7/12/2017,CPS INTERIOR PATROL TRESPASS AFFIDAVIT PROGRAM (TAP) VIDEO 2
934999,7/10/2017,CPS INTERIOR PATROL TRESPASS AFFIDAVIT PROGRAM (TAP) VIDEO 1
934999,6/20/2017,CPS INTERIOR PATROL TRESPASS AFFIDAVIT PROGRAM (TAP) VIDEO 2
934999,5/10/2017,CRIMINAL JUSTICE REFORM ACT ROLL CALL TRAINING PART 2
934999,5/2/2017,CRIMINAL JUSTICE REFORM ACT ROLL CALL TRAINING PART 1
934999,1/27/2017,BTK (BELT TRAUMA KIT DISTRIBUTION AND FAMILIARIZATION)
934999,12/5/2016,HATE CRIMES AND BIAS-RELATED INCIDENTS
934999,11/22/2016,FORCE POLICY REVISION-VIDEO-PG 221-UNIT TRAINING MAY 2016
934999,9/8/2016,PUBLIC CONTACT AND CONSENT TO SEARCH (RIGHT TO KNOW) - UNIT TRAINING AUGUST 2016
934999,8/8/2016,2016-17 INSERVICE CYCLE-PHYSICAL TACTICS
934999,7/6/2016,INVESTIGATIVE ENCOUNTERS-VIDEO #4 DOCUMENTATION AND SUPERVISION-UNIT TRAINING JULY 2016
934999,6/6/2016,INVESTIGATIVE ENCOUNTERS-VIDEO #3 TERRY STOPS AND REASONABLE SUSPICION-UNIT TRAINING JUNE 2016
934999,5/2/2016,INVESTIGATIVE ENCOUNTERS-VIDEO #2 COMMON LAW RIGHT OF INQUIRY-UNIT TRAINING MAY 2016
934999,2/2/2016,INVESTIGATIVE ENCOUNTERS-VIDEO #1 REQUEST FOR INFO-UNIT TRAINING FEB 2016
934999,12/2/2015,FORCE POLICY REVISION-PAMPHLET - PG 221 - UNIT TRAINING DECEMBER 2015
934999,11/9/2015,EMERGENCY VEHICLE OPERATION JULY 03 - JUNE 07
934999,11/9/2015,FIELD TRAINING PROGRAM JULY 03 - JUNE 07
934999,11/9/2015,PHYSICAL EDUCATION PART 1: FOUNDATIONS OF PHYSICAL FITNESS
934999,11/9/2015,PHYSICAL EDUCATION PART 2: DEFENSIVE TACTICS
934999,11/9/2015,PHYSICAL EDUCATION PART 3: AMERICAN HEART ASSOCIATION BASIC LIFE SUPPORT
934999,11/9/2015,POLICE CRISIS INTERVENTION JULY 03 - JUNE 07
934999,11/9/2015,POLICE FIELD PROBLEMS JULY 03 - JUNE 07
934999,11/9/2015,POLICE INVESTIGATION AND REPORTING JULY 03 - JUNE 07
934999,11/9/2015,POLICING A DEMOCRACY JULY 03 - JUNE 07
934999,11/9/2015,POLICING SPECIAL POPULATIONS JULY 03 - JUNE 07
934999,11/9/2015,PROCEDURAL LAW JULY 03 - JUNE 07
934999,11/9/2015,SUBSTANTIVE LAW JULY 03 - JUNE 07
934999,11/9/2015,TERRORISM AWARENESS AND RESPONSE JULY 03 - JUNE 07
934999,7/16/2015,WINDOWS PHONE TRAINING AND DISTRIBUTION
934999,4/28/2015,ROCKWALL CERTIFICATION
934999,2/27/2015,20K TRAINING INITIATIVE - PHYSICAL TACTICS
934999,2/19/2015,20K TRAINING INITIATIVE - SMART POLICING
934999,2/11/2015,20K TRAINING INITIATIVE - FOUNDATIONS OF POLICING
934999,11/6/2014,20K TRAINING INITIATIVE - FOUNDATIONS OF POLICING
934999,3/7/2014,IN-TAC TRAINING PROGRAM
934999,5/8/2013,UF 250 - OPERATION IMPACT REFRESHER CERTIFIED
934999,2/26/2013,IN-TAC TRAINING PROGRAM
934999,9/8/2011,PROPERTY EVIDENCE TRACKING SYSTEM
934999,11/21/2006,EXPANDABLE BATON COURSE
934999,11/20/2006,EXPANDABLE BATON COURSE
934999,,RECRUIT RMP QUALIFICATION / RMP OPERATOR QUALIFIED
947068,8/21/2024,RACIAL PROFILING AND BIASED BASED POLICING: SQF MODULE 8
947068,8/21/2024,RAPE IS RAPE
947068,8/21/2024,UNMANNED AIRCRAFT SYSTEMS VISUAL OBSERVER
947068,7/31/2024,APX NEXT PORTABLE AND RADIO DISCIPLINE TRAINING VIDEO
947068,7/4/2024,LEVEL 1 AND LEVEL 2 INVESTIGATIVE ENCOUNTERS
947068,7/4/2024,MENTAL HEALTH INVOLUNTARY REMOVALS MHL 9.41 AND MHL 9.58
947068,6/8/2024,ACCURATE COMPLAINT REPORT CLASSIFICATION
947068,6/8/2024,TACTICS WHEN ENGAGING INDIVIDUALS IN A MENTAL HEALTH CRISIS
947068,5/10/2024,2024 EQUAL EMPLOYMENT OPPORTUNITY TRAINING - SEXUAL HARASSMENT AWARENESS AND PREVENTION
947068,5/10/2024,2024 VEHICLE SEIZURE FORM REFRESHER
947068,5/10/2024,ASSISTING SURVIVORS OF SEXUAL BASED VIOLENCE WITH ACCESS TO RESOURCES
947068,5/10/2024,DRIVE SMART 2024
947068,5/10/2024,HOUSING BUREAU INTERIOR PATROL TACTICS
947068,5/10/2024,NYCHA INTERIOR PATROL: SQF MODULE 7
