taxid,date,name
969124,5/24/2025,CLT-DOMESTIC VIOLENCE TRAINING
969124,5/24/2025,CLT-PROCEDURAL OPERATIONS
969124,5/24/2025,SQF REVIEW AND DOCUMENTATION: SQF MODULE 10
969124,5/23/2025,CLT-DOMESTIC VIOLENCE TRAINING
969124,5/23/2025,CLT-PROCEDURAL OPERATIONS
969124,5/14/2025,CLT-ENFORCEMENT ACTIONS
969124,5/9/2025,CLT-DOMESTIC VIOLENCE TRAINING
969124,5/8/2025,CLT-ENFORCEMENT ACTIONS
969124,5/7/2025,CLT-OCCUPATIONAL-WORKPLACE SAFETY AND HEALTH
969124,5/7/2025,CLT-TACTICAL AWARENESS AND OFFICER SAFETY
969124,5/6/2025,CLT-PROCEDURAL OPERATIONS
969124,4/30/2025,CLT-DOMESTIC VIOLENCE TRAINING
969124,4/30/2025,CLT-ENFORCEMENT ACTIONS
969124,4/30/2025,CLT-OCCUPATIONAL-WORKPLACE SAFETY AND HEALTH
969124,4/18/2025,CLT-DOMESTIC VIOLENCE TRAINING
969124,4/16/2025,CLT-DOMESTIC VIOLENCE TRAINING
969124,4/16/2025,CLT-PROCEDURAL OPERATIONS
969124,4/5/2025,CLT-PROCEDURAL OPERATIONS
969124,4/4/2025,CLT-DOMESTIC VIOLENCE TRAINING
969124,4/4/2025,CLT-PROCEDURAL OPERATIONS
969124,3/29/2025,CLT-DOMESTIC VIOLENCE TRAINING
969124,3/29/2025,CLT-LEGAL ISSUES
969124,3/28/2025,CLT-DOMESTIC VIOLENCE TRAINING
969124,3/28/2025,CLT-PROCEDURAL OPERATIONS
969124,3/28/2025,"CLT-UNIFORMS, PERSONAL APPEARANCE AND EQUIPMENT"
969124,3/15/2025,CLT-DOMESTIC VIOLENCE TRAINING
969124,3/5/2025,SELF-DEFENSE AND GRAPPLING TACTICS TRAINING COURSE
969124,2/27/2025,CLT-DOMESTIC VIOLENCE TRAINING
969124,2/25/2025,"CLT-UNIFORMS, PERSONAL APPEARANCE AND EQUIPMENT"
969124,2/22/2025,CLT-DOMESTIC VIOLENCE TRAINING
969124,2/22/2025,CLT-PROPERTY
969124,2/21/2025,FTS - TASER 7 ANNUAL RECERTIFICATION
969124,1/27/2025,CLT-DOMESTIC VIOLENCE TRAINING
969124,1/24/2025,RIGHT TO KNOW ACT SQF MODULE 9
969124,1/24/2025,VEHICLE PURSUITS
969124,1/15/2025,2025 IDENTIFYING THE IMPAIRED DRIVER REFRESHER
969124,1/15/2025,ACTIVE SHOOTER - SCHOOL RESPONSE PROTOCOL
969124,1/15/2025,KEVIN AND AVONTE SAFE HOME PROGRAM
969124,1/4/2025,CLT-DOMESTIC VIOLENCE TRAINING
969124,1/4/2025,CLT-OCCUPATIONAL-WORKPLACE SAFETY AND HEALTH
969124,1/4/2025,CLT-PROCEDURAL OPERATIONS
969124,12/26/2024,CELL BLOCK FIRESHIELD EV BLANKETS
969124,12/26/2024,MULTI-FACTOR AUTHENTICATION MFA TRAINING
969124,12/24/2024,BEHAVIORAL HEALTH EMERGENCY ASSISTANCE RESPONSE DIVISION B-HEARD
969124,12/24/2024,INFORMATION SECURITY AWARENESS TRAINING 2024
969124,12/24/2024,LEAVING THE SCENE COLLISIONS INVESTIGATIVE BEST PRACTICES
969124,12/24/2024,NOTIFICATION OF ALLEGATIONS AND EMPLOYEE RIGHTS
969124,11/21/2024,DRIVING WHILE INTOXICATED AWARENESS VIDEO MODULE 1
969124,11/16/2024,CLT-DOMESTIC VIOLENCE TRAINING
969124,10/29/2024,FAMILY BUILDING
969124,10/23/2024,NORTHWELL DIRECT FINEST CARE PROGRAM FOR UMOS
969124,10/5/2024,CLT-DOMESTIC VIOLENCE TRAINING
969124,9/19/2024,CLT-DOMESTIC VIOLENCE TRAINING
969124,9/19/2024,CLT-PROFESSIONAL DEVELOPMENT
969124,9/14/2024,CLT-DOMESTIC VIOLENCE TRAINING
969124,9/14/2024,CLT-PROCEDURAL OPERATIONS
969124,9/11/2024,CLT-PROCEDURAL OPERATIONS
969124,9/10/2024,CLT-PROCEDURAL OPERATIONS
969124,9/6/2024,CLT-DOMESTIC VIOLENCE TRAINING
969124,9/5/2024,MENTAL HEALTH INVOLUNTARY REMOVALS MHL 9.41 AND MHL 9.58
969124,9/5/2024,RACIAL PROFILING AND BIASED BASED POLICING: SQF MODULE 8
969124,9/5/2024,UNMANNED AIRCRAFT SYSTEMS VISUAL OBSERVER
969124,8/31/2024,CLT-DOMESTIC VIOLENCE TRAINING
969124,8/23/2024,APX NEXT PORTABLE AND RADIO DISCIPLINE TRAINING VIDEO
969124,8/23/2024,RAPE IS RAPE
969124,8/21/2024,CLT-PROCEDURAL OPERATIONS
969124,8/17/2024,CLT-DOMESTIC VIOLENCE TRAINING
969124,8/17/2024,CLT-TACTICAL AWARENESS AND OFFICER SAFETY
969124,8/16/2024,CLT-COMMUNICATION STRATEGIES AND AIDS
969124,8/16/2024,CLT-DOCUMENTATION AND FORMS
969124,8/9/2024,CLT-PROCEDURAL OPERATIONS
969124,7/16/2024,CLT-DOMESTIC VIOLENCE TRAINING
969124,7/11/2024,CLT-DOCUMENTATION AND FORMS
969124,6/27/2024,CLT-DOCUMENTATION AND FORMS
969124,6/25/2024,LEVEL 1 AND LEVEL 2 INVESTIGATIVE ENCOUNTERS
969124,6/21/2024,FTS - CEW TASER 7 TRANSITION COURSE
969124,6/21/2024,FTS - TASER 7 HOLSTER DISTRIBUTION
969124,6/19/2024,CLT-DOMESTIC VIOLENCE TRAINING
969124,6/13/2024,CLT-DOMESTIC VIOLENCE TRAINING
969124,6/8/2024,CLT-BWC POLICY UPDATES
969124,6/8/2024,CLT-DOMESTIC VIOLENCE TRAINING
969124,5/31/2024,CLT-DOMESTIC VIOLENCE TRAINING
969124,5/30/2024,CLT-DOMESTIC VIOLENCE TRAINING
969124,5/29/2024,TACTICS WHEN ENGAGING INDIVIDUALS IN A MENTAL HEALTH CRISIS
969124,5/22/2024,ACCURATE COMPLAINT REPORT CLASSIFICATION
969124,5/22/2024,ASSISTING SURVIVORS OF SEXUAL BASED VIOLENCE WITH ACCESS TO RESOURCES
969124,5/22/2024,DRIVE SMART 2024
969124,5/22/2024,HOUSING BUREAU INTERIOR PATROL TACTICS
969124,5/21/2024,2024 EQUAL EMPLOYMENT OPPORTUNITY TRAINING - SEXUAL HARASSMENT AWARENESS AND PREVENTION
969124,5/21/2024,CLT-DOMESTIC VIOLENCE TRAINING
969124,5/17/2024,CLT-DOCUMENTATION AND FORMS
969124,5/17/2024,CLT-OCCUPATIONAL-WORKPLACE SAFETY AND HEALTH
969124,4/27/2024,CLT-DOMESTIC VIOLENCE TRAINING
969124,4/25/2024,CLT-DOMESTIC VIOLENCE TRAINING
969124,4/25/2024,CLT-OCCUPATIONAL-WORKPLACE SAFETY AND HEALTH
969124,4/21/2024,CLT-DOMESTIC VIOLENCE TRAINING
969124,4/18/2024,CLT-DOMESTIC VIOLENCE TRAINING
969124,4/13/2024,CLT-SPECIAL POPULATIONS
969124,4/8/2024,2024 VEHICLE SEIZURE FORM REFRESHER
969124,4/8/2024,POLICING THE SUBWAY 2024
969124,4/7/2024,EMPLOYEE ASSISTANCE UNIT (E.A.U.) IS HERE FOR YOU- 2024
969124,4/7/2024,NYCHA INTERIOR PATROL: SQF MODULE 7
969124,4/4/2024,FTS - ANNUAL CEW RECERTIFICATION
969124,4/3/2024,CLT - OATH VS. CRIMINAL COURT SUMMONS ROLL CALL TRAINING
969124,3/27/2024,"CLT-UNIFORMS, PERSONAL APPEARANCE AND EQUIPMENT"
969124,3/21/2024,CLT-DOMESTIC VIOLENCE TRAINING
969124,3/20/2024,CLT - OATH VS. CRIMINAL COURT SUMMONS ROLL CALL TRAINING
969124,3/8/2024,CLT-DOCUMENTATION AND FORMS
969124,3/5/2024,CLT-DOCUMENTATION AND FORMS
969124,3/5/2024,CLT-TACTICAL AWARENESS AND OFFICER SAFETY
969124,3/2/2024,CLT-BWC POLICY UPDATES
969124,3/2/2024,CLT-TACTICAL AWARENESS AND OFFICER SAFETY
969124,3/1/2024,CLT-ENFORCEMENT ACTIONS
969124,3/1/2024,CLT-PROCEDURAL OPERATIONS
969124,2/24/2024,CLT-PROCEDURAL OPERATIONS
969124,2/16/2024,CLT-DOCUMENTATION AND FORMS
969124,2/16/2024,CLT-DOMESTIC VIOLENCE TRAINING
969124,2/16/2024,CLT-PROFESSIONAL DEVELOPMENT
969124,2/6/2024,CLT-DOMESTIC VIOLENCE TRAINING
969124,2/2/2024,"CLT-UNIFORMS, PERSONAL APPEARANCE AND EQUIPMENT"
969124,1/31/2024,CLT-PROCEDURAL OPERATIONS
969124,1/31/2024,"CLT-UNIFORMS, PERSONAL APPEARANCE AND EQUIPMENT"
969124,1/26/2024,CLT-ENFORCEMENT ACTIONS
969124,1/26/2024,CLT-PROCEDURAL OPERATIONS
969124,1/25/2024,AUTISM SPECTRUM DISORDER
969124,1/19/2024,CLT-DOCUMENTATION AND FORMS
969124,1/19/2024,CLT-PROCEDURAL OPERATIONS
969124,1/19/2024,SRG - RAPID MOBILIZATION (PATROL) LEVEL 4
969124,1/18/2024,CLT-PROCEDURAL OPERATIONS
969124,1/12/2024,CLT-DOCUMENTATION AND FORMS
969124,1/12/2024,CLT-PROCEDURAL OPERATIONS
969124,1/11/2024,CLT-PROCEDURAL OPERATIONS
969124,1/10/2024,CLT-PROCEDURAL OPERATIONS
969124,12/27/2023,AUGMENTED REALITY FEATURE
969124,12/27/2023,INVESTIGATIVE ENCOUNTERS SUMMARY: SQF MODULE 6
969124,12/27/2023,LGBTQIA PLUS - DIVERSITY AND INCLUSION
969124,12/27/2023,OPIOID DANGERS- FENTANYL AND CARFENTANIL
969124,12/27/2023,"POSSESSION OR INGESTION OF ANABOLIC STEROIDS, HUMAN GROWTH HORMONE, AND NUTRITIONAL SUPPLEMENTS"
969124,12/9/2023,CLT-PROCEDURAL OPERATIONS
969124,12/7/2023,CLT-EJUSTICE ORDER OF PROTECTION SEARCH
969124,12/3/2023,SRG - RAPID MOBILIZATION (PATROL) LEVEL 4
969124,12/2/2023,CLT-PROCEDURAL OPERATIONS
969124,11/25/2023,CLT-ENFORCEMENT ACTIONS
969124,11/21/2023,CLT-PROCEDURAL OPERATIONS
969124,11/18/2023,CLT-PROCEDURAL OPERATIONS
969124,11/14/2023,CLT-PROCEDURAL OPERATIONS
969124,11/11/2023,CLT-DOCUMENTATION AND FORMS
969124,11/11/2023,CLT-PROCEDURAL OPERATIONS
969124,11/10/2023,CLT-PROCEDURAL OPERATIONS
969124,11/10/2023,INVESTIGATIVE ENCOUNTERS 2023: MODULE 5 SQF LEVELS 3 AND 4
969124,11/9/2023,ELDER ABUSE -2023 REFRESHER
969124,11/9/2023,NYPD RECRUITMENT TRAINING VIDEO
969124,11/5/2023,2023 TASER X26P RE-QUALIFICATION
969124,10/27/2023,CLT-PROCEDURAL OPERATIONS
969124,10/18/2023,CLT-DOCUMENTATION AND FORMS
969124,10/18/2023,CLT-PROCEDURAL OPERATIONS
969124,10/13/2023,VEHICLE MOUNTED VIDEO SYSTEM
969124,10/12/2023,CLT-DOCUMENTATION AND FORMS
969124,10/11/2023,CLT-DOCUMENTATION AND FORMS
969124,10/11/2023,CLT-INFORMATION TECHNOLOGY
969124,10/11/2023,CLT-PATROL TACTICS ROLLCALL TRAINING VIDEO SERIES
969124,10/11/2023,INFORMATION SECURITY AWARENESS TRAINING - 2023
969124,10/6/2023,CLT-DOCUMENTATION AND FORMS
969124,10/6/2023,CLT-INFORMATION TECHNOLOGY
969124,10/4/2023,CLT-PROCEDURAL OPERATIONS
969124,9/30/2023,CLT-DOCUMENTATION AND FORMS
969124,9/26/2023,EFFECTIVE COMMUNICATION SKILLS - DEAF OR HARD OF HEARING
969124,9/23/2023,CLT-COMMUNICATION STRATEGIES AND AIDS
969124,9/23/2023,CLT-CRIME CONTROL STRATEGIES AND PROBLEM SOLVING
969124,9/23/2023,CLT-PROCEDURAL OPERATIONS
969124,9/20/2023,CLT-CRIME CONTROL STRATEGIES AND PROBLEM SOLVING
969124,9/20/2023,CLT-PROCEDURAL OPERATIONS
969124,9/16/2023,CLT-CRIME CONTROL STRATEGIES AND PROBLEM SOLVING
969124,9/14/2023,CLT-COMMUNICATION STRATEGIES AND AIDS
969124,9/14/2023,CLT-INVESTIGATIONS
969124,9/14/2023,CLT-PROFESSIONAL DEVELOPMENT
969124,9/8/2023,CLT-DOCUMENTATION AND FORMS
969124,9/5/2023,CLT-DOCUMENTATION AND FORMS
969124,9/5/2023,CLT-OCCUPATIONAL-WORKPLACE SAFETY AND HEALTH
969124,8/27/2023,NYPD JOUVERT AND WEST INDIAN DAY-2023
969124,8/22/2023,CLT-PROCEDURAL OPERATIONS
969124,8/15/2023,2023 SUMMER ALL-OUT BODY WORN CAMERA TRAINING
969124,8/14/2023,TRAFFIC COURT TESTIMONY VIDEO
969124,8/14/2023,UNMANNED AIRCRAFT PERMIT: DRONES FOR PUBLIC USE
969124,8/7/2023,CLT-PROCEDURAL OPERATIONS
969124,7/29/2023,CLT-DOCUMENTATION AND FORMS
969124,7/29/2023,CLT-LEGAL ISSUES
969124,6/30/2023,CLT-ENFORCEMENT ACTIONS
969124,6/30/2023,CLT-PROCEDURAL OPERATIONS
969124,6/29/2023,CLT-PROCEDURAL OPERATIONS
969124,6/28/2023,CLT-PROCEDURAL OPERATIONS
969124,6/23/2023,CLT-DOCUMENTATION AND FORMS
969124,6/21/2023,CLT-PROCEDURAL OPERATIONS
969124,6/21/2023,CLT-PROFESSIONAL DEVELOPMENT
969124,6/20/2023,CLT-PROFESSIONAL DEVELOPMENT
969124,6/15/2023,CLT-PROFESSIONAL DEVELOPMENT
969124,6/13/2023,CLT-PROFESSIONAL DEVELOPMENT
969124,6/3/2023,CLT-LEGAL ISSUES
969124,5/24/2023,CLT-PROCEDURAL OPERATIONS
969124,5/23/2023,2023 EQUAL EMPLOYMENT OPPORTUNITY TRAINING-SEXUAL HARASSMENT AWARENESS AND PREVENTION
969124,5/23/2023,2023 LANGUAGE MATTERS - FOSTERING A POSITIVE WORK ENVIRONMENT
969124,5/23/2023,"INVESTIGATIVE ENCOUNTERS 2023: MODULE 4 SQF LEVELS 2, 3 AND 4"
969124,5/18/2023,CLT-OCCUPATIONAL-WORKPLACE SAFETY AND HEALTH
969124,5/16/2023,CLT-PROCEDURAL OPERATIONS
969124,4/29/2023,CLT-PARK SMART ROLLCALL PRESENTATION
969124,4/25/2023,CLT-OCCUPATIONAL-WORKPLACE SAFETY AND HEALTH
969124,4/14/2023,CLT-DOCUMENTATION AND FORMS
969124,4/14/2023,CLT-OCCUPATIONAL-WORKPLACE SAFETY AND HEALTH
969124,4/13/2023,CLT-PROCEDURAL OPERATIONS
969124,4/1/2023,CLT-PROCEDURAL OPERATIONS
969124,4/1/2023,CLT-TACTICAL AWARENESS AND OFFICER SAFETY
969124,3/29/2023,CLT-DOCUMENTATION AND FORMS
969124,3/25/2023,CLT-INFORMATION TECHNOLOGY
969124,3/25/2023,ESPER POLICY LIBRARY
969124,3/25/2023,INVESTIGATIVE ENCOUNTERS 2023: MODULE 3 SQF LEVEL 2
969124,3/23/2023,CLT-LEGAL ISSUES
969124,3/16/2023,CLT-DOCUMENTATION AND FORMS
969124,3/16/2023,CLT-LEGAL ISSUES
969124,3/7/2023,CLT-DOCUMENTATION AND FORMS
969124,3/7/2023,CLT-OCCUPATIONAL-WORKPLACE SAFETY AND HEALTH
969124,2/28/2023,CLT-PROCEDURAL OPERATIONS
969124,2/22/2023,INFORMATION SECURITY CRIMINAL JUSTICE TRAINING 2023
969124,2/16/2023,CLT- RESPONDING TO COMMERCIAL ROBBERIES 2023
969124,2/16/2023,CLT-DOCUMENTATION AND FORMS
969124,2/15/2023,"CLT-INTEGRITY, ETHICS AND DISCIPLINE"
969124,2/15/2023,CLT-PROFESSIONAL DEVELOPMENT
969124,2/13/2023,CLT-PROFESSIONAL DEVELOPMENT
969124,2/3/2023,CLT-OCCUPATIONAL-WORKPLACE SAFETY AND HEALTH
969124,2/1/2023,NYPD-U VOLUNTARY - INVOLUNTARY TRANSPORTS
969124,1/31/2023,CLT-PROCEDURAL OPERATIONS
969124,1/30/2023,"CLT-UNIFORMS, PERSONAL APPEARANCE AND EQUIPMENT"
969124,1/29/2023,CLT- RESPONDING TO COMMERCIAL ROBBERIES 2023
969124,1/25/2023,CLT-PROPERTY
969124,1/23/2023,CLT-CRIME CONTROL STRATEGIES AND PROBLEM SOLVING
969124,1/23/2023,RAISING THE LOWER AGE OF JUVENILE DELINQUENCY
969124,1/19/2023,CLT-PROCEDURAL OPERATIONS
969124,1/14/2023,CLT-DOCUMENTATION AND FORMS
969124,1/10/2023,INVESTIGATIVE ENCOUNTERS 2023: MODULE 2 SQF LEVEL 1
969124,1/8/2023,CLT-VOLUNTARY - INVOLUNTARY TRANSPORTS
969124,12/18/2022,CLT-PROCEDURAL OPERATIONS
969124,12/15/2022,INVESTIGATIVE ENCOUNTERS 2023 - MODULE 1 INTRODUCTION TO SQF
969124,12/1/2022,CLT-PROCEDURAL OPERATIONS
969124,11/30/2022,CLT-PROCEDURAL OPERATIONS
969124,11/29/2022,CLT-PROCEDURAL OPERATIONS
969124,11/24/2022,VIDEO 2 -TACTICAL CONSIDERATIONS FOR TRANSIT PATROL 2022 (PART 1)
969124,11/24/2022,VIDEO 3 - TACTICAL CONSIDERATIONS FOR TRANSIT PATROL 2022 (PART 2)
969124,11/24/2022,VIDEO 4 - PLATFORM SAFETY 2022
969124,11/23/2022,VIDEO 1 - PATROLLING THE NYC SUBWAY SYSTEM 2022
969124,11/17/2022,CLT-PROCEDURAL OPERATIONS
969124,11/15/2022,BELT-WORN TRAUMA KIT REFRESHER TRAINING VIDEO-2022
969124,11/15/2022,LGBTQIA PLUS AWARENESS
969124,11/15/2022,PROCESSING CIVILIAN COMPLAINTS
969124,11/8/2022,CLT-EQUAL EMPLOYMENT OPPORTUNITY
969124,11/2/2022,THE EMPLOYEE ASSISTANCE UNIT (EAU) IS HERE FOR YOU
969124,11/1/2022,CLT-BWC POLICY UPDATES
969124,10/15/2022,CLT-PROCEDURAL OPERATIONS
969124,10/13/2022,CLT-COMMUNITY ENGAGEMENT
969124,8/31/2022,NYPD JOUVERT  WEST INDIAN DAY
969124,8/11/2022,CAR STOP TACTICS FOR PATROL OFFICERS - MODULE 4: THE HIGH-RISK STOP
969124,8/10/2022,"AXON BODY-WORN CAMERA TRAINING - CAMERA OPERATION, AXON VIEW AND EVIDENCE.COM (REQUIRED FOR LE4 COMM"
969124,8/10/2022,CAR STOP TACTICS FOR PATROL OFFICERS - MODULE 2: PROHIBITED MANEUVERS
969124,8/10/2022,CAR STOP TACTICS FOR PATROL OFFICERS - MODULE 3: THE UNKNOWN RISK STOP
969124,8/10/2022,"INTEGRATING COMMUNICATION, ASSESSMENT AND TACTICS (ICAT) MODULE 6"
969124,8/10/2022,"INTEGRATING COMMUNICATION, ASSESSMENT, AND TACTICS (ICAT) MODULE 7"
969124,8/8/2022,CLT-BWC POLICY UPDATES
969124,7/13/2022,2022 EQUAL EMPLOYMENT OPPORTUNITY TRAINING-SEXUAL HARASSMENT AWARENESS AND PREVENTION
969124,7/13/2022,CONVICTED OFFENDER DNA DATABANK SPECIMEN COLLECTION KIT
969124,7/13/2022,VEHICLE SEIZURE FORM
969124,7/1/2022,CAR STOP TACTICS FOR PATROL OFFICERS - MODULE 1: CONTROLLING THE STOP
969124,6/4/2022,BEST PRACTICES IN STRUCTURED INTERVIEWING
969124,6/4/2022,NATIONAL INCIDENT-BASED REPORTING SYSTEM (NIBRS) UPDATES TO THE OMNIFORM COMPLAINT SYSTEMV
969124,5/27/2022,FTS - ANNUAL CEW RECERTIFICATION
969124,5/25/2022,PROHIBITED METHODS OF RESTRAINT
969124,5/20/2022,CLT-TACTICAL AWARENESS AND OFFICER SAFETY
969124,4/28/2022,CLT-PROPERTY
969124,4/27/2022,BICYCLE TRAINING (3-DAY)
969124,4/20/2022,CLT-PROPERTY
969124,4/18/2022,CLT-BWC POLICY UPDATES
969124,4/18/2022,CLT-DOCUMENTATION AND FORMS
969124,4/14/2022,CLT-PROCEDURAL OPERATIONS
969124,4/13/2022,CLT-PROCEDURAL OPERATIONS
969124,4/12/2022,CLT-TACTICAL AWARENESS AND OFFICER SAFETY
969124,4/11/2022,CLT-TACTICAL AWARENESS AND OFFICER SAFETY
969124,4/7/2022,CLT-PROCEDURAL OPERATIONS
969124,4/6/2022,CLT-SEARCHING PRISONERS MODULE 1
969124,4/4/2022,CLT-SEARCHING PRISONERS MODULE 1
969124,4/3/2022,CLT-SEARCHING PRISONERS MODULE 1
969124,3/30/2022,CLT-PROCEDURAL OPERATIONS
969124,3/23/2022,CLT-PROCEDURAL OPERATIONS
969124,3/12/2022,ILLEGAL EVICTIONS
969124,3/8/2022,CLT-TACTICAL AWARENESS AND OFFICER SAFETY
969124,3/7/2022,CLT-TACTICAL AWARENESS AND OFFICER SAFETY
969124,3/5/2022,CLT-PROCEDURAL OPERATIONS
969124,3/1/2022,CLT-PROCEDURAL OPERATIONS
969124,1/24/2022,CLT-BWC POLICY UPDATES
969124,1/24/2022,CLT-EPERMIT SYSTEM
969124,1/21/2022,CLT-PROCEDURAL OPERATIONS
969124,1/15/2022,LOCAL LAW 45 OF 2021-TRAFFIC ENCOUNTERS
969124,1/14/2022,CLT-PROCEDURAL OPERATIONS
969124,1/13/2022,CLT-EJUSTICE ORDER OF PROTECTION SEARCH
969124,12/23/2021,"INTEGRATING COMMUNICATION, ASSESSMENT AND TACTICS (ICAT) MODULE 3"
969124,12/18/2021,CLT-LEGAL ISSUES
969124,12/13/2021,COUNTER TERRORISM INITIAL PATROL RESPONSE TO AN ACTIVE SHOOTER
969124,12/13/2021,"INTEGRATING COMMUNICATION, ASSESSMENT AND TACTICS (ICAT) MODULE 2"
969124,12/9/2021,IDENTIFYING THE IMPAIRED DRIVER
969124,12/9/2021,"INTEGRATING COMMUNICATION, ASSESSMENT AND TACTICS (ICAT) MODULE 1"
969124,11/4/2021,ARRESTS - RELIGIOUS HEAD COVERING GUIDELINES (PG 208-83)
969124,11/4/2021,CLT-PROCEDURAL OPERATIONS
969124,11/4/2021,OPIOID OVERDOSE RECOGNITION AND NARCAN ADMINISTRATION -2021
969124,10/26/2021,CLT-OCCUPATIONAL-WORKPLACE SAFETY AND HEALTH
969124,10/21/2021,CLT-PROCEDURAL OPERATIONS
969124,10/14/2021,BODY-WORN CAMERA REVIEW PART ONE
969124,10/14/2021,BODY-WORN CAMERA REVIEW PART TWO
969124,10/1/2021,CLT-PROCEDURAL OPERATIONS
969124,9/18/2021,INFORMATION SECURITY AWARENESS TRAINING 2021
969124,9/13/2021,MAYOR EXECUTIVE ORDER 78 VACCINATION - TESTING COMPLIANCE POLICY
969124,9/2/2021,CLT-COMMUNITY ENGAGEMENT
969124,9/2/2021,CLT-LEGAL ISSUES
969124,9/1/2021,CLT-LEGAL ISSUES
969124,8/24/2021,ACTIVE BYSTANDERSHIP FOR LAW ENFORCEMENT (ABLE): ONE DAY COURSE
969124,8/6/2021,CLT-PROCEDURAL OPERATIONS
969124,7/23/2021,PATROL GUIDE 215-17 POLICE ACTIONS RELATED QUESTIONING ARRESTS AND INVESTIGATIONS AT A NYC DEPARTMEN
969124,7/18/2021,MARIJUANA BURNING ENFORCEMENT POLICY
969124,7/17/2021,EMPLOYEE ASSISTANCE UNIT-2021
969124,7/17/2021,EQUAL EMPLOYMENT OPPORTUNITY TRAINING - SEXUAL HARASSMENT AWARENESS AND PREVENTION 2021
969124,7/17/2021,OVERVIEW OF THE NEW DISCOVERY LAWS 2021 REFRESHER
969124,6/24/2021,CLT-ENFORCEMENT ACTIONS
969124,6/22/2021,CLT-ENFORCEMENT ACTIONS
969124,6/22/2021,CLT-PROCEDURAL OPERATIONS
969124,6/16/2021,FTS - ANNUAL CEW RECERTIFICATION
969124,6/4/2021,CLT-PROCEDURAL OPERATIONS
969124,5/20/2021,CLT-PROCEDURAL OPERATIONS
969124,5/1/2021,CLT-PROCEDURAL OPERATIONS
969124,4/14/2021,CLT-OCCUPATIONAL-WORKPLACE SAFETY AND HEALTH
969124,4/8/2021,CLT-TACTICAL AWARENESS AND OFFICER SAFETY
969124,4/2/2021,CLT-LEGAL ISSUES
969124,4/1/2021,EQUAL EMPLOYMENT OPPORTUNITY TRAINING - LGBTQIA+ DIVERSITY AND INCLUSION / EXECUTIVE ORDER 16 OF 201
969124,3/20/2021,CLT-PROCEDURAL OPERATIONS
969124,3/18/2021,CLT-PROCEDURAL OPERATIONS
969124,3/4/2021,CLT-OCCUPATIONAL-WORKPLACE SAFETY AND HEALTH
969124,3/4/2021,CLT-TACTICAL AWARENESS AND OFFICER SAFETY
969124,3/4/2021,DESK APPEARANCE TICKETS: THE NEW LAW AND THE NEW GUIDELINES FOR PROCESSING DAT'S - 2021 REFRESHER
969124,3/3/2021,CLT-TACTICAL AWARENESS AND OFFICER SAFETY
969124,3/3/2021,RTS ACADEMIC - INTRODUCTION TO PENAL LAW
969124,3/3/2021,RTS ACADEMIC - SEARCH AND SEIZURE
969124,2/23/2021,CUSTOMER SERVICE PROGRAM: HOW DID WE DO
969124,2/18/2021,RTS ACADEMIC - POLICING LEGALLY
969124,2/12/2021,"CUSTOMER SERVICE PROGRAM:  ROLL CALL MODULE 2, COMMUNICATION SKILLS"
969124,2/11/2021,"CUSTOMER SERVICE PROGRAM:  ROLL CALL MODULE 2, COMMUNICATION SKILLS"
969124,2/6/2021,"CUSTOMER SERVICE PROGRAM:  ROLL CALL MODULE 1, INTRODUCTION TO PRECINCT GREETER PROGRAM"
969124,2/5/2021,CLT-LEGAL ISSUES
969124,2/3/2021,"CUSTOMER SERVICE PROGRAM:  ROLL CALL MODULE 1, INTRODUCTION TO PRECINCT GREETER PROGRAM"
969124,1/27/2021,CLT-PROCEDURAL OPERATIONS
969124,1/23/2021,COVID VACCINE DISTRIBUTION AND EDUCATION
969124,1/12/2021,CLT-PROCEDURAL OPERATIONS
969124,12/25/2020,CLT-PROCEDURAL OPERATIONS
969124,12/22/2020,CLT-OCCUPATIONAL-WORKPLACE SAFETY AND HEALTH
969124,12/18/2020,CONSTITUTIONAL POLICING AT COMMUNITY EVENTS (CPACE)
969124,12/11/2020,CLT-OCCUPATIONAL-WORKPLACE SAFETY AND HEALTH
969124,12/10/2020,CLT-OCCUPATIONAL-WORKPLACE SAFETY AND HEALTH
969124,12/2/2020,EQUAL EMPLOYMENT OPPORTUNITY TRAINING - LEAVE TO EXPRESS BREAST MILK
969124,11/18/2020,FTS - ANNUAL CEW RECERTIFICATION
969124,11/10/2020,CLT-PROCEDURAL OPERATIONS
969124,10/8/2020,EMPLOYEE RELATIONS - NYPD CUMC ONE-DAY RESILIENCE TRAINING
969124,10/1/2020,CLT-PROCEDURAL OPERATIONS
969124,9/18/2020,CLT-ENFORCEMENT ACTIONS
969124,8/30/2020,CLT-PROCEDURAL OPERATIONS
969124,8/20/2020,CLT-PROCEDURAL OPERATIONS
969124,8/11/2020,CONSTITUTIONAL POLICING AT COMMUNITY EVENTS (CPACE)
969124,7/20/2020,VICTIM BLAMING AND RELEASE OF INFORMATION TO THE MEDIA
969124,7/3/2020,AMERICANS WITH DISABILITIES ACT (ADA)
969124,7/3/2020,CJB - DESK APPEARANCE TICKETS: THE NEW LAWS AND GUIDELINES FOR PROCESSING DATS
969124,7/3/2020,CJB - OVERVIEW OF THE NEW DISCOVERY LAWS
969124,7/3/2020,COLLABORATIVE POLICING- HUMAN TRAFFICKING
969124,7/3/2020,COMMUNICATIONS- THE PROPER USAGE OF THE IDA RADIO CODES
969124,7/3/2020,"CPS INTERIOR PATROL OF HOUSING AUTHORITY BUILDINGS, PG 212-60 ROLL CALL VIDEO 1"
969124,7/3/2020,"CPS INTERIOR PATROL OF HOUSING AUTHORITY BUILDINGS, PG 212-60 ROLL CALL VIDEO 2"
969124,7/3/2020,CPS INTERIOR PATROL TRESPASS AFFIDAVIT PROGRAM (TAP) VIDEO 1
969124,7/3/2020,CPS INTERIOR PATROL TRESPASS AFFIDAVIT PROGRAM (TAP) VIDEO 2
969124,7/3/2020,CRIME CONTROL STRATEGIES- COMMUNITY SUPERVISION
969124,7/3/2020,CRIMINAL JUSTICE BUREAU - DNA TRAINING VIDEO
969124,7/3/2020,CRIMINAL JUSTICE BUREAU - GIGLIO MATERIAL DISCLOSURES UNDER THE NEW DISCOVERY LAWS
969124,7/3/2020,CRIMINAL JUSTICE REFORM ACT ROLL CALL TRAINING PART 1
969124,7/3/2020,CRIMINAL JUSTICE REFORM ACT ROLL CALL TRAINING PART 2
969124,7/3/2020,CROSSFIRE MITIGATION DURING CLOSE COMBAT INCIDENTS
969124,7/3/2020,CROSSFIRE MITIGATION DURING CLOSE COMBAT INCIDENTS - PART 2
969124,7/3/2020,DETECTIVE BUREAU RETRIEVING BODY WORN CAMERA DATA
969124,7/3/2020,DISCHARGING YOUR FIREARM AT A MOVING THREAT
969124,7/3/2020,"EQUAL EMPLOYMENT OPPORTUNITY TRAINING - SEXUAL HARASSMENT, AWARENESS AND PREVENTION"
969124,7/3/2020,EQUAL EMPLOYMENT OPPORTUNITY TRANSGENDER DIVERSITY AND INCLUSION:EXECUTIVE ORDER 16
969124,7/3/2020,EQUAL EMPLOYMENT OPPORTUNITYTRAINING - SEXUAL HARASSMENT AWARENESS AND PREVENTION
969124,7/3/2020,PATROL- POLYCARBONATE SHIELD
969124,7/3/2020,PERSONNEL BUREAU NYPD EMPLOYEE ASSISTANCE UNIT (EAU)
969124,7/3/2020,POLICE COMMISSIONERS MESSAGE - VICTIMS OF SEXUAL ASSAULT VIDEO
969124,7/3/2020,PROCESSING DISCOVERY MATERIAL IN THE FORMS ARREST FOLDER
969124,7/3/2020,SAFETY CONSIDERATIONS FOR PATROLLING THE NYC SUBWAY SYSTEM -DANGERS OF THE PLATFORM EDGE
969124,7/3/2020,"SUPPORT SERVICES DIVISION - CLASS ""C"" OPERATOR"
969124,7/3/2020,TRANSIT BUREAU - SAFETY CONSIDERATIONS FOR PATROLLING THE NYC SUBWAY SYSTEM
969124,7/3/2020,TRANSIT BUREAU - SAFETY CONSIDERATIONS FOR PATROLLING THE NYC SUBWAY SYSTEM - PART 2
969124,7/3/2020,TRANSIT BUREAU - TIMELY RESUMPTION OF SERVICE IN NYC TRANSIT
969124,7/3/2020,UTILIZING BALLISTIC PROTECTION IN DEPARTMENT VEHICLES (4:09)
969124,7/2/2020,ACTIVITY LOG FOR IPHONE
969124,7/2/2020,CLT-PROCEDURAL OPERATIONS
969124,7/2/2020,COLLABORATIVE POLICING - ELDER ABUSE
969124,7/2/2020,COLLABORATIVE POLICING - MEDIATION REFERRAL PROGRAM FOR NON-CRIMINAL COMPLAINTS
969124,7/2/2020,COLLABORATIVE POLICING - THE DEAF AND HARD OF HEARING COMMUNITY
969124,7/2/2020,COLLABORATIVE POLICING- ACCESSING TELEPHONIC INTERPRETERS VIA LANGUAGE LINE
969124,7/2/2020,COLLABORATIVE POLICING- FOREIGN LANGUAGE CERTIFICATION VIDEO
969124,7/2/2020,COVID-19: PREPAREDENESS
969124,7/2/2020,COVID-19: PREPAREDNESS YOUR FAMILY AND HOME
969124,7/2/2020,COVID-19: PROTECTIVE MASKS
969124,7/2/2020,CRITICAL DECISION MAKING MODEL
969124,7/2/2020,DOMESTIC VIOLENCE EDUCATION AND COUNSELING
969124,7/2/2020,FORCE POLICY UPDATE VIDEO
969124,7/2/2020,HEALTH AND WELLNESS SECTION - MODULE 12 - IN THAT DARK PLACE - AN OFFICER'S JOURNEY
969124,7/2/2020,INVESTIGATIVE ENCOUNTERS-VIDEO #1 REQUEST FOR INFO-UNIT TRAINING FEB 2016
969124,7/2/2020,INVESTIGATIVE ENCOUNTERS-VIDEO #2 COMMON LAW RIGHT OF INQUIRY-UNIT TRAINING MAY 2016
969124,7/2/2020,INVESTIGATIVE ENCOUNTERS-VIDEO #3 TERRY STOPS AND REASONABLE SUSPICION-UNIT TRAINING JUNE 2016
969124,7/2/2020,INVESTIGATIVE ENCOUNTERS-VIDEO #4 DOCUMENTATION AND SUPERVISION-UNIT TRAINING JULY 2016
969124,7/2/2020,LEGAL BUREAU PERFORMANCE METRICS - PROHIBITED CONDUCT
969124,7/2/2020,MARIJUANA POLICY UPDATE
969124,7/2/2020,NARCAN NASAL SPRAY TRAINING
969124,7/2/2020,NEW PERFORMANCE EVALUATION PROCESS
969124,7/2/2020,NYC RIGHT TO KNOW ACT LEGISLATION - PART 2
969124,7/2/2020,NYC RIGHT TO KNOW ACT LEGISLATION – PART 1
969124,7/2/2020,PUBLIC CONTACT AND CONSENT TO SEARCH (RIGHT TO KNOW) - UNIT TRAINING AUGUST 2016
969124,7/2/2020,RAISE THE AGE
969124,7/2/2020,RESPONDING TO COMMERCIAL ROBBERIES
969124,7/2/2020,RESPONDING TO COMMERCIAL ROBBERIES PART LL - MODULE 1 AND MODULE 2
969124,7/2/2020,RESPONDING TO PEOPLE IN CRISIS - MODULE 1: SENDING THE RIGHT SIGNALS
969124,7/2/2020,RESPONDING TO PEOPLE IN CRISIS - MODULES 2 AND 3: ACTIVE LISTENING PARTS 1 AND 2
969124,7/2/2020,RESPONDING TO PEOPLE IN CRISIS – MODULE 4: USING DEPARTMENT MOBILE DIGITAL DEVICES
969124,7/2/2020,RESPONDING TO PEOPLE IN CRISIS-INTRODUCTION TO CIT VIDEO SERIES
969124,7/2/2020,SAFEGUARDING PRISONERS - OFFICER SAFETY GUIDELINES
969124,7/2/2020,SHIELD OF RESILIENCE TRAINING COURSE
969124,7/2/2020,TACTICAL AWARENESS-SMARTPHONE SAFETY
969124,7/2/2020,WORLDPRIDE NYC 2019
969124,7/1/2020,CLT-PROCEDURAL OPERATIONS
969124,6/30/2020,BTK (BELT TRAUMA KIT DISTRIBUTION AND FAMILIARIZATION)
969124,6/30/2020,CPS BODY-WORN CAMERA TRAINING WITH SCENARIOS
969124,6/30/2020,CPS INTERIOR PATROL TRESPASS AFFIDAVIT PROGRAM (TAP) VIDEO 1
969124,6/30/2020,LEGAL BUREAU - PERJURY TRAINING MODULE
969124,6/30/2020,NEW LAWS AFFECTING POLICE OFFICERS’ CRIMINAL AND CIVIL LIABILITY
969124,6/22/2020,PTTD DEFENSIVE TACTICS REVIEW WRITTEN EXAM
969124,6/19/2020,GROUND TACTICS
969124,6/18/2020,PTTD WATER SAFETY
969124,6/18/2020,PTTD WEAPONS DEFENSE
969124,6/17/2020,RECRUIT RAPID DEPLOYMENT-ACTIVE SHOOTER
969124,6/12/2020,HEALTH AND WELLNESS SECTION - MODULE 1 - PSYCHOLOGICAL HEALTH AND WELLNESS
969124,6/12/2020,HEALTH AND WELLNESS SECTION - MODULE 10 - SEEKING AND RECEIVING MENTAL HEALTH SUPPORT
969124,6/12/2020,HEALTH AND WELLNESS SECTION - MODULE 11 - HEALTH AND RESILIENCY
969124,6/12/2020,HEALTH AND WELLNESS SECTION - MODULE 2 - JOB COUNSELING AND STRESS
969124,6/12/2020,HEALTH AND WELLNESS SECTION - MODULE 3 - WARNING SIGNS
969124,6/12/2020,HEALTH AND WELLNESS SECTION - MODULE 4 - CUMULATIVE TRAUMA
969124,6/12/2020,HEALTH AND WELLNESS SECTION - MODULE 5 - GAINING PERSPECTIVE
969124,6/12/2020,HEALTH AND WELLNESS SECTION - MODULE 6 - COPING WITH SIGNS OF ANXIETY DEPRESSION
969124,6/12/2020,HEALTH AND WELLNESS SECTION - MODULE 7 - LEADING WITH COMPASSION
969124,6/12/2020,"HEALTH AND WELLNESS SECTION - MODULE 8 - WARNING SIGNS, SUPPORT AND OUTREACH"
969124,6/12/2020,HEALTH AND WELLNESS SECTION - MODULE 9 - MANAGING STRESS ON THE JOB
969124,6/10/2020,POLICE ACADEMY RECRUIT 3RD TRIMESTER EXAM
969124,6/9/2020,RTS ACADEMIC - AUTO-RELATED PROCEDURES AND CRIMES PART 1
969124,6/9/2020,RTS ACADEMIC - INTERIOR PATROL
969124,6/9/2020,RTS ACADEMIC - TRANSIT OPERATIONS
969124,6/8/2020,RTS ACADEMIC - ARREST PROCESSING
969124,6/3/2020,PTTD WEAPONS DEFENSE
969124,6/2/2020,PTTD EXPANDABLE BATON
969124,5/25/2020,RTS ACADEMIC - MAINTAINING PUBLIC ORDER
969124,5/22/2020,RTS ACADEMIC - AIDED AND MISSING
969124,5/22/2020,RTS ACADEMIC - MAINTAINING PUBLIC ORDER
969124,5/20/2020,HIGHWAY DRUG IMPAIRED DRIVING COURSE
969124,5/20/2020,HIGHWAY PRELIMINARY BREATH TEST INSTRUMENT TRAINING - PBT
969124,5/18/2020,RTS ACADEMIC - AUTO-RELATED PROCEDURES AND CRIMES PART 2
969124,5/18/2020,RTS ACADEMIC - POLICING WITH INTEGRITY
969124,5/14/2020,RTS ACADEMIC - SUMMONSES
969124,5/4/2020,POLICE ACADEMY RECRUIT 2ND TRIMESTER EXAM
969124,5/1/2020,POLICE ACADEMY RECRUIT JUSTIFICATION WRITTEN EXAM
969124,4/23/2020,RTS ACADEMIC - DOMESTIC VIOLENCE
969124,4/22/2020,P.A. RECRUIT NCIC/III EXAM
969124,4/22/2020,P.A. RECRUIT NYPD COMPUTER USE POLICY AND MONITORING NOTICE
969124,4/22/2020,RECRUIT TRAINING COMPUTER COURSE
969124,4/17/2020,FIREARMS 5 DAY TACTICAL APPLICATION V2
969124,4/14/2020,RTS ACADEMIC - POLICING THE EMOTIONALLY DISTURBED
969124,4/10/2020,RECRUIT RMP QUALIFICATION / RMP OPERATOR QUALIFIED
969124,4/6/2020,RTS ACADEMIC - COURT APPEARANCES
969124,4/1/2020,PTTD C.P.R. / A.E.D. WRITTEN EXAM
969124,4/1/2020,PTTD CPR PRACTICAL EXAM
969124,3/31/2020,RTS ACADEMIC - AUTHORITY TO ARREST
969124,3/30/2020,VEHICLE STOP SOLUTIONS MODULE
969124,3/27/2020,OFF DUTY PISTOL CERTIFIED
969124,3/27/2020,RECRUIT TACTICAL FIREARMS QUALIFICATION AND TRAINING OFF DUTY PISTOL CERTIFIED
969124,3/26/2020,RTS ACADEMIC - USE OF FORCE
969124,3/24/2020,FTS - CEW END USER CERTIFICATION
969124,3/19/2020,RTS ACADEMIC - POLICE FIELD COMMUNICATIONS
969124,3/17/2020,PTTD EXPANDABLE BATON
969124,3/13/2020,BATON
969124,3/13/2020,RTS ACADEMIC - COLLECTING AND PROCESSING EVIDENCE
969124,3/9/2020,"PTTD CARDIO ENDURANCE TEST, 1ST ATTEMPT"
969124,3/9/2020,RTS ACADEMIC - PEOPLE IN CRISIS
969124,3/6/2020,RECRUIT BASIC FIREARMS QUALIFICATION AND TRAINING
969124,2/28/2020,FIRST AID WRITEN EXAM
969124,2/24/2020,PTTD CPR PRACTICAL EXAM
969124,2/20/2020,RTS ACADEMIC - STRESS MANAGEMENT FOR POLICE OFFICERS
969124,2/17/2020,POLICE ACADEMY RECRUIT 1ST TRIMESTER EXAM
969124,2/14/2020,POLICE ACADEMY RECRUIT STOP QUESTION & FRISK WRITTEN EXAM
969124,2/14/2020,RTS ACADEMIC - DISCRETION
969124,2/14/2020,RTS ACADEMIC - NEIGHBORHOOD POLICING
969124,2/14/2020,RTS ACADEMIC - POLICING A MULTICULTURAL SOCIETY
969124,2/14/2020,RTS ACADEMIC - POLICING IMPARTIALLY
969124,2/14/2020,RTS ACADEMIC - POLICING PROFESSIONALLY
969124,2/13/2020,JOB STANDARDS TEST ATTEMPT #1
969124,2/11/2020,PTTD DEFENSIVE TACTICS PRACTICAL EXAM
969124,2/10/2020,RTS ACADEMIC - INVESTIGATION AND REPORT WRITING
969124,2/6/2020,RTS ACADEMIC - BODY-WORN CAMERA TRAINING WITH SCENARIOS
969124,1/31/2020,FRISKING AND HANDCUFFING
969124,1/31/2020,RTS ACADEMIC - GENERAL REGULATIONS
969124,1/20/2020,RTS ACADEMIC - INTRO TO NYPD
969124,1/9/2020,EQUAL EMPLOYMENT OPPORTUNITY FOR NEW HIRES
969124,1/6/2020,POLICE ACADEMY RECRUIT PREREADING EXAM
969124,4/3/2019,FACILITIES MANAGEMENT DIVISION - MUNICIPAL SEPERATE STORM SEWER SYSTEM (MS4)
969124,11/9/2015,EMERGENCY VEHICLE OPERATION JULY 07 - PRESENT
969124,11/9/2015,FIELD TRAINING PROGRAM JULY 07 - PRESENT
969124,11/9/2015,PHYSICAL EDUCATION PART 1: FOUNDATIONS OF PHYSICAL FITNESS
969124,11/9/2015,PHYSICAL EDUCATION PART 2: DEFENSIVE TACTICS JULY 07 - PRESENT
969124,11/9/2015,PHYSICAL EDUCATION PART 3: AMERICAN HEART ASSOCIATION BASIC LIFE SUPPORT
969124,11/9/2015,POLICE CRISIS INTERVENTION JULY 07 - PRESENT
969124,11/9/2015,POLICE FIELD PROBLEMS JULY 07 - PRESENT
969124,11/9/2015,POLICE INVESTIGATION AND REPORTING JULY 07 - PRESENT
969124,11/9/2015,POLICING A DEMOCRACY JULY 07 - PRESENT
969124,11/9/2015,POLICING SPECIAL POPULATIONS JULY 07 - PRESENT
969124,11/9/2015,PROCEDURAL LAW JULY 07 - PRESENT
969124,11/9/2015,SUBSTANTIVE LAW JULY 07 - PRESENT
969124,11/9/2015,TERRORISM AWARENESS AND RESPONSE JULY 07 - PRESENT
966106,10/19/2025,MICROSOFT 365 COLLABORATION ESSENTIALS-TRANSITIONING FROM OFFICE 2016
966106,10/19/2025,SUPERVISOR RESPONSIBILITIES: SQF MODULE 11
966106,10/9/2025,EXTREME RISK PROTECTION ORDER (ERPO)
966106,10/8/2025,INVESTIGATIVE ENCOUNTERS - STOP REPORT REFRESHER TRAINING
966106,9/19/2025,INTRODUCTION TO THE NEW 311 RADIO CODE
966106,9/19/2025,NYPD JOUVERT AND WEST INDIAN DAY-2025
966106,9/9/2025,SELF-DEFENSE AND GRAPPLING TACTICS TRAINING COURSE
966106,8/1/2025,SQF REVIEW AND DOCUMENTATION: SQF MODULE 10
966106,7/29/2025,FTS - TASER 7 ANNUAL RECERTIFICATION
966106,7/27/2025,2025 BWC PROFICIENCY TRAINING
966106,7/26/2025,PATROL TACTICS
966106,7/26/2025,SPECIAL VICTIMS UNIT - BEST PRACTICES GUIDE TRAINING
966106,7/16/2025,2025 EQUAL EMPLOYMENT OPPORTUNITY TRAINING - SEXUAL HARASSMENT AWARENESS AND PREVENTION
966106,7/7/2025,CLT-ENFORCEMENT ACTIONS
966106,7/2/2025,EAU 2025 POLICE COMMISSIONER JESSICA S. TISCH
966106,5/28/2025,CLT-OCCUPATIONAL-WORKPLACE SAFETY AND HEALTH
966106,4/29/2025,CLT-ENFORCEMENT ACTIONS
966106,3/26/2025,INVESTIGATIVE ENCOUNTERS - STOP REPORT REFRESHER TRAINING
966106,1/25/2025,2025 IDENTIFYING THE IMPAIRED DRIVER REFRESHER
966106,1/25/2025,ACTIVE SHOOTER - SCHOOL RESPONSE PROTOCOL
966106,1/25/2025,KEVIN AND AVONTE SAFE HOME PROGRAM
966106,1/25/2025,RIGHT TO KNOW ACT SQF MODULE 9
966106,1/25/2025,VEHICLE PURSUITS
966106,1/1/2025,CELL BLOCK FIRESHIELD EV BLANKETS
966106,12/26/2024,FTS - CEW TASER 7 TRANSITION COURSE
966106,12/26/2024,FTS - TASER 7 HOLSTER DISTRIBUTION
966106,12/19/2024,MULTI-FACTOR AUTHENTICATION MFA TRAINING
966106,12/17/2024,INFORMATION SECURITY AWARENESS TRAINING 2024
966106,12/17/2024,NOTIFICATION OF ALLEGATIONS AND EMPLOYEE RIGHTS
966106,11/23/2024,BEHAVIORAL HEALTH EMERGENCY ASSISTANCE RESPONSE DIVISION B-HEARD
966106,11/23/2024,LEAVING THE SCENE COLLISIONS INVESTIGATIVE BEST PRACTICES
966106,11/15/2024,DRIVING WHILE INTOXICATED AWARENESS VIDEO MODULE 1
966106,11/12/2024,FAMILY BUILDING
966106,11/12/2024,NORTHWELL DIRECT FINEST CARE PROGRAM FOR UMOS
966106,9/13/2024,FIELD FORCE OPERATIONS (FFO) - 5 DAY
966106,9/12/2024,CLT-PROCEDURAL OPERATIONS
966106,9/11/2024,CLT-PROCEDURAL OPERATIONS
966106,9/6/2024,ADVANCED TACTICAL FIREARMS TRAINING COURSE
966106,8/27/2024,APX NEXT PORTABLE AND RADIO DISCIPLINE TRAINING VIDEO
966106,8/27/2024,RACIAL PROFILING AND BIASED BASED POLICING: SQF MODULE 8
966106,8/27/2024,RAPE IS RAPE
966106,8/27/2024,UNMANNED AIRCRAFT SYSTEMS VISUAL OBSERVER
966106,7/18/2024,DRIVE SMART 2024
966106,7/18/2024,MENTAL HEALTH INVOLUNTARY REMOVALS MHL 9.41 AND MHL 9.58
966106,6/28/2024,ACCURATE COMPLAINT REPORT CLASSIFICATION
966106,6/28/2024,LEVEL 1 AND LEVEL 2 INVESTIGATIVE ENCOUNTERS
966106,6/11/2024,2024 EQUAL EMPLOYMENT OPPORTUNITY TRAINING - SEXUAL HARASSMENT AWARENESS AND PREVENTION
966106,6/11/2024,ASSISTING SURVIVORS OF SEXUAL BASED VIOLENCE WITH ACCESS TO RESOURCES
966106,6/11/2024,TACTICS WHEN ENGAGING INDIVIDUALS IN A MENTAL HEALTH CRISIS
966106,5/24/2024,CLT-LEGAL ISSUES
966106,5/7/2024,HOUSING BUREAU INTERIOR PATROL TACTICS
966106,4/5/2024,POLICING THE SUBWAY 2024
966106,3/23/2024,NYCHA INTERIOR PATROL: SQF MODULE 7
966106,3/19/2024,CLT - OATH VS. CRIMINAL COURT SUMMONS ROLL CALL TRAINING
966106,3/15/2024,2024 VEHICLE SEIZURE FORM REFRESHER
966106,3/14/2024,EMPLOYEE ASSISTANCE UNIT (E.A.U.) IS HERE FOR YOU- 2024
966106,2/17/2024,"CLT-UNIFORMS, PERSONAL APPEARANCE AND EQUIPMENT"
966106,2/14/2024,CLT-COUNTERTERRORISM AND INTELLIGENCE
966106,2/9/2024,EMERGENCY VEHICLE OPERATOR ONE DAY SKILL-BUILDER
966106,2/3/2024,AUGMENTED REALITY FEATURE
966106,2/3/2024,AUTISM SPECTRUM DISORDER
966106,2/3/2024,INFORMATION SECURITY AWARENESS TRAINING - 2023
966106,2/3/2024,NYPD JOUVERT AND WEST INDIAN DAY-2023
966106,1/31/2024,"CLT-UNIFORMS, PERSONAL APPEARANCE AND EQUIPMENT"
966106,1/11/2024,EFFECTIVE COMMUNICATION SKILLS - DEAF OR HARD OF HEARING
966106,1/11/2024,ELDER ABUSE -2023 REFRESHER
966106,1/11/2024,INVESTIGATIVE ENCOUNTERS 2023: MODULE 5 SQF LEVELS 3 AND 4
966106,1/11/2024,INVESTIGATIVE ENCOUNTERS SUMMARY: SQF MODULE 6
966106,1/11/2024,LGBTQIA PLUS - DIVERSITY AND INCLUSION
966106,1/11/2024,NYPD RECRUITMENT TRAINING VIDEO
966106,1/11/2024,OPIOID DANGERS- FENTANYL AND CARFENTANIL
966106,1/11/2024,"POSSESSION OR INGESTION OF ANABOLIC STEROIDS, HUMAN GROWTH HORMONE, AND NUTRITIONAL SUPPLEMENTS"
966106,1/11/2024,VEHICLE MOUNTED VIDEO SYSTEM
966106,10/14/2023,2023 SUMMER ALL-OUT BODY WORN CAMERA TRAINING
966106,10/14/2023,TRAFFIC COURT TESTIMONY VIDEO
966106,10/14/2023,UNMANNED AIRCRAFT PERMIT: DRONES FOR PUBLIC USE
966106,9/25/2023,CLT-PATROL TACTICS ROLLCALL TRAINING VIDEO SERIES
966106,9/8/2023,CLT-INVESTIGATIONS
966106,8/30/2023,NEIGHBORHOOD SAFETY TEAM 2-DAY REFRESHER COURSE
966106,7/19/2023,CLT-PATROL TACTICS ROLLCALL TRAINING VIDEO SERIES
966106,7/17/2023,FUNDAMENTALS OF AUTO THEFT INVESTIGATION
966106,5/20/2023,"INVESTIGATIVE ENCOUNTERS 2023: MODULE 4 SQF LEVELS 2, 3 AND 4"
966106,5/17/2023,CLT-PROFESSIONAL DEVELOPMENT
966106,5/4/2023,2023 EQUAL EMPLOYMENT OPPORTUNITY TRAINING-SEXUAL HARASSMENT AWARENESS AND PREVENTION
966106,4/20/2023,PLAIN CLOTHES TRAINING CERTIFIED BASIC PLAIN-CLOTHES COURSE
966106,4/16/2023,SRG - RAPID MOBILIZATION (PATROL) LEVEL 4
966106,4/15/2023,2023 LANGUAGE MATTERS - FOSTERING A POSITIVE WORK ENVIRONMENT
966106,4/15/2023,ESPER POLICY LIBRARY
966106,4/6/2023,TINT-METER OPERATION TINTED WINDOW VIOLATIONS
966106,4/4/2023,INVESTIGATIVE ENCOUNTERS 2023: MODULE 3 SQF LEVEL 2
966106,4/2/2023,SRG - RAPID MOBILIZATION (PATROL) LEVEL 4
966106,4/1/2023,SRG - RAPID MOBILIZATION (PATROL) LEVEL 4
966106,3/31/2023,SOUND LEVEL METER TRAINING
966106,3/15/2023,PSB OPERATION LOSING PROPOSITION
966106,3/14/2023,CLT-INFORMATION TECHNOLOGY
966106,3/1/2023,"NEIGHBORHOOD SAFETY TEAM TRAINING, 7-DAY COURSE"
966106,2/22/2023,FTS - ANNUAL CEW RECERTIFICATION
966106,2/18/2023,CLT-TACTICAL AWARENESS AND OFFICER SAFETY
966106,2/15/2023,CLT-DOCUMENTATION AND FORMS
966106,2/10/2023,"CLT-INTEGRITY, ETHICS AND DISCIPLINE"
966106,2/9/2023,CLT-COMMUNICATION STRATEGIES AND AIDS
966106,2/9/2023,"CLT-INTEGRITY, ETHICS AND DISCIPLINE"
966106,2/7/2023,CLT-DOCUMENTATION AND FORMS
966106,2/7/2023,"CLT-INTEGRITY, ETHICS AND DISCIPLINE"
966106,2/3/2023,"CLT-INTEGRITY, ETHICS AND DISCIPLINE"
966106,2/2/2023,CLT-PROFESSIONAL DEVELOPMENT
966106,2/2/2023,"CLT-UNIFORMS, PERSONAL APPEARANCE AND EQUIPMENT"
966106,2/1/2023,CLT-PROFESSIONAL DEVELOPMENT
966106,2/1/2023,"CLT-UNIFORMS, PERSONAL APPEARANCE AND EQUIPMENT"
966106,1/31/2023,NYPD-U VOLUNTARY - INVOLUNTARY TRANSPORTS
966106,1/31/2023,TINT-METER OPERATION TINTED WINDOW VIOLATIONS
966106,1/28/2023,SRG - RAPID MOBILIZATION (PATROL) LEVEL 3
966106,1/27/2023,CLT- RESPONDING TO COMMERCIAL ROBBERIES 2023
966106,1/25/2023,CLT- RESPONDING TO COMMERCIAL ROBBERIES 2023
966106,1/23/2023,RAISING THE LOWER AGE OF JUVENILE DELINQUENCY
966106,1/18/2023,DEFENSIVE TACTICAL AWARENESS COURSE (D-TAC)
966106,1/17/2023,INVESTIGATIVE ENCOUNTERS 2023: MODULE 2 SQF LEVEL 1
966106,1/15/2023,ADVANCED RMP OPERATION
966106,1/12/2023,CLT-DOCUMENTATION AND FORMS
966106,1/10/2023,CLT-TACTICAL AWARENESS AND OFFICER SAFETY
966106,1/4/2023,CLT-DOCUMENTATION AND FORMS
966106,1/3/2023,CLT-DOCUMENTATION AND FORMS
966106,12/24/2022,CLT-VOLUNTARY - INVOLUNTARY TRANSPORTS
966106,12/20/2022,CLT-DOCUMENTATION AND FORMS
966106,12/17/2022,INVESTIGATIVE ENCOUNTERS 2023 - MODULE 1 INTRODUCTION TO SQF
966106,12/2/2022,CLT-DOCUMENTATION AND FORMS
966106,11/28/2022,CLT-DOCUMENTATION AND FORMS
966106,11/27/2022,VIDEO 2 -TACTICAL CONSIDERATIONS FOR TRANSIT PATROL 2022 (PART 1)
966106,11/27/2022,VIDEO 3 - TACTICAL CONSIDERATIONS FOR TRANSIT PATROL 2022 (PART 2)
966106,11/27/2022,VIDEO 4 - PLATFORM SAFETY 2022
966106,11/25/2022,VIDEO 1 - PATROLLING THE NYC SUBWAY SYSTEM 2022
966106,11/19/2022,CLT-PROCEDURAL OPERATIONS
966106,11/14/2022,CLT-DOCUMENTATION AND FORMS
966106,11/7/2022,CLT-DOCUMENTATION AND FORMS
966106,11/5/2022,CLT-DOCUMENTATION AND FORMS
966106,11/4/2022,CLT-DOCUMENTATION AND FORMS
966106,11/3/2022,CLT-DOCUMENTATION AND FORMS
966106,11/2/2022,LGBTQIA PLUS AWARENESS
966106,10/30/2022,CLT-DOCUMENTATION AND FORMS
966106,10/29/2022,CLT-BWC POLICY UPDATES
966106,10/24/2022,CLT-DOCUMENTATION AND FORMS
966106,10/22/2022,CLT-PROCEDURAL OPERATIONS
966106,10/21/2022,CLT-PROCEDURAL OPERATIONS
966106,10/20/2022,CLT-PROCEDURAL OPERATIONS
966106,10/10/2022,BELT-WORN TRAUMA KIT REFRESHER TRAINING VIDEO-2022
966106,10/10/2022,PROCESSING CIVILIAN COMPLAINTS
966106,10/7/2022,CLT-DOCUMENTATION AND FORMS
966106,10/5/2022,CLT-LEGAL ISSUES
966106,10/4/2022,CLT-DOCUMENTATION AND FORMS
966106,9/29/2022,THE EMPLOYEE ASSISTANCE UNIT (EAU) IS HERE FOR YOU
966106,9/28/2022,CLT-DOCUMENTATION AND FORMS
966106,9/27/2022,CLT-DOCUMENTATION AND FORMS
966106,8/30/2022,CLT-DOCUMENTATION AND FORMS
966106,8/30/2022,NYPD JOUVERT  WEST INDIAN DAY
966106,8/20/2022,CLT-PROCEDURAL OPERATIONS
966106,8/20/2022,CLT-PROFESSIONAL DEVELOPMENT
966106,8/13/2022,CLT-COMMUNICATION STRATEGIES AND AIDS
966106,8/8/2022,CONVICTED OFFENDER DNA DATABANK SPECIMEN COLLECTION KIT
966106,8/8/2022,VEHICLE SEIZURE FORM
966106,7/30/2022,2022 EQUAL EMPLOYMENT OPPORTUNITY TRAINING-SEXUAL HARASSMENT AWARENESS AND PREVENTION
966106,7/30/2022,CLT-BWC POLICY UPDATES
966106,7/29/2022,CAR STOP TACTICS FOR PATROL OFFICERS - MODULE 3: THE UNKNOWN RISK STOP
966106,7/29/2022,CAR STOP TACTICS FOR PATROL OFFICERS - MODULE 4: THE HIGH-RISK STOP
966106,7/18/2022,CLT-DOCUMENTATION AND FORMS
966106,7/15/2022,"INTEGRATING COMMUNICATION, ASSESSMENT, AND TACTICS (ICAT) MODULE 7"
966106,7/7/2022,CLT-DOCUMENTATION AND FORMS
966106,6/27/2022,CLT-DOCUMENTATION AND FORMS
966106,6/24/2022,CAR STOP TACTICS FOR PATROL OFFICERS - MODULE 2: PROHIBITED MANEUVERS
966106,6/21/2022,BEST PRACTICES IN STRUCTURED INTERVIEWING
966106,6/21/2022,CAR STOP TACTICS FOR PATROL OFFICERS - MODULE 1: CONTROLLING THE STOP
966106,6/20/2022,"INTEGRATING COMMUNICATION, ASSESSMENT AND TACTICS (ICAT) MODULE 6"
966106,6/15/2022,CLT-NIBRS ROLL CALL TRAINING
966106,6/13/2022,NATIONAL INCIDENT-BASED REPORTING SYSTEM (NIBRS) UPDATES TO THE OMNIFORM COMPLAINT SYSTEMV
966106,5/28/2022,PROHIBITED METHODS OF RESTRAINT
966106,5/25/2022,CLT-DOCUMENTATION AND FORMS
966106,5/25/2022,CLT-LEGAL ISSUES
966106,5/14/2022,CLT-LEGAL ISSUES
966106,5/13/2022,CLT-BWC POLICY UPDATES
966106,5/13/2022,CLT-PROCEDURAL OPERATIONS
966106,5/11/2022,CLT-BWC POLICY UPDATES
966106,5/11/2022,CLT-LEGAL ISSUES
966106,5/6/2022,CLT-PROCEDURAL OPERATIONS
966106,5/6/2022,CLT-TACTICAL AWARENESS AND OFFICER SAFETY
966106,5/3/2022,CLT-PROCEDURAL OPERATIONS
966106,5/3/2022,CLT-TACTICAL AWARENESS AND OFFICER SAFETY
966106,4/16/2022,CLT-DOCUMENTATION AND FORMS
966106,4/15/2022,CLT-TACTICAL AWARENESS AND OFFICER SAFETY
966106,4/13/2022,CLT-BWC POLICY UPDATES
966106,4/13/2022,CLT-DOCUMENTATION AND FORMS
966106,4/13/2022,CLT-SEARCHING PRISONERS MODULE 1
966106,4/13/2022,CLT-TACTICAL AWARENESS AND OFFICER SAFETY
966106,4/7/2022,CLT-BWC POLICY UPDATES
966106,4/7/2022,CLT-SEARCHING PRISONERS MODULE 1
966106,4/7/2022,CLT-TACTICAL AWARENESS AND OFFICER SAFETY
966106,4/7/2022,"INTEGRATING COMMUNICATION, ASSESSMENT AND TACTICS (ICAT) MODULE 5"
966106,4/6/2022,FTS - ANNUAL CEW RECERTIFICATION
966106,4/5/2022,CLT-DOCUMENTATION AND FORMS
966106,4/5/2022,CLT-SEARCHING PRISONERS MODULE 1
966106,3/29/2022,CLT-DOCUMENTATION AND FORMS
966106,3/25/2022,CLT-INFORMATION TECHNOLOGY
966106,3/25/2022,CLT-TACTICAL AWARENESS AND OFFICER SAFETY
966106,3/23/2022,CLT-PROCEDURAL OPERATIONS
966106,3/23/2022,CLT-TACTICAL AWARENESS AND OFFICER SAFETY
966106,3/16/2022,CLT-DOCUMENTATION AND FORMS
966106,3/16/2022,CLT-PROCEDURAL OPERATIONS
966106,3/16/2022,CLT-TACTICAL AWARENESS AND OFFICER SAFETY
966106,3/15/2022,CLT-DOCUMENTATION AND FORMS
966106,3/4/2022,CLT-DOCUMENTATION AND FORMS
966106,3/1/2022,"INTEGRATING COMMUNICATION, ASSESSMENT AND TACTICS (ICAT) MODULE 4"
966106,2/21/2022,CLT-PROCEDURAL OPERATIONS
966106,2/18/2022,CLT-DOCUMENTATION AND FORMS
966106,2/7/2022,CLT-DOCUMENTATION AND FORMS
966106,2/7/2022,ILLEGAL EVICTIONS
966106,1/28/2022,CLT-DOCUMENTATION AND FORMS
966106,1/26/2022,CLT-EPERMIT SYSTEM
966106,1/24/2022,CLT-BWC POLICY UPDATES
966106,1/24/2022,CLT-EJUSTICE ORDER OF PROTECTION SEARCH
966106,1/22/2022,CLT-BWC POLICY UPDATES
966106,1/6/2022,"INTEGRATING COMMUNICATION, ASSESSMENT AND TACTICS (ICAT) MODULE 3"
966106,1/6/2022,LOCAL LAW 45 OF 2021-TRAFFIC ENCOUNTERS
966106,12/27/2021,CLT-DOCUMENTATION AND FORMS
966106,12/15/2021,CLT-LEGAL ISSUES
966106,12/11/2021,CLT-DOCUMENTATION AND FORMS
966106,12/7/2021,CLT-INFORMATION TECHNOLOGY
966106,12/7/2021,CLT-OCCUPATIONAL-WORKPLACE SAFETY AND HEALTH
966106,12/7/2021,NEIGHBORHOOD POLICING APPLICATION TRAINING VIDEO
966106,12/4/2021,IDENTIFYING THE IMPAIRED DRIVER
966106,12/4/2021,OPIOID OVERDOSE RECOGNITION AND NARCAN ADMINISTRATION -2021
966106,11/18/2021,ACTIVE BYSTANDERSHIP FOR LAW ENFORCEMENT (ABLE): ONE DAY COURSE
966106,11/9/2021,"INTEGRATING COMMUNICATION, ASSESSMENT AND TACTICS (ICAT) MODULE 2"
966106,11/3/2021,ARRESTS - RELIGIOUS HEAD COVERING GUIDELINES (PG 208-83)
966106,11/3/2021,BODY-WORN CAMERA REVIEW PART TWO
966106,11/2/2021,CLT-OCCUPATIONAL-WORKPLACE SAFETY AND HEALTH
966106,10/15/2021,"INTEGRATING COMMUNICATION, ASSESSMENT AND TACTICS (ICAT) MODULE 1"
966106,9/30/2021,BODY-WORN CAMERA REVIEW PART ONE
966106,9/30/2021,CLT-OCCUPATIONAL-WORKPLACE SAFETY AND HEALTH
966106,9/10/2021,MAYOR EXECUTIVE ORDER 78 VACCINATION - TESTING COMPLIANCE POLICY
966106,9/1/2021,CLT-PROCEDURAL OPERATIONS
966106,7/14/2021,EQUAL EMPLOYMENT OPPORTUNITY TRAINING - SEXUAL HARASSMENT AWARENESS AND PREVENTION 2021
966106,7/13/2021,CLT-INFORMATION TECHNOLOGY
966106,7/13/2021,CLT-MEMBER-EMPLOYEE WELLNESS
966106,7/13/2021,CLT-PROCEDURAL OPERATIONS
966106,7/12/2021,CLT-DOCUMENTATION AND FORMS
966106,7/6/2021,FTS - ANNUAL CEW RECERTIFICATION
966106,6/28/2021,CLT-DOCUMENTATION AND FORMS
966106,6/7/2021,CLT-DOCUMENTATION AND FORMS
966106,6/3/2021,CLT-DOCUMENTATION AND FORMS
966106,6/3/2021,CLT-PROCEDURAL OPERATIONS
966106,6/2/2021,OVERVIEW OF THE NEW DISCOVERY LAWS 2021 REFRESHER
966106,5/24/2021,CLT-DOCUMENTATION AND FORMS
966106,5/18/2021,CLT-OCCUPATIONAL-WORKPLACE SAFETY AND HEALTH
966106,5/18/2021,CLT-TACTICAL AWARENESS AND OFFICER SAFETY
966106,5/13/2021,CLT-DOCUMENTATION AND FORMS
966106,5/13/2021,PATROL GUIDE 215-17 POLICE ACTIONS RELATED QUESTIONING ARRESTS AND INVESTIGATIONS AT A NYC DEPARTMEN
966106,5/12/2021,CLT-INFORMATION TECHNOLOGY
966106,5/12/2021,CLT-OCCUPATIONAL-WORKPLACE SAFETY AND HEALTH
966106,5/12/2021,CLT-TACTICAL AWARENESS AND OFFICER SAFETY
966106,5/11/2021,CHILD SENSITIVE ARREST POLICY GUIDELINES AND PROCEDURES
966106,5/11/2021,CLT-DOCUMENTATION AND FORMS
966106,5/6/2021,CLT-DOCUMENTATION AND FORMS
966106,4/30/2021,CHILD SENSITIVE ARREST POLICY GUIDELINES AND PROCEDURES
966106,4/30/2021,CLT-TACTICAL AWARENESS AND OFFICER SAFETY
966106,4/27/2021,EMPLOYEE ASSISTANCE UNIT-2021
966106,4/19/2021,CLT-LEGAL ISSUES
966106,4/19/2021,CLT-OCCUPATIONAL-WORKPLACE SAFETY AND HEALTH
966106,4/19/2021,CLT-PROCEDURAL OPERATIONS
966106,4/16/2021,CLT-LEGAL ISSUES
966106,4/16/2021,CLT-OCCUPATIONAL-WORKPLACE SAFETY AND HEALTH
966106,4/7/2021,CLT-LEGAL ISSUES
966106,4/5/2021,CLT-LEGAL ISSUES
966106,4/5/2021,EQUAL EMPLOYMENT OPPORTUNITY TRAINING - LGBTQIA+ DIVERSITY AND INCLUSION / EXECUTIVE ORDER 16 OF 201
966106,3/31/2021,CLT-DOCUMENTATION AND FORMS
966106,3/31/2021,CLT-SPECIAL POPULATIONS
966106,3/29/2021,CLT-PROCEDURAL OPERATIONS
966106,3/4/2021,DESK APPEARANCE TICKETS: THE NEW LAW AND THE NEW GUIDELINES FOR PROCESSING DAT'S - 2021 REFRESHER
966106,2/26/2021,CUSTOMER SERVICE PROGRAM: HOW DID WE DO
966106,2/12/2021,CLT-OCCUPATIONAL-WORKPLACE SAFETY AND HEALTH
966106,2/12/2021,"CUSTOMER SERVICE PROGRAM:  ROLL CALL MODULE 2, COMMUNICATION SKILLS"
966106,2/11/2021,CLT-DOCUMENTATION AND FORMS
966106,2/10/2021,"CUSTOMER SERVICE PROGRAM:  ROLL CALL MODULE 1, INTRODUCTION TO PRECINCT GREETER PROGRAM"
966106,2/10/2021,"CUSTOMER SERVICE PROGRAM:  ROLL CALL MODULE 2, COMMUNICATION SKILLS"
966106,2/5/2021,CLT-OCCUPATIONAL-WORKPLACE SAFETY AND HEALTH
966106,2/5/2021,"CUSTOMER SERVICE PROGRAM:  ROLL CALL MODULE 1, INTRODUCTION TO PRECINCT GREETER PROGRAM"
966106,1/28/2021,CLT-LEGAL ISSUES
966106,1/25/2021,COVID VACCINE DISTRIBUTION AND EDUCATION
966106,1/22/2021,CLT-DOCUMENTATION AND FORMS
966106,1/21/2021,CLT-OCCUPATIONAL-WORKPLACE SAFETY AND HEALTH
966106,1/15/2021,CLT-DOCUMENTATION AND FORMS
966106,1/7/2021,CLT-DOCUMENTATION AND FORMS
966106,12/23/2020,CLT-DOCUMENTATION AND FORMS
966106,12/16/2020,CLT-INFORMATION TECHNOLOGY
966106,12/16/2020,CLT-OCCUPATIONAL-WORKPLACE SAFETY AND HEALTH
966106,12/8/2020,CLT-OCCUPATIONAL-WORKPLACE SAFETY AND HEALTH
966106,12/8/2020,CLT-PROCEDURAL OPERATIONS
966106,12/4/2020,CLT-OCCUPATIONAL-WORKPLACE SAFETY AND HEALTH
966106,12/4/2020,EQUAL EMPLOYMENT OPPORTUNITY TRAINING - LEAVE TO EXPRESS BREAST MILK
966106,11/19/2020,CLT-INFORMATION TECHNOLOGY
966106,11/16/2020,FTS - ANNUAL CEW RECERTIFICATION
966106,11/6/2020,CLT-TACTICAL AWARENESS AND OFFICER SAFETY
966106,10/23/2020,CLT-INFORMATION TECHNOLOGY
966106,10/23/2020,CLT-PROCEDURAL OPERATIONS
966106,10/15/2020,TRAFFIC VIOLATIONS BUREAU WORKSHOP
966106,10/13/2020,CLT-INFORMATION TECHNOLOGY
966106,10/13/2020,CLT-LEGAL ISSUES
966106,10/2/2020,CLT-INFORMATION TECHNOLOGY
966106,10/2/2020,CLT-PROCEDURAL OPERATIONS
966106,10/2/2020,CLT-TACTICAL AWARENESS AND OFFICER SAFETY
966106,10/1/2020,CLT-DOCUMENTATION AND FORMS
966106,10/1/2020,CLT-INFORMATION TECHNOLOGY
966106,10/1/2020,CLT-TACTICAL AWARENESS AND OFFICER SAFETY
966106,9/24/2020,CLT-DOCUMENTATION AND FORMS
966106,9/24/2020,CLT-TACTICAL AWARENESS AND OFFICER SAFETY
966106,9/21/2020,CLT-INFORMATION TECHNOLOGY
966106,9/21/2020,CLT-PROFESSIONAL DEVELOPMENT
966106,9/21/2020,CLT-TACTICAL AWARENESS AND OFFICER SAFETY
966106,9/15/2020,CONSTITUTIONAL POLICING AT COMMUNITY EVENTS (CPACE)
966106,8/28/2020,CLT-LEGAL ISSUES
966106,8/25/2020,CLT-DOCUMENTATION AND FORMS
966106,8/25/2020,CLT-INFORMATION TECHNOLOGY
966106,8/25/2020,CLT-PROCEDURAL OPERATIONS
966106,7/3/2020,CLT-INFORMATION TECHNOLOGY
966106,7/3/2020,CLT-LEGAL ISSUES
966106,7/3/2020,CLT-PROCEDURAL OPERATIONS
966106,7/1/2020,"EQUAL EMPLOYMENT OPPORTUNITY TRAINING - SEXUAL HARASSMENT, AWARENESS AND PREVENTION"
966106,7/1/2020,NEW LAWS AFFECTING POLICE OFFICERS’ CRIMINAL AND CIVIL LIABILITY
966106,6/26/2020,CLT-LEGAL ISSUES
966106,6/26/2020,VICTIM BLAMING AND RELEASE OF INFORMATION TO THE MEDIA
966106,6/23/2020,CLT-INFORMATION TECHNOLOGY
966106,6/23/2020,HEALTH AND WELLNESS SECTION - MODULE 13 - MINDFULNESS
966106,6/23/2020,HEALTH AND WELLNESS SECTION - MODULE 14 - FINANCIAL WELLNESS PART 1
966106,6/23/2020,HEALTH AND WELLNESS SECTION - MODULE 15 - FINANCIAL WELLNESS PART 2
966106,6/18/2020,HEALTH AND WELLNESS SECTION - MODULE 12 - IN THAT DARK PLACE - AN OFFICER'S JOURNEY
966106,5/27/2020,CLT-DOCUMENTATION AND FORMS
966106,5/27/2020,CLT-PROCEDURAL OPERATIONS
966106,5/25/2020,CLT-DOCUMENTATION AND FORMS
966106,5/25/2020,CLT-PROCEDURAL OPERATIONS
966106,5/25/2020,COVID-19: PREPAREDNESS YOUR FAMILY AND HOME
966106,5/25/2020,HEALTH AND WELLNESS SECTION - MODULE 1 - PSYCHOLOGICAL HEALTH AND WELLNESS
966106,5/25/2020,HEALTH AND WELLNESS SECTION - MODULE 10 - SEEKING AND RECEIVING MENTAL HEALTH SUPPORT
966106,5/25/2020,HEALTH AND WELLNESS SECTION - MODULE 11 - HEALTH AND RESILIENCY
966106,5/25/2020,HEALTH AND WELLNESS SECTION - MODULE 2 - JOB COUNSELING AND STRESS
966106,5/25/2020,HEALTH AND WELLNESS SECTION - MODULE 3 - WARNING SIGNS
966106,5/25/2020,HEALTH AND WELLNESS SECTION - MODULE 4 - CUMULATIVE TRAUMA
966106,5/25/2020,HEALTH AND WELLNESS SECTION - MODULE 5 - GAINING PERSPECTIVE
966106,5/25/2020,HEALTH AND WELLNESS SECTION - MODULE 6 - COPING WITH SIGNS OF ANXIETY DEPRESSION
966106,5/25/2020,HEALTH AND WELLNESS SECTION - MODULE 7 - LEADING WITH COMPASSION
966106,5/25/2020,"HEALTH AND WELLNESS SECTION - MODULE 8 - WARNING SIGNS, SUPPORT AND OUTREACH"
966106,5/25/2020,HEALTH AND WELLNESS SECTION - MODULE 9 - MANAGING STRESS ON THE JOB
966106,5/20/2020,CLT-INFORMATION TECHNOLOGY
966106,5/20/2020,CLT-PROCEDURAL OPERATIONS
966106,5/10/2020,COVID-19: PREPAREDENESS
966106,5/10/2020,COVID-19: PROTECTIVE MASKS
966106,5/1/2020,CLT-ENFORCEMENT ACTIONS
966106,5/1/2020,CLT-TACTICAL AWARENESS AND OFFICER SAFETY
966106,5/1/2020,SAFETY CONSIDERATIONS FOR PATROLLING THE NYC SUBWAY SYSTEM -DANGERS OF THE PLATFORM EDGE
966106,3/27/2020,"AXON BODY-WORN CAMERA TRAINING - CAMERA OPERATION, AXON VIEW AND EVIDENCE.COM (REQUIRED FOR LE4 COMM"
966106,3/27/2020,CLT-LEGAL ISSUES
966106,3/27/2020,CLT-OCCUPATIONAL-WORKPLACE SAFETY AND HEALTH
966106,2/26/2020,CLT-PROCEDURAL OPERATIONS
966106,2/26/2020,CLT-TACTICAL AWARENESS AND OFFICER SAFETY
966106,2/20/2020,SAFEGUARDING HOSPITALIZED PRISONERS
966106,2/17/2020,UTILIZING BALLISTIC PROTECTION IN DEPARTMENT VEHICLES (4:09)
966106,2/12/2020,CLT-PROCEDURAL OPERATIONS
966106,2/12/2020,CLT-TACTICAL AWARENESS AND OFFICER SAFETY
966106,2/11/2020,CLT-PROCEDURAL OPERATIONS
966106,2/8/2020,CRIMINAL JUSTICE BUREAU - GIGLIO MATERIAL DISCLOSURES UNDER THE NEW DISCOVERY LAWS
966106,2/8/2020,EQUITY AND INCLUSION - MEDIATION AND CONFLICT RESOLUTION PILOT PROGRAM
966106,1/17/2020,CLT-DOCUMENTATION AND FORMS
966106,1/17/2020,CLT-EQUAL EMPLOYMENT OPPORTUNITY
966106,1/17/2020,CLT-SPECIAL POPULATIONS
966106,1/11/2020,PROCESSING DISCOVERY MATERIAL IN THE FORMS ARREST FOLDER
966106,1/10/2020,CLT-DOCUMENTATION AND FORMS
966106,1/10/2020,CLT-INFORMATION TECHNOLOGY
966106,1/6/2020,CROSSFIRE MITIGATION DURING CLOSE COMBAT INCIDENTS - PART 2
966106,1/3/2020,CLT-DOCUMENTATION AND FORMS
966106,12/18/2019,CLT-DOCUMENTATION AND FORMS
966106,12/18/2019,CLT-PROCEDURAL OPERATIONS
966106,12/13/2019,CLT-PROCEDURAL OPERATIONS
966106,12/13/2019,CLT-TACTICAL AWARENESS AND OFFICER SAFETY
966106,12/11/2019,ACTIVITY LOG FOR IPHONE
966106,12/10/2019,CROSSFIRE MITIGATION DURING CLOSE COMBAT INCIDENTS
966106,12/5/2019,CLT-PROCEDURAL OPERATIONS
966106,12/4/2019,CLT-OCCUPATIONAL-WORKPLACE SAFETY AND HEALTH
966106,12/4/2019,CLT-PROCEDURAL OPERATIONS
966106,11/27/2019,CLT-INFORMATION TECHNOLOGY
966106,11/27/2019,CLT-PROCEDURAL OPERATIONS
966106,11/27/2019,CLT-TACTICAL AWARENESS AND OFFICER SAFETY
966106,11/27/2019,DISCHARGING YOUR FIREARM AT A MOVING THREAT
966106,11/27/2019,RESPONDING TO COMMERCIAL ROBBERIES PART LL - MODULE 1 AND MODULE 2
966106,11/26/2019,CJB - DESK APPEARANCE TICKETS: THE NEW LAWS AND GUIDELINES FOR PROCESSING DATS
966106,11/26/2019,CJB - OVERVIEW OF THE NEW DISCOVERY LAWS
966106,11/10/2019,INCREASE OFFICER SAFETY DURING VEHICLE STOPS
966106,10/31/2019,CRISIS INTERVENTION TEAM TRAINING
966106,10/26/2019,PRISONER ESCAPE WARNING SIGNS
966106,10/26/2019,SUCCESSFULLY DISARMING AN EMOTIONALLY DISTURBED PERSON
966106,10/22/2019,CLT-DOCUMENTATION AND FORMS
966106,10/22/2019,CLT-OCCUPATIONAL-WORKPLACE SAFETY AND HEALTH
966106,10/15/2019,FTS - ANNUAL CEW RECERTIFICATION
966106,10/11/2019,CRIMINAL JUSTICE BUREAU - DNA TRAINING VIDEO
966106,10/11/2019,FORCE POLICY UPDATE VIDEO
966106,9/29/2019,CRITICAL DECISION MAKING MODEL
966106,9/20/2019,CLT-ENFORCEMENT ACTIONS
966106,9/20/2019,MARIJUANA POLICY UPDATE
966106,9/5/2019,DOMESTIC VIOLENCE EDUCATION AND COUNSELING
966106,8/29/2019,CLT-ENFORCEMENT ACTIONS
966106,8/27/2019,2019-20 IN-SERVICE CYCLE - CRITICAL INCIDENT TACTICS AND DEVELOPING EFFECTIVE LEADERSHIP SKILLS
966106,8/20/2019,SHIELD OF RESILIENCE TRAINING COURSE
966106,8/16/2019,CLT-DOCUMENTATION AND FORMS
966106,8/16/2019,CLT-ENFORCEMENT ACTIONS
966106,8/16/2019,CLT-MEMBER-EMPLOYEE WELLNESS
966106,8/16/2019,CLT-TACTICAL AWARENESS AND OFFICER SAFETY
966106,8/8/2019,CLT-DOCUMENTATION AND FORMS
966106,8/8/2019,CRITICAL INCIDENT TACTICS - RESPONDING TO COMMERCIAL ROBBERIES (EXTENDED VERSION)
966106,8/6/2019,CLT-DOCUMENTATION AND FORMS
966106,8/5/2019,RESPONDING TO COMMERCIAL ROBBERIES
966106,7/31/2019,CLT-ENFORCEMENT ACTIONS
966106,7/23/2019,CLT-DOCUMENTATION AND FORMS
966106,7/23/2019,CLT-INFORMATION TECHNOLOGY
966106,7/6/2019,TRANSIT BUREAU - SAFETY CONSIDERATIONS FOR PATROLLING THE NYC SUBWAY SYSTEM
966106,7/6/2019,TRANSIT BUREAU - SAFETY CONSIDERATIONS FOR PATROLLING THE NYC SUBWAY SYSTEM - PART 2
966106,7/6/2019,TRANSIT BUREAU - TIMELY RESUMPTION OF SERVICE IN NYC TRANSIT
966106,6/25/2019,CLT-MEMBER-EMPLOYEE WELLNESS
966106,6/25/2019,CLT-OCCUPATIONAL-WORKPLACE SAFETY AND HEALTH
966106,6/25/2019,CLT-TACTICAL AWARENESS AND OFFICER SAFETY
966106,6/25/2019,RESPONDING TO PEOPLE IN CRISIS – MODULE 4: USING DEPARTMENT MOBILE DIGITAL DEVICES
966106,6/10/2019,CLT-OCCUPATIONAL-WORKPLACE SAFETY AND HEALTH
966106,6/10/2019,CLT-TACTICAL AWARENESS AND OFFICER SAFETY
966106,6/10/2019,DISCUSSION - BASED LEARNING MODULE # 1-3
966106,6/6/2019,WORLDPRIDE NYC 2019
966106,5/24/2019,CLT-DOCUMENTATION AND FORMS
966106,5/24/2019,CLT-INFORMATION TECHNOLOGY
966106,5/24/2019,CLT-SPECIAL POPULATIONS
966106,5/24/2019,COLLABORATIVE POLICING - MEDIATION REFERRAL PROGRAM FOR NON-CRIMINAL COMPLAINTS
966106,5/23/2019,CLT-DOCUMENTATION AND FORMS
966106,5/23/2019,CLT-INFORMATION TECHNOLOGY
966106,5/23/2019,CLT-SPECIAL POPULATIONS
966106,5/22/2019,CLT-DOCUMENTATION AND FORMS
966106,5/22/2019,CLT-ENFORCEMENT ACTIONS
966106,5/22/2019,CLT-INFORMATION TECHNOLOGY
966106,5/22/2019,CLT-SPECIAL POPULATIONS
966106,5/15/2019,COUNTERTERRORISM BUREAU ACTIVE SHOOTER SCHOOL INCIDENTS AWARENESS
966106,5/15/2019,COUNTERTERRORISM BUREAU NH15 TRAINING
966106,5/7/2019,CLT-DOCUMENTATION AND FORMS
966106,5/7/2019,CLT-ENFORCEMENT ACTIONS
966106,5/7/2019,CLT-OCCUPATIONAL-WORKPLACE SAFETY AND HEALTH
966106,4/25/2019,FACILITIES MANAGEMENT DIVISION - MUNICIPAL SEPERATE STORM SEWER SYSTEM (MS4)
966106,4/24/2019,CLT-ENFORCEMENT ACTIONS
966106,4/24/2019,CLT-OCCUPATIONAL-WORKPLACE SAFETY AND HEALTH
966106,4/24/2019,CLT-PROCEDURAL OPERATIONS
966106,4/23/2019,CLT-ENFORCEMENT ACTIONS
966106,4/23/2019,CLT-INFORMATION TECHNOLOGY
966106,4/23/2019,CLT-OCCUPATIONAL-WORKPLACE SAFETY AND HEALTH
966106,4/23/2019,CLT-PROCEDURAL OPERATIONS
966106,4/21/2019,RESPONDING TO PEOPLE IN CRISIS - MODULES 2 AND 3: ACTIVE LISTENING PARTS 1 AND 2
966106,4/16/2019,CLT-ENFORCEMENT ACTIONS
966106,4/16/2019,CLT-INFORMATION TECHNOLOGY
966106,4/16/2019,CLT-MEMBER-EMPLOYEE WELLNESS
966106,4/16/2019,CLT-TACTICAL AWARENESS AND OFFICER SAFETY
966106,4/14/2019,COLLABORATIVE POLICING - THE DEAF AND HARD OF HEARING COMMUNITY
966106,4/10/2019,CLT-DOCUMENTATION AND FORMS
966106,4/10/2019,CLT-INFORMATION TECHNOLOGY
966106,4/10/2019,CLT-MEMBER-EMPLOYEE WELLNESS
966106,4/9/2019,CLT-PROCEDURAL OPERATIONS
966106,4/3/2019,CLT-DOCUMENTATION AND FORMS
966106,4/3/2019,CLT-INFORMATION TECHNOLOGY
966106,4/2/2019,CLT-DOCUMENTATION AND FORMS
966106,4/2/2019,CLT-INFORMATION TECHNOLOGY
966106,4/1/2019,LEGAL BUREAU - PERJURY TRAINING MODULE
