taxid,date,name
947930,3/15/2023,CLT- RESPONDING TO COMMERCIAL ROBBERIES 2023
947930,3/13/2023,CLT-DOCUMENTATION AND FORMS
947930,3/1/2023,CLT-PROCEDURAL OPERATIONS
947930,2/22/2023,INFORMATION SECURITY CRIMINAL JUSTICE TRAINING 2023
947930,2/2/2023,CLT-PROCEDURAL OPERATIONS
947930,1/31/2023,"CLT-UNIFORMS, PERSONAL APPEARANCE AND EQUIPMENT"
947930,1/24/2023,NYPD-U VOLUNTARY - INVOLUNTARY TRANSPORTS
947930,1/19/2023,RAISING THE LOWER AGE OF JUVENILE DELINQUENCY
947930,1/18/2023,CLT-CRIME CONTROL STRATEGIES AND PROBLEM SOLVING
947930,1/15/2023,INVESTIGATIVE ENCOUNTERS 2023 - MODULE 1 INTRODUCTION TO SQF
947930,1/15/2023,INVESTIGATIVE ENCOUNTERS 2023: MODULE 2 SQF LEVEL 1
947930,1/11/2023,CLT-VOLUNTARY - INVOLUNTARY TRANSPORTS
947930,1/4/2023,CLT-PROCEDURAL OPERATIONS
947930,12/26/2022,CLT-VOLUNTARY - INVOLUNTARY TRANSPORTS
947930,12/4/2022,CLT-PROCEDURAL OPERATIONS
947930,11/21/2022,VIDEO 1 - PATROLLING THE NYC SUBWAY SYSTEM 2022
947930,11/21/2022,VIDEO 2 -TACTICAL CONSIDERATIONS FOR TRANSIT PATROL 2022 (PART 1)
947930,11/21/2022,VIDEO 3 - TACTICAL CONSIDERATIONS FOR TRANSIT PATROL 2022 (PART 2)
947930,11/21/2022,VIDEO 4 - PLATFORM SAFETY 2022
947930,11/7/2022,LGBTQIA PLUS AWARENESS
947930,11/2/2022,CLT-PROCEDURAL OPERATIONS
947930,10/29/2022,CLT-DOCUMENTATION AND FORMS
947930,10/11/2022,BELT-WORN TRAUMA KIT REFRESHER TRAINING VIDEO-2022
947930,10/11/2022,PROCESSING CIVILIAN COMPLAINTS
947930,10/5/2022,CLT-PROCEDURAL OPERATIONS
947930,9/20/2022,THE EMPLOYEE ASSISTANCE UNIT (EAU) IS HERE FOR YOU
947930,8/29/2022,NYPD JOUVERT  WEST INDIAN DAY
947930,7/6/2022,2022 EQUAL EMPLOYMENT OPPORTUNITY TRAINING-SEXUAL HARASSMENT AWARENESS AND PREVENTION
947930,7/6/2022,CAR STOP TACTICS FOR PATROL OFFICERS - MODULE 1: CONTROLLING THE STOP
947930,7/6/2022,CAR STOP TACTICS FOR PATROL OFFICERS - MODULE 2: PROHIBITED MANEUVERS
947930,7/6/2022,CAR STOP TACTICS FOR PATROL OFFICERS - MODULE 3: THE UNKNOWN RISK STOP
947930,7/6/2022,CAR STOP TACTICS FOR PATROL OFFICERS - MODULE 4: THE HIGH-RISK STOP
947930,7/6/2022,CONVICTED OFFENDER DNA DATABANK SPECIMEN COLLECTION KIT
947930,7/6/2022,"INTEGRATING COMMUNICATION, ASSESSMENT AND TACTICS (ICAT) MODULE 6"
947930,7/6/2022,"INTEGRATING COMMUNICATION, ASSESSMENT, AND TACTICS (ICAT) MODULE 7"
947930,7/6/2022,VEHICLE SEIZURE FORM
947930,6/12/2022,BEST PRACTICES IN STRUCTURED INTERVIEWING
947930,6/12/2022,NATIONAL INCIDENT-BASED REPORTING SYSTEM (NIBRS) UPDATES TO THE OMNIFORM COMPLAINT SYSTEMV
947930,5/26/2022,PROHIBITED METHODS OF RESTRAINT
947930,4/19/2022,"INTEGRATING COMMUNICATION, ASSESSMENT AND TACTICS (ICAT) MODULE 4"
947930,4/19/2022,"INTEGRATING COMMUNICATION, ASSESSMENT AND TACTICS (ICAT) MODULE 5"
947930,3/8/2022,ILLEGAL EVICTIONS
947930,3/8/2022,"INTEGRATING COMMUNICATION, ASSESSMENT AND TACTICS (ICAT) MODULE 3"
947930,1/18/2022,"INTEGRATING COMMUNICATION, ASSESSMENT AND TACTICS (ICAT) MODULE 2"
947930,1/1/2022,LOCAL LAW 45 OF 2021-TRAFFIC ENCOUNTERS
947930,12/16/2021,ACTIVE BYSTANDERSHIP FOR LAW ENFORCEMENT (ABLE): ONE DAY COURSE
947930,12/13/2021,IDENTIFYING THE IMPAIRED DRIVER
947930,11/2/2021,ARRESTS - RELIGIOUS HEAD COVERING GUIDELINES (PG 208-83)
947930,10/19/2021,"INTEGRATING COMMUNICATION, ASSESSMENT AND TACTICS (ICAT) MODULE 1"
947930,10/13/2021,BODY-WORN CAMERA REVIEW PART ONE
947930,10/13/2021,BODY-WORN CAMERA REVIEW PART TWO
947930,9/15/2021,INFORMATION SECURITY AWARENESS TRAINING 2021
947930,9/15/2021,OPIOID OVERDOSE RECOGNITION AND NARCAN ADMINISTRATION -2021
947930,9/13/2021,MAYOR EXECUTIVE ORDER 78 VACCINATION - TESTING COMPLIANCE POLICY
947930,7/26/2021,EQUAL EMPLOYMENT OPPORTUNITY TRAINING - SEXUAL HARASSMENT AWARENESS AND PREVENTION 2021
947930,5/31/2021,SHIELD OF RESILIENCE TRAINING COURSE
947930,5/20/2021,OVERVIEW OF THE NEW DISCOVERY LAWS 2021 REFRESHER
947930,5/12/2021,EMPLOYEE ASSISTANCE UNIT-2021
947930,5/12/2021,PATROL GUIDE 215-17 POLICE ACTIONS RELATED QUESTIONING ARRESTS AND INVESTIGATIONS AT A NYC DEPARTMEN
947930,3/31/2021,EQUAL EMPLOYMENT OPPORTUNITY TRAINING - LGBTQIA+ DIVERSITY AND INCLUSION / EXECUTIVE ORDER 16 OF 201
947930,3/3/2021,DESK APPEARANCE TICKETS: THE NEW LAW AND THE NEW GUIDELINES FOR PROCESSING DAT'S - 2021 REFRESHER
947930,1/21/2021,COVID VACCINE DISTRIBUTION AND EDUCATION
947930,11/30/2020,EQUAL EMPLOYMENT OPPORTUNITY TRAINING - LEAVE TO EXPRESS BREAST MILK
947930,9/2/2020,CONSTITUTIONAL POLICING AT COMMUNITY EVENTS (CPACE)
947930,9/1/2020,HEALTH AND WELLNESS SECTION - FINANCIAL LITERACY SERIES - MODULE 1 - YOUR MONEY VALUES AND INFLUENCE
947930,9/1/2020,HEALTH AND WELLNESS SECTION - MODULE 16 - GRIEF AND COPING
947930,9/1/2020,HEALTH AND WELLNESS SECTION - MODULE 17 - FINANCIAL WILLS AND TRUSTS
947930,9/1/2020,HEALTH AND WELLNESS SECTION - MODULE 20 - POPPA TESTIMONIAL VIDEO
947930,8/31/2020,HEALTH AND WELLNESS SECTION - MODULE 13 - MINDFULNESS
947930,8/31/2020,HEALTH AND WELLNESS SECTION - MODULE 14 - FINANCIAL WELLNESS PART 1
947930,8/31/2020,HEALTH AND WELLNESS SECTION - MODULE 15 - FINANCIAL WELLNESS PART 2
947930,7/6/2020,"EQUAL EMPLOYMENT OPPORTUNITY TRAINING - SEXUAL HARASSMENT, AWARENESS AND PREVENTION"
947930,7/2/2020,NEW LAWS AFFECTING POLICE OFFICERS’ CRIMINAL AND CIVIL LIABILITY
947930,6/29/2020,VICTIM BLAMING AND RELEASE OF INFORMATION TO THE MEDIA
947930,6/22/2020,HEALTH AND WELLNESS SECTION - MODULE 12 - IN THAT DARK PLACE - AN OFFICER'S JOURNEY
947930,5/27/2020,COVID-19: PREPAREDNESS YOUR FAMILY AND HOME
947930,5/27/2020,HEALTH AND WELLNESS SECTION - MODULE 1 - PSYCHOLOGICAL HEALTH AND WELLNESS
947930,5/27/2020,HEALTH AND WELLNESS SECTION - MODULE 10 - SEEKING AND RECEIVING MENTAL HEALTH SUPPORT
947930,5/27/2020,HEALTH AND WELLNESS SECTION - MODULE 11 - HEALTH AND RESILIENCY
947930,5/27/2020,HEALTH AND WELLNESS SECTION - MODULE 2 - JOB COUNSELING AND STRESS
947930,5/27/2020,HEALTH AND WELLNESS SECTION - MODULE 3 - WARNING SIGNS
947930,5/27/2020,HEALTH AND WELLNESS SECTION - MODULE 4 - CUMULATIVE TRAUMA
947930,5/27/2020,HEALTH AND WELLNESS SECTION - MODULE 5 - GAINING PERSPECTIVE
947930,5/27/2020,HEALTH AND WELLNESS SECTION - MODULE 6 - COPING WITH SIGNS OF ANXIETY DEPRESSION
947930,5/27/2020,HEALTH AND WELLNESS SECTION - MODULE 7 - LEADING WITH COMPASSION
947930,5/27/2020,"HEALTH AND WELLNESS SECTION - MODULE 8 - WARNING SIGNS, SUPPORT AND OUTREACH"
947930,5/27/2020,HEALTH AND WELLNESS SECTION - MODULE 9 - MANAGING STRESS ON THE JOB
947930,5/11/2020,COVID-19: PREPAREDENESS
947930,5/11/2020,COVID-19: PROTECTIVE MASKS
947930,5/11/2020,SAFETY CONSIDERATIONS FOR PATROLLING THE NYC SUBWAY SYSTEM -DANGERS OF THE PLATFORM EDGE
947930,2/19/2020,CRIMINAL JUSTICE BUREAU - GIGLIO MATERIAL DISCLOSURES UNDER THE NEW DISCOVERY LAWS
947930,2/19/2020,PROCESSING DISCOVERY MATERIAL IN THE FORMS ARREST FOLDER
947930,2/19/2020,UTILIZING BALLISTIC PROTECTION IN DEPARTMENT VEHICLES (4:09)
947930,2/18/2020,CPS FAIR AND IMPARTIAL POLICING - ALL POS AND DETS
947930,1/5/2020,ACTIVITY LOG FOR IPHONE
947930,1/5/2020,CROSSFIRE MITIGATION DURING CLOSE COMBAT INCIDENTS
947930,1/5/2020,CROSSFIRE MITIGATION DURING CLOSE COMBAT INCIDENTS - PART 2
947930,12/2/2019,CJB - DESK APPEARANCE TICKETS: THE NEW LAWS AND GUIDELINES FOR PROCESSING DATS
947930,12/2/2019,CJB - OVERVIEW OF THE NEW DISCOVERY LAWS
947930,12/2/2019,DISCHARGING YOUR FIREARM AT A MOVING THREAT
947930,12/2/2019,RESPONDING TO COMMERCIAL ROBBERIES PART LL - MODULE 1 AND MODULE 2
947930,11/12/2019,2017-2019 IN-SERVICE CYCLE-INVESTIGATIVE ENCOUNTERS- BASIC TRAINING WITH SCENARIOS
947930,10/28/2019,CRIMINAL JUSTICE BUREAU - DNA TRAINING VIDEO
947930,10/9/2019,FORCE POLICY UPDATE VIDEO
947930,9/25/2019,CRITICAL DECISION MAKING MODEL
947930,9/25/2019,MARIJUANA POLICY UPDATE
947930,9/12/2019,SHIELD OF RESILIENCE TRAINING COURSE
947930,9/11/2019,DOMESTIC VIOLENCE EDUCATION AND COUNSELING
947930,8/5/2019,RESPONDING TO COMMERCIAL ROBBERIES
947930,7/10/2019,TRANSIT BUREAU - SAFETY CONSIDERATIONS FOR PATROLLING THE NYC SUBWAY SYSTEM
947930,7/10/2019,TRANSIT BUREAU - SAFETY CONSIDERATIONS FOR PATROLLING THE NYC SUBWAY SYSTEM - PART 2
947930,7/10/2019,TRANSIT BUREAU - TIMELY RESUMPTION OF SERVICE IN NYC TRANSIT
947930,7/1/2019,COLLABORATIVE POLICING - MEDIATION REFERRAL PROGRAM FOR NON-CRIMINAL COMPLAINTS
947930,7/1/2019,RESPONDING TO PEOPLE IN CRISIS – MODULE 4: USING DEPARTMENT MOBILE DIGITAL DEVICES
947930,7/1/2019,WORLDPRIDE NYC 2019
947930,4/25/2019,FACILITIES MANAGEMENT DIVISION - MUNICIPAL SEPERATE STORM SEWER SYSTEM (MS4)
947930,4/22/2019,RESPONDING TO PEOPLE IN CRISIS - MODULES 2 AND 3: ACTIVE LISTENING PARTS 1 AND 2
947930,4/15/2019,COLLABORATIVE POLICING - THE DEAF AND HARD OF HEARING COMMUNITY
947930,4/2/2019,LEGAL BUREAU - PERJURY TRAINING MODULE
947930,3/21/2019,SAFEGUARDING PRISONERS - OFFICER SAFETY GUIDELINES
947930,2/20/2019,COLLABORATIVE POLICING - ELDER ABUSE
947930,2/20/2019,INVESTIGATIVE ENCOUNTERS-VIDEO #1 REQUEST FOR INFO-UNIT TRAINING FEB 2016
947930,2/20/2019,INVESTIGATIVE ENCOUNTERS-VIDEO #2 COMMON LAW RIGHT OF INQUIRY-UNIT TRAINING MAY 2016
947930,2/20/2019,INVESTIGATIVE ENCOUNTERS-VIDEO #3 TERRY STOPS AND REASONABLE SUSPICION-UNIT TRAINING JUNE 2016
947930,2/20/2019,INVESTIGATIVE ENCOUNTERS-VIDEO #4 DOCUMENTATION AND SUPERVISION-UNIT TRAINING JULY 2016
947930,2/20/2019,PUBLIC CONTACT AND CONSENT TO SEARCH (RIGHT TO KNOW) - UNIT TRAINING AUGUST 2016
947930,2/4/2019,"SUPPORT SERVICES DIVISION - CLASS ""C"" OPERATOR"
947930,1/15/2019,RESPONDING TO PEOPLE IN CRISIS - MODULE 1: SENDING THE RIGHT SIGNALS
947930,1/10/2019,2017-2019 IN-SERVICE CYCLE-INTEGRATED TACTICS
947930,1/8/2019,EQUAL EMPLOYMENT OPPORTUNITYTRAINING - SEXUAL HARASSMENT AWARENESS AND PREVENTION
947930,12/3/2018,MARIJUANA BURNING ENFORCEMENT POLICY
947930,11/23/2018,CLT-PROCEDURAL OPERATIONS
947930,11/20/2018,CLT-HUMAN RESOURCES AND PERSONNEL MATTERS
947930,11/20/2018,CLT-PROCEDURAL OPERATIONS
947930,11/16/2018,"CLT-UNIFORMS, PERSONAL APPEARANCE AND EQUIPMENT"
947930,11/14/2018,CLT-ENFORCEMENT ACTIONS
947930,11/14/2018,CLT-MEMBER-EMPLOYEE WELLNESS
947930,11/12/2018,CLT-COUNTERTERRORISM AND INTELLIGENCE
947930,11/1/2018,CLT-OCCUPATIONAL-WORKPLACE SAFETY AND HEALTH
947930,10/31/2018,AMERICANS WITH DISABILITIES ACT (ADA)
947930,10/25/2018,CLT-TACTICAL AWARENESS AND OFFICER SAFETY
947930,10/15/2018,CLT-OCCUPATIONAL-WORKPLACE SAFETY AND HEALTH
947930,10/15/2018,RESPONDING TO PEOPLE IN CRISIS-INTRODUCTION TO CIT VIDEO SERIES
947930,10/10/2018,CLT-SPECIAL POPULATIONS
947930,10/9/2018,CLT-PROCEDURAL OPERATIONS
947930,9/27/2018,CLT-ENFORCEMENT ACTIONS
947930,9/27/2018,CLT-OCCUPATIONAL-WORKPLACE SAFETY AND HEALTH
947930,9/26/2018,CLT-PROCEDURAL OPERATIONS
947930,9/25/2018,CLT-COUNTERTERRORISM AND INTELLIGENCE
947930,9/24/2018,NYC RIGHT TO KNOW ACT LEGISLATION - PART 2
947930,9/24/2018,NYC RIGHT TO KNOW ACT LEGISLATION – PART 1
947930,9/21/2018,CLT-OCCUPATIONAL-WORKPLACE SAFETY AND HEALTH
947930,9/17/2018,CLT-LEGAL ISSUES
947930,9/6/2018,CLT-ENFORCEMENT ACTIONS
947930,9/5/2018,CLT-PROCEDURAL OPERATIONS
947930,9/3/2018,RAISE THE AGE
947930,8/22/2018,CLT-ENFORCEMENT ACTIONS
947930,8/16/2018,CLT-PROCEDURAL OPERATIONS
947930,8/10/2018,CLT-OCCUPATIONAL-WORKPLACE SAFETY AND HEALTH
947930,7/13/2018,CLT-EQUAL EMPLOYMENT OPPORTUNITY
947930,6/13/2018,CLT-OCCUPATIONAL-WORKPLACE SAFETY AND HEALTH
947930,5/21/2018,CLT-ENFORCEMENT ACTIONS
947930,5/11/2018,COMMUNICATIONS- THE PROPER USAGE OF THE IDA RADIO CODES
947930,5/9/2018,CLT-OCCUPATIONAL-WORKPLACE SAFETY AND HEALTH
947930,4/24/2018,CLT-PROFESSIONAL DEVELOPMENT
947930,4/17/2018,"CLT-INTEGRITY, ETHICS AND DISCIPLINE"
947930,4/17/2018,CLT-OCCUPATIONAL-WORKPLACE SAFETY AND HEALTH
947930,4/11/2018,CLT-HUMAN RESOURCES AND PERSONNEL MATTERS
947930,4/5/2018,CLT-PROFESSIONAL DEVELOPMENT
947930,4/2/2018,CLT-PROCEDURAL OPERATIONS
947930,3/30/2018,CLT-PROCEDURAL OPERATIONS
947930,3/30/2018,CLT-PROFESSIONAL DEVELOPMENT
947930,2/15/2018,LEGAL BUREAU PERFORMANCE METRICS - PROHIBITED CONDUCT
947930,2/13/2018,CLT-PROFESSIONAL DEVELOPMENT
947930,1/16/2018,CLT-EQUAL EMPLOYMENT OPPORTUNITY
947930,1/9/2018,CLT-EQUAL EMPLOYMENT OPPORTUNITY
947930,12/13/2017,COLLABORATIVE POLICING- FOREIGN LANGUAGE CERTIFICATION VIDEO
947930,12/13/2017,TACTICAL AWARENESS-SMARTPHONE SAFETY
947930,12/7/2017,NEW PERFORMANCE EVALUATION PROCESS
947930,12/4/2017,NARCAN NASAL SPRAY TRAINING
947930,11/30/2017,BTK (BELT TRAUMA KIT DISTRIBUTION AND FAMILIARIZATION)
947930,10/12/2017,INFORMATION SECURITY AWARENESS TRAINING
947930,9/13/2017,COLLABORATIVE POLICING- ACCESSING TELEPHONIC INTERPRETERS VIA LANGUAGE LINE
947930,9/13/2017,POLICE COMMISSIONERS MESSAGE - VICTIMS OF SEXUAL ASSAULT VIDEO
947930,9/5/2017,CRIMINAL JUSTICE REFORM ACT ROLL CALL TRAINING PART 1
947930,9/5/2017,CRIMINAL JUSTICE REFORM ACT ROLL CALL TRAINING PART 2
947930,9/5/2017,PATROL- POLYCARBONATE SHIELD
947930,7/18/2017,PERSONNEL BUREAU NYPD EMPLOYEE ASSISTANCE UNIT (EAU)
947930,6/7/2017,"CPS INTERIOR PATROL OF HOUSING AUTHORITY BUILDINGS, PG 212-60 ROLL CALL VIDEO 1"
947930,6/7/2017,"CPS INTERIOR PATROL OF HOUSING AUTHORITY BUILDINGS, PG 212-60 ROLL CALL VIDEO 2"
947930,6/7/2017,CPS INTERIOR PATROL TRESPASS AFFIDAVIT PROGRAM (TAP) VIDEO 1
947930,6/7/2017,CPS INTERIOR PATROL TRESPASS AFFIDAVIT PROGRAM (TAP) VIDEO 2
947930,5/31/2017,2016-17 INSERVICE CYCLE-PHYSICAL TACTICS
947930,5/16/2017,CRIMINAL JUSTICE REFORM ACT ROLL CALL TRAINING PART 2
947930,5/15/2017,CRIMINAL JUSTICE REFORM ACT ROLL CALL TRAINING PART 1
947930,5/8/2017,EQUAL EMPLOYMENT OPPORTUNITY TRANSGENDER DIVERSITY AND INCLUSION:EXECUTIVE ORDER 16
947930,1/17/2017,PUBLIC CONTACT AND CONSENT TO SEARCH (RIGHT TO KNOW) - UNIT TRAINING AUGUST 2016
947930,7/20/2016,INVESTIGATIVE ENCOUNTERS-VIDEO #4 DOCUMENTATION AND SUPERVISION-UNIT TRAINING JULY 2016
947930,6/20/2016,FORCE POLICY REVISION-VIDEO-PG 221-UNIT TRAINING MAY 2016
947930,6/20/2016,INVESTIGATIVE ENCOUNTERS-VIDEO #3 TERRY STOPS AND REASONABLE SUSPICION-UNIT TRAINING JUNE 2016
947930,5/21/2016,INVESTIGATIVE ENCOUNTERS-VIDEO #2 COMMON LAW RIGHT OF INQUIRY-UNIT TRAINING MAY 2016
947930,2/2/2016,INVESTIGATIVE ENCOUNTERS-VIDEO #1 REQUEST FOR INFO-UNIT TRAINING FEB 2016
947930,12/29/2015,FORCE POLICY REVISION-PAMPHLET - PG 221 - UNIT TRAINING DECEMBER 2015
947930,11/9/2015,EMERGENCY VEHICLE OPERATION JULY 07 - PRESENT
947930,11/9/2015,FIELD TRAINING PROGRAM JULY 07 - PRESENT
947930,11/9/2015,PHYSICAL EDUCATION PART 1: FOUNDATIONS OF PHYSICAL FITNESS
947930,11/9/2015,PHYSICAL EDUCATION PART 2: DEFENSIVE TACTICS JULY 07 - PRESENT
947930,11/9/2015,PHYSICAL EDUCATION PART 3: AMERICAN HEART ASSOCIATION BASIC LIFE SUPPORT
947930,11/9/2015,POLICE CRISIS INTERVENTION JULY 07 - PRESENT
947930,11/9/2015,POLICE FIELD PROBLEMS JULY 07 - PRESENT
947930,11/9/2015,POLICE INVESTIGATION AND REPORTING JULY 07 - PRESENT
947930,11/9/2015,POLICING A DEMOCRACY JULY 07 - PRESENT
947930,11/9/2015,POLICING SPECIAL POPULATIONS JULY 07 - PRESENT
947930,11/9/2015,PROCEDURAL LAW JULY 07 - PRESENT
947930,11/9/2015,SUBSTANTIVE LAW JULY 07 - PRESENT
947930,11/9/2015,TERRORISM AWARENESS AND RESPONSE JULY 07 - PRESENT
947930,10/6/2015,WINDOWS PHONE TRAINING AND DISTRIBUTION
947930,8/27/2015,COMPSTAT 2.0 - CRIME ANALYSIS TRAINING - SESSION #1
947930,3/27/2015,20K TRAINING INITIATIVE - PHYSICAL TACTICS
947930,3/20/2015,20K TRAINING INITIATIVE - PHYSICAL TACTICS
947930,3/9/2015,20K TRAINING INITIATIVE - SMART POLICING
947930,2/27/2015,20K TRAINING INITIATIVE - FOUNDATIONS OF POLICING
947930,10/30/2014,DOMAIN AWARENESS SYSTEM
947930,4/4/2013,I/NETDISPATCHER
947930,11/30/2010,PROPERTY EVIDENCE TRACKING SYSTEM
947930,5/31/2009,COBRA - COHORT TRAINING
947930,,RECRUIT RMP QUALIFICATION / RMP OPERATOR QUALIFIED
974330,1/21/2025,CLT-DOMESTIC VIOLENCE TRAINING
974330,1/20/2025,CLT-PROCEDURAL OPERATIONS
974330,1/1/2025,CLT-DOMESTIC VIOLENCE TRAINING
974330,12/15/2024,BEHAVIORAL HEALTH EMERGENCY ASSISTANCE RESPONSE DIVISION B-HEARD
974330,12/15/2024,DRIVING WHILE INTOXICATED AWARENESS VIDEO MODULE 1
974330,12/15/2024,INFORMATION SECURITY AWARENESS TRAINING 2024
974330,12/15/2024,LEAVING THE SCENE COLLISIONS INVESTIGATIVE BEST PRACTICES
974330,12/15/2024,NOTIFICATION OF ALLEGATIONS AND EMPLOYEE RIGHTS
974330,12/14/2024,CLT-OCCUPATIONAL-WORKPLACE SAFETY AND HEALTH
974330,12/2/2024,CLT-DOMESTIC VIOLENCE TRAINING
974330,11/17/2024,CLT-DOMESTIC VIOLENCE TRAINING
974330,11/5/2024,FAMILY BUILDING
974330,10/23/2024,CLT-DOMESTIC VIOLENCE TRAINING
974330,10/10/2024,CRISIS INTERVENTION TEAM TRAINING
974330,10/8/2024,CLT-PROCEDURAL OPERATIONS
974330,10/7/2024,"DEPLOYMENT OF ILLUMINATION TOOLS, STRATEGIES OF LOW LIGHT OPERATIONS - PATROL"
974330,10/4/2024,SELF-DEFENSE AND GRAPPLING TACTICS TRAINING COURSE
974330,10/1/2024,AXON CASES 2.0
974330,10/1/2024,SAFEGUARDING HOSPITALIZED PRISONERS
974330,9/30/2024,2023 SUMMER ALL-OUT BODY WORN CAMERA TRAINING
974330,9/30/2024,2024 EQUAL EMPLOYMENT OPPORTUNITY TRAINING - SEXUAL HARASSMENT AWARENESS AND PREVENTION
974330,9/30/2024,2024 VEHICLE SEIZURE FORM REFRESHER
974330,9/30/2024,ACCURATE COMPLAINT REPORT CLASSIFICATION
974330,9/30/2024,ACTIVITY LOG FOR IPHONE
974330,9/30/2024,APX NEXT PORTABLE AND RADIO DISCIPLINE TRAINING VIDEO
974330,9/30/2024,ASSISTING SURVIVORS OF SEXUAL BASED VIOLENCE WITH ACCESS TO RESOURCES
974330,9/30/2024,AUGMENTED REALITY FEATURE
974330,9/30/2024,AUTISM SPECTRUM DISORDER
974330,9/30/2024,"AXON BODY-WORN CAMERA TRAINING - CAMERA OPERATION, AXON VIEW AND EVIDENCE.COM (REQUIRED FOR LE4 COMM"
974330,9/30/2024,COLLABORATIVE POLICING - THE DEAF AND HARD OF HEARING COMMUNITY
974330,9/30/2024,COLLABORATIVE POLICING- ACCESSING TELEPHONIC INTERPRETERS VIA LANGUAGE LINE
974330,9/30/2024,COLLABORATIVE POLICING- FOREIGN LANGUAGE CERTIFICATION VIDEO
974330,9/30/2024,COMMUNICATIONS- THE PROPER USAGE OF THE IDA RADIO CODES
974330,9/30/2024,"CPS INTERIOR PATROL OF HOUSING AUTHORITY BUILDINGS, PG 212-60 ROLL CALL VIDEO 1"
974330,9/30/2024,"CPS INTERIOR PATROL OF HOUSING AUTHORITY BUILDINGS, PG 212-60 ROLL CALL VIDEO 2"
974330,9/30/2024,CPS INTERIOR PATROL TRESPASS AFFIDAVIT PROGRAM (TAP) VIDEO 1
974330,9/30/2024,CPS INTERIOR PATROL TRESPASS AFFIDAVIT PROGRAM (TAP) VIDEO 2
974330,9/30/2024,CRIMINAL JUSTICE REFORM ACT ROLL CALL TRAINING PART 2
974330,9/30/2024,DOMESTIC VIOLENCE EDUCATION AND COUNSELING
974330,9/30/2024,DRIVE SMART 2024
974330,9/30/2024,EFFECTIVE COMMUNICATION SKILLS - DEAF OR HARD OF HEARING
974330,9/30/2024,ELDER ABUSE -2023 REFRESHER
974330,9/30/2024,EMPLOYEE ASSISTANCE UNIT (E.A.U.) IS HERE FOR YOU- 2024
974330,9/30/2024,HOUSING BUREAU INTERIOR PATROL TACTICS
974330,9/30/2024,INFORMATION SECURITY AWARENESS TRAINING - 2023
974330,9/30/2024,INVESTIGATIVE ENCOUNTERS 2023: MODULE 5 SQF LEVELS 3 AND 4
974330,9/30/2024,INVESTIGATIVE ENCOUNTERS SUMMARY: SQF MODULE 6
974330,9/30/2024,LEGAL BUREAU PERFORMANCE METRICS - PROHIBITED CONDUCT
974330,9/30/2024,LEVEL 1 AND LEVEL 2 INVESTIGATIVE ENCOUNTERS
974330,9/30/2024,LGBTQIA PLUS - DIVERSITY AND INCLUSION
974330,9/30/2024,MARIJUANA BURNING ENFORCEMENT POLICY
974330,9/30/2024,MENTAL HEALTH INVOLUNTARY REMOVALS MHL 9.41 AND MHL 9.58
974330,9/30/2024,NARCAN NASAL SPRAY TRAINING
974330,9/30/2024,NEW PERFORMANCE EVALUATION PROCESS
974330,9/30/2024,NORTHWELL DIRECT FINEST CARE PROGRAM FOR UMOS
974330,9/30/2024,NYC RIGHT TO KNOW ACT LEGISLATION - PART 2
974330,9/30/2024,NYC RIGHT TO KNOW ACT LEGISLATION – PART 1
974330,9/30/2024,NYCHA INTERIOR PATROL: SQF MODULE 7
974330,9/30/2024,NYPD JOUVERT AND WEST INDIAN DAY-2023
974330,9/30/2024,NYPD RECRUITMENT TRAINING VIDEO
974330,9/30/2024,OPIOID DANGERS- FENTANYL AND CARFENTANIL
974330,9/30/2024,P.A. RECRUIT NYPD COMPUTER USE POLICY AND MONITORING NOTICE
974330,9/30/2024,PATROL- POLYCARBONATE SHIELD
974330,9/30/2024,PERSONNEL BUREAU NYPD EMPLOYEE ASSISTANCE UNIT (EAU)
974330,9/30/2024,POLICE COMMISSIONERS MESSAGE - VICTIMS OF SEXUAL ASSAULT VIDEO
974330,9/30/2024,POLICING THE SUBWAY 2024
974330,9/30/2024,RACIAL PROFILING AND BIASED BASED POLICING: SQF MODULE 8
974330,9/30/2024,RAISE THE AGE
974330,9/30/2024,RAPE IS RAPE
974330,9/30/2024,RESPONDING TO PEOPLE IN CRISIS - MODULE 1: SENDING THE RIGHT SIGNALS
974330,9/30/2024,RESPONDING TO PEOPLE IN CRISIS - MODULES 2 AND 3: ACTIVE LISTENING PARTS 1 AND 2
974330,9/30/2024,RESPONDING TO PEOPLE IN CRISIS – MODULE 4: USING DEPARTMENT MOBILE DIGITAL DEVICES
974330,9/30/2024,RESPONDING TO PEOPLE IN CRISIS-INTRODUCTION TO CIT VIDEO SERIES
974330,9/30/2024,SAFEGUARDING PRISONERS - OFFICER SAFETY GUIDELINES
974330,9/30/2024,"SUPPORT SERVICES DIVISION - CLASS ""C"" OPERATOR"
974330,9/30/2024,TACTICAL AWARENESS-SMARTPHONE SAFETY
974330,9/30/2024,TACTICS WHEN ENGAGING INDIVIDUALS IN A MENTAL HEALTH CRISIS
974330,9/30/2024,TRAFFIC COURT TESTIMONY VIDEO
974330,9/30/2024,TRAINING BUREAU - ACCREDITATION FAMILIARIZATION TRAINING
974330,9/30/2024,TRANSIT BUREAU - TIMELY RESUMPTION OF SERVICE IN NYC TRANSIT
974330,9/30/2024,UNMANNED AIRCRAFT PERMIT: DRONES FOR PUBLIC USE
974330,9/30/2024,UNMANNED AIRCRAFT SYSTEMS VISUAL OBSERVER
974330,9/30/2024,VEHICLE MOUNTED VIDEO SYSTEM
974330,5/24/2023,CJB - DESK APPEARANCE TICKETS: THE NEW LAWS AND GUIDELINES FOR PROCESSING DATS
974330,5/24/2023,CJB - OVERVIEW OF THE NEW DISCOVERY LAWS
974330,5/24/2023,COLLABORATIVE POLICING - MEDIATION REFERRAL PROGRAM FOR NON-CRIMINAL COMPLAINTS
974330,5/24/2023,CRIMINAL JUSTICE BUREAU - DNA TRAINING VIDEO
974330,5/24/2023,CRIMINAL JUSTICE BUREAU - GIGLIO MATERIAL DISCLOSURES UNDER THE NEW DISCOVERY LAWS
974330,5/24/2023,CRIMINAL JUSTICE REFORM ACT ROLL CALL TRAINING PART 1
974330,5/24/2023,CRITICAL DECISION MAKING MODEL
974330,5/24/2023,HEALTH AND WELLNESS SECTION - MODULE 1 - PSYCHOLOGICAL HEALTH AND WELLNESS
974330,5/24/2023,HEALTH AND WELLNESS SECTION - MODULE 2 - JOB COUNSELING AND STRESS
974330,5/24/2023,HEALTH AND WELLNESS SECTION - MODULE 5 - GAINING PERSPECTIVE
974330,5/24/2023,HEALTH AND WELLNESS SECTION - MODULE 6 - COPING WITH SIGNS OF ANXIETY DEPRESSION
974330,5/24/2023,MARIJUANA POLICY UPDATE
974330,5/24/2023,TRANSIT BUREAU - SAFETY CONSIDERATIONS FOR PATROLLING THE NYC SUBWAY SYSTEM - PART 2
974330,5/24/2023,WORLDPRIDE NYC 2019
974330,5/22/2023,CROSSFIRE MITIGATION DURING CLOSE COMBAT INCIDENTS
974330,5/22/2023,CROSSFIRE MITIGATION DURING CLOSE COMBAT INCIDENTS - PART 2
974330,5/22/2023,HEALTH AND WELLNESS SECTION - MODULE 3 - WARNING SIGNS
974330,5/22/2023,HEALTH AND WELLNESS SECTION - MODULE 4 - CUMULATIVE TRAUMA
974330,5/22/2023,PROCESSING DISCOVERY MATERIAL IN THE FORMS ARREST FOLDER
974330,5/22/2023,RESPONDING TO COMMERCIAL ROBBERIES PART LL - MODULE 1 AND MODULE 2
974330,5/21/2023,2023 EQUAL EMPLOYMENT OPPORTUNITY TRAINING-SEXUAL HARASSMENT AWARENESS AND PREVENTION
974330,5/21/2023,2023 LANGUAGE MATTERS - FOSTERING A POSITIVE WORK ENVIRONMENT
974330,5/21/2023,ARRESTS - RELIGIOUS HEAD COVERING GUIDELINES (PG 208-83)
974330,5/21/2023,BELT-WORN TRAUMA KIT REFRESHER TRAINING VIDEO-2022
974330,5/21/2023,BODY-WORN CAMERA REVIEW PART ONE
974330,5/21/2023,BODY-WORN CAMERA REVIEW PART TWO
974330,5/21/2023,COVID VACCINE DISTRIBUTION AND EDUCATION
974330,5/21/2023,COVID-19: PREPAREDENESS
974330,5/21/2023,COVID-19: PREPAREDNESS YOUR FAMILY AND HOME
974330,5/21/2023,COVID-19: PROTECTIVE MASKS
974330,5/21/2023,DESK APPEARANCE TICKETS: THE NEW LAW AND THE NEW GUIDELINES FOR PROCESSING DAT'S - 2021 REFRESHER
974330,5/21/2023,DISCHARGING YOUR FIREARM AT A MOVING THREAT
974330,5/21/2023,EMPLOYEE ASSISTANCE UNIT-2021
974330,5/21/2023,EQUAL EMPLOYMENT OPPORTUNITY TRAINING - LEAVE TO EXPRESS BREAST MILK
974330,5/21/2023,ESPER POLICY LIBRARY
974330,5/21/2023,FORCE POLICY UPDATE VIDEO
974330,5/21/2023,HEALTH AND WELLNESS SECTION - MODULE 10 - SEEKING AND RECEIVING MENTAL HEALTH SUPPORT
974330,5/21/2023,HEALTH AND WELLNESS SECTION - MODULE 11 - HEALTH AND RESILIENCY
974330,5/21/2023,HEALTH AND WELLNESS SECTION - MODULE 12 - IN THAT DARK PLACE - AN OFFICER'S JOURNEY
974330,5/21/2023,HEALTH AND WELLNESS SECTION - MODULE 7 - LEADING WITH COMPASSION
974330,5/21/2023,"HEALTH AND WELLNESS SECTION - MODULE 8 - WARNING SIGNS, SUPPORT AND OUTREACH"
974330,5/21/2023,HEALTH AND WELLNESS SECTION - MODULE 9 - MANAGING STRESS ON THE JOB
974330,5/21/2023,IDENTIFYING THE IMPAIRED DRIVER
974330,5/21/2023,ILLEGAL EVICTIONS
974330,5/21/2023,INVESTIGATIVE ENCOUNTERS 2023 - MODULE 1 INTRODUCTION TO SQF
974330,5/21/2023,INVESTIGATIVE ENCOUNTERS 2023: MODULE 2 SQF LEVEL 1
974330,5/21/2023,INVESTIGATIVE ENCOUNTERS 2023: MODULE 3 SQF LEVEL 2
974330,5/21/2023,"INVESTIGATIVE ENCOUNTERS 2023: MODULE 4 SQF LEVELS 2, 3 AND 4"
974330,5/21/2023,LEGAL BUREAU - PERJURY TRAINING MODULE
974330,5/21/2023,LGBTQIA PLUS AWARENESS
974330,5/21/2023,LOCAL LAW 45 OF 2021-TRAFFIC ENCOUNTERS
974330,5/21/2023,MAYOR EXECUTIVE ORDER 78 VACCINATION - TESTING COMPLIANCE POLICY
974330,5/21/2023,NATIONAL INCIDENT-BASED REPORTING SYSTEM (NIBRS) UPDATES TO THE OMNIFORM COMPLAINT SYSTEMV
974330,5/21/2023,NYPD JOUVERT  WEST INDIAN DAY
974330,5/21/2023,NYPD-U VOLUNTARY - INVOLUNTARY TRANSPORTS
974330,5/21/2023,OPIOID OVERDOSE RECOGNITION AND NARCAN ADMINISTRATION -2021
974330,5/21/2023,OVERVIEW OF THE NEW DISCOVERY LAWS 2021 REFRESHER
974330,5/21/2023,PATROL GUIDE 215-17 POLICE ACTIONS RELATED QUESTIONING ARRESTS AND INVESTIGATIONS AT A NYC DEPARTMEN
974330,5/21/2023,PROCESSING CIVILIAN COMPLAINTS
974330,5/21/2023,RAISING THE LOWER AGE OF JUVENILE DELINQUENCY
974330,5/21/2023,RECRUIT SUPPLEMENTAL-OFFICER SAFETY
974330,5/21/2023,RESPONDING TO COMMERCIAL ROBBERIES
974330,5/21/2023,SAFETY CONSIDERATIONS FOR PATROLLING THE NYC SUBWAY SYSTEM -DANGERS OF THE PLATFORM EDGE
974330,5/21/2023,THE EMPLOYEE ASSISTANCE UNIT (EAU) IS HERE FOR YOU
974330,5/21/2023,TRANSIT BUREAU - SAFETY CONSIDERATIONS FOR PATROLLING THE NYC SUBWAY SYSTEM
974330,5/21/2023,UTILIZING BALLISTIC PROTECTION IN DEPARTMENT VEHICLES (4:09)
974330,5/21/2023,VICTIM BLAMING AND RELEASE OF INFORMATION TO THE MEDIA
974330,5/21/2023,VIDEO 1 - PATROLLING THE NYC SUBWAY SYSTEM 2022
974330,5/21/2023,VIDEO 2 -TACTICAL CONSIDERATIONS FOR TRANSIT PATROL 2022 (PART 1)
974330,5/21/2023,VIDEO 3 - TACTICAL CONSIDERATIONS FOR TRANSIT PATROL 2022 (PART 2)
974330,5/21/2023,VIDEO 4 - PLATFORM SAFETY 2022
974330,3/2/2023,INFORMATION SECURITY CRIMINAL JUSTICE TRAINING 2023
974330,10/13/2022,RTS ACADEMIC - CIVIL DISORDER OFFENSES
974330,10/13/2022,RTS ACADEMIC - CRIMES AGAINST PERSONS
974330,10/13/2022,RTS ACADEMIC - CUSTODIAL OFFENSES
974330,10/13/2022,RTS ACADEMIC - DRUG OFFENSES
974330,10/13/2022,RTS ACADEMIC - INTEGRITY CRIMES AND CIVIL LIABILITIES
974330,10/13/2022,RTS ACADEMIC - INTERROGATION AND IDENTIFICATION
974330,10/13/2022,RTS ACADEMIC - INTRODUCTION TO PENAL LAW
974330,10/13/2022,RTS ACADEMIC - PROPERTY CRIMES
974330,10/13/2022,RTS ACADEMIC - SEARCH AND SEIZURE
974330,10/13/2022,RTS ACADEMIC - SEX OFFENSES
974330,10/13/2022,RTS ACADEMIC - THEFT OFFENSES
974330,10/13/2022,RTS ACADEMIC - WEAPONS OFFENSES
974330,10/12/2022,CAR STOP TACTICS FOR PATROL OFFICERS - MODULE 1: CONTROLLING THE STOP
974330,10/12/2022,CAR STOP TACTICS FOR PATROL OFFICERS - MODULE 2: PROHIBITED MANEUVERS
974330,10/3/2022,POLICE ACADEMY RECRUIT 3RD TRIMESTER EXAM
974330,9/29/2022,HIGHWAY DRUG IMPAIRED DRIVING COURSE
974330,9/29/2022,HIGHWAY PRELIMINARY BREATH TEST INSTRUMENT TRAINING - PBT
974330,9/27/2022,CONSTITUTIONAL POLICING AT COMMUNITY EVENTS (CPACE)
974330,9/26/2022,RTS ACADEMIC - INTERIOR PATROL
974330,9/26/2022,RTS ACADEMIC - MAINTAINING PUBLIC ORDER
974330,9/26/2022,RTS ACADEMIC - TRANSIT OPERATIONS
974330,9/22/2022,RTS ACADEMIC - POLICING WITH INTEGRITY
974330,9/21/2022,RECRUIT RMP QUALIFICATION / RMP OPERATOR QUALIFIED
974330,9/15/2022,RTS ACADEMIC - AUTO-RELATED PROCEDURES AND CRIMES PART 1
974330,9/15/2022,RTS ACADEMIC - AUTO-RELATED PROCEDURES AND CRIMES PART 2
974330,9/15/2022,RTS ACADEMIC - SUMMONSES
974330,9/8/2022,FIRST AID WRITEN EXAM
974330,9/8/2022,RTS ACADEMIC - POLICING WITH INTEGRITY
974330,9/7/2022,PTTD DEFENSIVE TACTICS PRACTICAL EXAM
974330,8/29/2022,RTS ACADEMIC - CHILDREN AND ADOLESCENTS
974330,8/19/2022,RECRUIT RAPID DEPLOYMENT-ACTIVE SHOOTER
974330,8/17/2022,2022 EQUAL EMPLOYMENT OPPORTUNITY TRAINING-SEXUAL HARASSMENT AWARENESS AND PREVENTION
974330,8/17/2022,CONVICTED OFFENDER DNA DATABANK SPECIMEN COLLECTION KIT
974330,8/17/2022,VEHICLE SEIZURE FORM
974330,8/15/2022,POLICE ACADEMY RECRUIT 2ND TRIMESTER EXAM
974330,8/12/2022,POLICE ACADEMY RECRUIT JUSTIFICATION WRITTEN EXAM
974330,8/10/2022,FIREARMS 5 DAY TACTICAL APPLICATION V2
974330,8/8/2022,RTS ACADEMIC - ARREST PROCESSING
974330,8/8/2022,RTS ACADEMIC - COLLECTING AND PROCESSING EVIDENCE
974330,8/8/2022,RTS ACADEMIC - COURT APPEARANCES
974330,8/8/2022,RTS ACADEMIC - POLICE FIELD COMMUNICATIONS
974330,7/27/2022,BEST PRACTICES IN STRUCTURED INTERVIEWING
974330,7/22/2022,RTS ACADEMIC - DOMESTIC VIOLENCE
974330,7/21/2022,GROUND TACTICS
974330,7/15/2022,OFF DUTY PISTOL CERTIFIED
974330,7/15/2022,RECRUIT TACTICAL FIREARMS QUALIFICATION AND TRAINING OFF DUTY PISTOL CERTIFIED
974330,7/14/2022,PTTD C.P.R. / A.E.D. WRITTEN EXAM
974330,7/12/2022,FTS - CEW END USER CERTIFICATION
974330,7/4/2022,PTTD WEAPONS DEFENSE
974330,7/1/2022,FTS - DCJS RECRUIT BASIC FIREARMS REQUALIFICATION (PQC)
974330,6/27/2022,RTS ACADEMIC - POLICING THE EMOTIONALLY DISTURBED
974330,6/17/2022,BATON
974330,6/16/2022,PTTD EXPANDABLE BATON
974330,6/15/2022,PTTD CPR PRACTICAL EXAM
974330,6/14/2022,FRISKING AND HANDCUFFING
974330,6/10/2022,"PTTD CARDIO ENDURANCE TEST, 1ST ATTEMPT"
974330,6/9/2022,RTS ACADEMIC - SEARCH AND SEIZURE
974330,6/3/2022,RTS ACADEMIC - PEOPLE IN CRISIS
974330,6/2/2022,RTS ACADEMIC - FAIR AND IMPARCIAL POLICING
974330,5/31/2022,JOB STANDARDS TEST ATTEMPT #1
974330,5/27/2022,POLICE ACADEMY RECRUIT 1ST TRIMESTER EXAM
974330,5/27/2022,RTS ACADEMIC - STRESS MANAGEMENT FOR POLICE OFFICERS
974330,5/26/2022,POLICE ACADEMY RECRUIT STOP QUESTION & FRISK WRITTEN EXAM
974330,5/25/2022,RTS ACADEMIC - GENERAL REGULATIONS
974330,5/25/2022,RTS ACADEMIC - INTRO TO NYPD
974330,5/25/2022,RTS ACADEMIC - INVESTIGATION AND REPORT WRITING
974330,5/24/2022,PROHIBITED METHODS OF RESTRAINT
974330,5/24/2022,RTS ACADEMIC - POLICING A MULTICULTURAL SOCIETY
974330,5/24/2022,RTS ACADEMIC - USE OF FORCE
974330,5/20/2022,POLICE ACADEMY RECRUIT 1ST TRIMESTER PRACTICE WRITTEN EXAM
974330,5/18/2022,RTS ACADEMIC - NEIGHBORHOOD POLICING
974330,5/16/2022,RECRUIT SUPPLEMENTAL-PROCEDURAL JUSTICE AND NEIGHBORHOOD POLICING
974330,5/12/2022,PTTD DEFENSIVE TACTICS PRACTICAL EXAM
974330,5/12/2022,RTS ACADEMIC - POLICING IMPARTIALLY
974330,5/10/2022,RTS ACADEMIC - AUTHORITY TO ARREST
974330,5/4/2022,RTS ACADEMIC - DISCRETION
974330,5/4/2022,RTS ACADEMIC - POLICING LEGALLY
974330,4/28/2022,RTS ACADEMIC - POLICING PROFESSIONALLY
974330,4/25/2022,RTS ACADEMIC - INTRODUCTION TO LAW AND JUSTICE
974330,4/21/2022,RTS ACADEMIC - INTRODUCTION TO PUBLIC SERVICE
974330,4/15/2022,2022 EQUAL EMPLOYMENT OPPORTUNITY TRAINING-SEXUAL HARASSMENT AWARENESS AND PREVENTION
974330,4/15/2022,EQUAL EMPLOYMENT OPPORTUNITY FOR NEW HIRES
974330,4/13/2022,ACTIVE BYSTANDERSHIP FOR LAW ENFORCEMENT (ABLE): ONE DAY COURSE
974330,4/13/2022,BTK (BELT TRAUMA KIT DISTRIBUTION AND FAMILIARIZATION)
974330,4/13/2022,RECRUIT TRAINING - CONSTITUTIONAL POLICING - DAY ONE
974330,4/13/2022,RECRUIT TRAINING - CONSTITUTIONAL POLICING - DAY TWO
974330,11/9/2015,EMERGENCY VEHICLE OPERATION JULY 07 - PRESENT
974330,11/9/2015,FIELD TRAINING PROGRAM JULY 07 - PRESENT
974330,11/9/2015,PHYSICAL EDUCATION PART 1: FOUNDATIONS OF PHYSICAL FITNESS
974330,11/9/2015,PHYSICAL EDUCATION PART 2: DEFENSIVE TACTICS JULY 07 - PRESENT
974330,11/9/2015,PHYSICAL EDUCATION PART 3: AMERICAN HEART ASSOCIATION BASIC LIFE SUPPORT
974330,11/9/2015,POLICE CRISIS INTERVENTION JULY 07 - PRESENT
974330,11/9/2015,POLICE FIELD PROBLEMS JULY 07 - PRESENT
974330,11/9/2015,POLICE INVESTIGATION AND REPORTING JULY 07 - PRESENT
974330,11/9/2015,POLICING A DEMOCRACY JULY 07 - PRESENT
974330,11/9/2015,POLICING SPECIAL POPULATIONS JULY 07 - PRESENT
974330,11/9/2015,PROCEDURAL LAW JULY 07 - PRESENT
974330,11/9/2015,SUBSTANTIVE LAW JULY 07 - PRESENT
974330,11/9/2015,TERRORISM AWARENESS AND RESPONSE JULY 07 - PRESENT
956906,10/28/2025,POLICING FIRST AMENDMENT ACTIVITY
956906,9/16/2025,INTRODUCTION TO THE NEW 311 RADIO CODE
956906,8/27/2025,NYPD JOUVERT AND WEST INDIAN DAY-2025
956906,7/22/2025,BLASTT – BASIC LIFE SUPPORT AND TRAUMA TREATMENT
956906,7/15/2025,"INVESTIGATIVE ENCOUNTERS 2023: MODULE 4 SQF LEVELS 2, 3 AND 4"
956906,7/15/2025,INVESTIGATIVE ENCOUNTERS SUMMARY: SQF MODULE 6
956906,7/15/2025,NYCHA INTERIOR PATROL: SQF MODULE 7
956906,7/15/2025,PATROL TACTICS
956906,7/15/2025,RACIAL PROFILING AND BIASED BASED POLICING: SQF MODULE 8
956906,7/11/2025,RIGHT TO KNOW ACT SQF MODULE 9
956906,7/11/2025,SQF REVIEW AND DOCUMENTATION: SQF MODULE 10
956906,7/10/2025,INVESTIGATIVE ENCOUNTERS 2023: MODULE 5 SQF LEVELS 3 AND 4
956906,6/24/2025,EAU 2025 POLICE COMMISSIONER JESSICA S. TISCH
956906,6/19/2025,2024 VEHICLE SEIZURE FORM REFRESHER
956906,6/19/2025,2025 IDENTIFYING THE IMPAIRED DRIVER REFRESHER
956906,6/19/2025,ACCURATE COMPLAINT REPORT CLASSIFICATION
956906,6/19/2025,ACTIVE SHOOTER - SCHOOL RESPONSE PROTOCOL
956906,6/19/2025,APX NEXT PORTABLE AND RADIO DISCIPLINE TRAINING VIDEO
956906,6/19/2025,ARRESTS - RELIGIOUS HEAD COVERING GUIDELINES (PG 208-83)
956906,6/19/2025,AUTISM SPECTRUM DISORDER
956906,6/19/2025,BODY-WORN CAMERA REVIEW PART ONE
956906,6/16/2025,2025 BWC PROFICIENCY TRAINING
956906,6/3/2025,INVESTIGATIVE ENCOUNTERS 2023: MODULE 3 SQF LEVEL 2
956906,6/1/2025,INVESTIGATIVE ENCOUNTERS 2023 - MODULE 1 INTRODUCTION TO SQF
956906,6/1/2025,INVESTIGATIVE ENCOUNTERS 2023: MODULE 2 SQF LEVEL 1
956906,5/20/2025,2025 EQUAL EMPLOYMENT OPPORTUNITY TRAINING - SEXUAL HARASSMENT AWARENESS AND PREVENTION
956906,3/19/2025,FTS - CEW TASER 7 TRANSITION COURSE
956906,3/19/2025,FTS - TASER 7 HOLSTER DISTRIBUTION
956906,1/30/2025,VEHICLE PURSUITS
956906,11/17/2024,DRIVING WHILE INTOXICATED AWARENESS VIDEO MODULE 1
956906,10/14/2024,NORTHWELL DIRECT FINEST CARE PROGRAM FOR UMOS
956906,10/7/2024,FAMILY BUILDING
956906,10/7/2024,UNMANNED AIRCRAFT PERMIT: DRONES FOR PUBLIC USE
956906,8/22/2024,RAPE IS RAPE
956906,7/18/2024,EMPLOYEE ASSISTANCE UNIT (E.A.U.) IS HERE FOR YOU- 2024
956906,7/9/2024,2024 EQUAL EMPLOYMENT OPPORTUNITY TRAINING - SEXUAL HARASSMENT AWARENESS AND PREVENTION
956906,6/30/2024,ASSISTING SURVIVORS OF SEXUAL BASED VIOLENCE WITH ACCESS TO RESOURCES
956906,6/20/2024,LEVEL 1 AND LEVEL 2 INVESTIGATIVE ENCOUNTERS
956906,4/21/2024,POLICING THE SUBWAY 2024
956906,2/27/2024,LGBTQIA PLUS - DIVERSITY AND INCLUSION
956906,1/22/2024,2023 SUMMER ALL-OUT BODY WORN CAMERA TRAINING
956906,11/16/2023,FTS - ANNUAL CEW RECERTIFICATION
956906,8/24/2023,NYPD JOUVERT AND WEST INDIAN DAY-2023
956906,6/11/2023,2023 EQUAL EMPLOYMENT OPPORTUNITY TRAINING-SEXUAL HARASSMENT AWARENESS AND PREVENTION
956906,6/11/2023,2023 LANGUAGE MATTERS - FOSTERING A POSITIVE WORK ENVIRONMENT
956906,2/28/2023,NYPD-U VOLUNTARY - INVOLUNTARY TRANSPORTS
956906,1/20/2023,RAISING THE LOWER AGE OF JUVENILE DELINQUENCY
956906,9/1/2022,NYPD JOUVERT  WEST INDIAN DAY
956906,8/19/2022,2022 EQUAL EMPLOYMENT OPPORTUNITY TRAINING-SEXUAL HARASSMENT AWARENESS AND PREVENTION
956906,7/30/2022,BEST PRACTICES IN STRUCTURED INTERVIEWING
956906,7/28/2022,CAR STOP TACTICS FOR PATROL OFFICERS - MODULE 3: THE UNKNOWN RISK STOP
956906,7/26/2022,CAR STOP TACTICS FOR PATROL OFFICERS - MODULE 1: CONTROLLING THE STOP
956906,7/26/2022,CAR STOP TACTICS FOR PATROL OFFICERS - MODULE 4: THE HIGH-RISK STOP
956906,7/26/2022,NATIONAL INCIDENT-BASED REPORTING SYSTEM (NIBRS) UPDATES TO THE OMNIFORM COMPLAINT SYSTEMV
956906,10/22/2021,DETECTIVE BUREAU SPECIAL VICTIMS INVESTIGATORS COURSE
956906,9/18/2021,INFORMATION SECURITY AWARENESS TRAINING 2021
956906,9/15/2021,MAYOR EXECUTIVE ORDER 78 VACCINATION - TESTING COMPLIANCE POLICY
956906,9/14/2021,FTS - ANNUAL CEW RECERTIFICATION
956906,9/7/2021,ACTIVE BYSTANDERSHIP FOR LAW ENFORCEMENT (ABLE): ONE DAY COURSE
956906,8/25/2021,EQUAL EMPLOYMENT OPPORTUNITY TRAINING - SEXUAL HARASSMENT AWARENESS AND PREVENTION 2021
956906,8/2/2021,CRIMINAL INVESTIGATORS COURSE
956906,7/19/2021,INTERVIEW ROOM-AXON TRAINING BUREAU
956906,5/3/2021,EQUAL EMPLOYMENT OPPORTUNITY TRAINING - LGBTQIA+ DIVERSITY AND INCLUSION / EXECUTIVE ORDER 16 OF 201
956906,3/27/2021,DESK APPEARANCE TICKETS: THE NEW LAW AND THE NEW GUIDELINES FOR PROCESSING DAT'S - 2021 REFRESHER
956906,1/22/2021,COVID VACCINE DISTRIBUTION AND EDUCATION
956906,1/14/2021,EQUAL EMPLOYMENT OPPORTUNITY TRAINING - LEAVE TO EXPRESS BREAST MILK
956906,8/21/2020,CONSTITUTIONAL POLICING AT COMMUNITY EVENTS (CPACE)
956906,8/12/2020,HEALTH AND WELLNESS SECTION - MODULE 11 - HEALTH AND RESILIENCY
956906,8/12/2020,HEALTH AND WELLNESS SECTION - MODULE 2 - JOB COUNSELING AND STRESS
956906,8/12/2020,HEALTH AND WELLNESS SECTION - MODULE 3 - WARNING SIGNS
956906,8/12/2020,HEALTH AND WELLNESS SECTION - MODULE 4 - CUMULATIVE TRAUMA
956906,8/12/2020,HEALTH AND WELLNESS SECTION - MODULE 5 - GAINING PERSPECTIVE
956906,8/12/2020,HEALTH AND WELLNESS SECTION - MODULE 6 - COPING WITH SIGNS OF ANXIETY DEPRESSION
956906,8/12/2020,HEALTH AND WELLNESS SECTION - MODULE 7 - LEADING WITH COMPASSION
956906,8/12/2020,"HEALTH AND WELLNESS SECTION - MODULE 8 - WARNING SIGNS, SUPPORT AND OUTREACH"
956906,8/12/2020,HEALTH AND WELLNESS SECTION - MODULE 9 - MANAGING STRESS ON THE JOB
956906,8/12/2020,POLICE COMMISSIONERS MESSAGE - VICTIMS OF SEXUAL ASSAULT VIDEO
956906,8/2/2020,HEALTH AND WELLNESS SECTION - MODULE 1 - PSYCHOLOGICAL HEALTH AND WELLNESS
956906,8/2/2020,HEALTH AND WELLNESS SECTION - MODULE 10 - SEEKING AND RECEIVING MENTAL HEALTH SUPPORT
956906,7/15/2020,"EQUAL EMPLOYMENT OPPORTUNITY TRAINING - SEXUAL HARASSMENT, AWARENESS AND PREVENTION"
956906,7/15/2020,VICTIM BLAMING AND RELEASE OF INFORMATION TO THE MEDIA
956906,7/8/2020,CLT-OCCUPATIONAL-WORKPLACE SAFETY AND HEALTH
956906,7/6/2020,CLT-DOCUMENTATION AND FORMS
956906,7/1/2020,NEW LAWS AFFECTING POLICE OFFICERS’ CRIMINAL AND CIVIL LIABILITY
956906,6/24/2020,CLT-INFORMATION TECHNOLOGY
956906,6/22/2020,HEALTH AND WELLNESS SECTION - MODULE 12 - IN THAT DARK PLACE - AN OFFICER'S JOURNEY
956906,6/16/2020,CLT-DOCUMENTATION AND FORMS
956906,6/1/2020,CLT-OCCUPATIONAL-WORKPLACE SAFETY AND HEALTH
956906,5/28/2020,COVID-19: PREPAREDNESS YOUR FAMILY AND HOME
956906,5/14/2020,COVID-19: PREPAREDENESS
956906,5/14/2020,COVID-19: PROTECTIVE MASKS
956906,5/8/2020,CLT-PROCEDURAL OPERATIONS
956906,5/8/2020,PROCESSING DISCOVERY MATERIAL IN THE FORMS ARREST FOLDER
956906,5/6/2020,CLT-PROCEDURAL OPERATIONS
956906,5/1/2020,CLT-PROCEDURAL OPERATIONS
956906,4/29/2020,CLT-INFORMATION TECHNOLOGY
956906,4/29/2020,SAFETY CONSIDERATIONS FOR PATROLLING THE NYC SUBWAY SYSTEM -DANGERS OF THE PLATFORM EDGE
956906,4/22/2020,CLT-TACTICAL AWARENESS AND OFFICER SAFETY
956906,3/12/2020,CLT-DOCUMENTATION AND FORMS
956906,3/10/2020,CLT-ENFORCEMENT ACTIONS
956906,3/2/2020,CRIMINAL JUSTICE BUREAU - GIGLIO MATERIAL DISCLOSURES UNDER THE NEW DISCOVERY LAWS
956906,3/2/2020,UTILIZING BALLISTIC PROTECTION IN DEPARTMENT VEHICLES (4:09)
956906,2/21/2020,CLT-DOCUMENTATION AND FORMS
956906,2/21/2020,FTS - TACTICAL TRAINING CENTER 069 PCT - SESSION 2
956906,2/7/2020,CLT-OCCUPATIONAL-WORKPLACE SAFETY AND HEALTH
956906,2/7/2020,CLT-PROCEDURAL OPERATIONS
956906,1/30/2020,CLT-INFORMATION TECHNOLOGY
956906,1/29/2020,CLT-DOCUMENTATION AND FORMS
956906,1/23/2020,CLT-PROPERTY
956906,1/22/2020,CLT-CRIME CONTROL STRATEGIES AND PROBLEM SOLVING
956906,1/22/2020,CLT-INFORMATION TECHNOLOGY
956906,1/17/2020,CLT-INFORMATION TECHNOLOGY
956906,1/14/2020,CLT-INFORMATION TECHNOLOGY
956906,1/9/2020,CROSSFIRE MITIGATION DURING CLOSE COMBAT INCIDENTS - PART 2
956906,1/2/2020,CLT-PROCEDURAL OPERATIONS
956906,12/30/2019,CLT-PROCEDURAL OPERATIONS
956906,12/18/2019,CLT-PROCEDURAL OPERATIONS
956906,12/18/2019,FTS - TACTICAL TRAINING CENTER 069 PCT - SESSION 2
956906,12/16/2019,CLT-ENFORCEMENT ACTIONS
956906,12/12/2019,CLT-LEGAL ISSUES
956906,12/11/2019,ACTIVITY LOG FOR IPHONE
956906,12/10/2019,CLT-LEGAL ISSUES
956906,12/9/2019,CROSSFIRE MITIGATION DURING CLOSE COMBAT INCIDENTS
956906,12/9/2019,RESPONDING TO COMMERCIAL ROBBERIES PART LL - MODULE 1 AND MODULE 2
956906,12/4/2019,CLT-PROCEDURAL OPERATIONS
956906,12/2/2019,CJB - DESK APPEARANCE TICKETS: THE NEW LAWS AND GUIDELINES FOR PROCESSING DATS
956906,12/2/2019,CJB - OVERVIEW OF THE NEW DISCOVERY LAWS
956906,12/2/2019,CLT-OCCUPATIONAL-WORKPLACE SAFETY AND HEALTH
956906,11/24/2019,DISCHARGING YOUR FIREARM AT A MOVING THREAT
956906,11/15/2019,CLT-DOCUMENTATION AND FORMS
956906,11/12/2019,FTS - BALLISTIC VEST REPLACEMENT - DISTRIBUTION - PRE AUGUST 2020
956906,11/1/2019,CLT-OCCUPATIONAL-WORKPLACE SAFETY AND HEALTH
956906,10/28/2019,CLT-DOCUMENTATION AND FORMS
956906,10/24/2019,CLT-INFORMATION TECHNOLOGY
956906,10/24/2019,CRIMINAL JUSTICE BUREAU - DNA TRAINING VIDEO
956906,10/24/2019,FORCE POLICY UPDATE VIDEO
956906,10/12/2019,PRISONER ESCAPE WARNING SIGNS
956906,10/11/2019,CLT-OCCUPATIONAL-WORKPLACE SAFETY AND HEALTH
956906,10/9/2019,CLT-PROCEDURAL OPERATIONS
956906,10/2/2019,CLT-PROCEDURAL OPERATIONS
956906,10/2/2019,COLLABORATIVE POLICING- FOREIGN LANGUAGE CERTIFICATION VIDEO
956906,10/2/2019,COMMUNICATIONS- THE PROPER USAGE OF THE IDA RADIO CODES
956906,10/2/2019,CRITICAL DECISION MAKING MODEL
956906,10/2/2019,MARIJUANA POLICY UPDATE
956906,10/2/2019,NARCAN NASAL SPRAY TRAINING
956906,9/27/2019,CLT-DOCUMENTATION AND FORMS
956906,9/26/2019,CLT-PROCEDURAL OPERATIONS
956906,9/20/2019,CLT-DOCUMENTATION AND FORMS
956906,9/19/2019,CLT-DOCUMENTATION AND FORMS
956906,9/18/2019,FTS - ANNUAL CEW RECERTIFICATION
956906,9/16/2019,CLT-PROCEDURAL OPERATIONS
956906,9/12/2019,FTS - BALLISTIC VEST REPLACEMENT - MEASUREMENT - PRE AUG 2020
956906,9/11/2019,DOMESTIC VIOLENCE EDUCATION AND COUNSELING
956906,8/29/2019,SHIELD OF RESILIENCE TRAINING COURSE
956906,8/28/2019,RESPONDING TO COMMERCIAL ROBBERIES
956906,8/12/2019,CLT-DOCUMENTATION AND FORMS
956906,8/6/2019,CLT-OCCUPATIONAL-WORKPLACE SAFETY AND HEALTH
956906,7/30/2019,CLT-DOCUMENTATION AND FORMS
956906,7/12/2019,CLT-OCCUPATIONAL-WORKPLACE SAFETY AND HEALTH
956906,7/12/2019,RESPONDING TO PEOPLE IN CRISIS – MODULE 4: USING DEPARTMENT MOBILE DIGITAL DEVICES
956906,7/12/2019,TRANSIT BUREAU - SAFETY CONSIDERATIONS FOR PATROLLING THE NYC SUBWAY SYSTEM
956906,7/12/2019,TRANSIT BUREAU - SAFETY CONSIDERATIONS FOR PATROLLING THE NYC SUBWAY SYSTEM - PART 2
956906,7/12/2019,TRANSIT BUREAU - TIMELY RESUMPTION OF SERVICE IN NYC TRANSIT
956906,7/8/2019,CLT-ENFORCEMENT ACTIONS
956906,6/26/2019,CLT-TACTICAL AWARENESS AND OFFICER SAFETY
956906,6/26/2019,COLLABORATIVE POLICING - MEDIATION REFERRAL PROGRAM FOR NON-CRIMINAL COMPLAINTS
956906,6/26/2019,DISCUSSION - BASED LEARNING MODULE # 1-3
956906,6/14/2019,CLT-DOCUMENTATION AND FORMS
956906,6/14/2019,WORLDPRIDE NYC 2019
956906,6/12/2019,CLT-OCCUPATIONAL-WORKPLACE SAFETY AND HEALTH
956906,6/6/2019,CLT-DOCUMENTATION AND FORMS
956906,6/6/2019,CLT-ENFORCEMENT ACTIONS
956906,6/4/2019,CLT-ENFORCEMENT ACTIONS
956906,5/28/2019,CLT-ENFORCEMENT ACTIONS
956906,5/22/2019,CLT-PROCEDURAL OPERATIONS
956906,5/22/2019,COLLABORATIVE POLICING - THE DEAF AND HARD OF HEARING COMMUNITY
956906,5/21/2019,CLT-PROCEDURAL OPERATIONS
956906,5/20/2019,CLT-DOCUMENTATION AND FORMS
956906,5/15/2019,RESPONDING TO PEOPLE IN CRISIS - MODULES 2 AND 3: ACTIVE LISTENING PARTS 1 AND 2
956906,5/8/2019,CLT-ENFORCEMENT ACTIONS
956906,5/7/2019,CLT-OCCUPATIONAL-WORKPLACE SAFETY AND HEALTH
956906,5/6/2019,CLT-ENFORCEMENT ACTIONS
956906,4/30/2019,CLT-ENFORCEMENT ACTIONS
956906,4/28/2019,CLT-DOCUMENTATION AND FORMS
956906,4/22/2019,CLT-DOCUMENTATION AND FORMS
956906,4/15/2019,LEGAL BUREAU - PERJURY TRAINING MODULE
956906,3/28/2019,CLT-DOCUMENTATION AND FORMS
956906,3/28/2019,SAFEGUARDING PRISONERS - OFFICER SAFETY GUIDELINES
956906,3/22/2019,CLT-INFORMATION TECHNOLOGY
956906,3/14/2019,CLT-DOCUMENTATION AND FORMS
956906,3/6/2019,CLT-ENFORCEMENT ACTIONS
956906,3/5/2019,CLT-OCCUPATIONAL-WORKPLACE SAFETY AND HEALTH
956906,3/1/2019,COLLABORATIVE POLICING - ELDER ABUSE
956906,2/28/2019,CLT-DOCUMENTATION AND FORMS
956906,2/28/2019,CLT-ENFORCEMENT ACTIONS
956906,2/25/2019,CLT-EQUAL EMPLOYMENT OPPORTUNITY
956906,2/18/2019,CLT-DOCUMENTATION AND FORMS
956906,2/18/2019,"SUPPORT SERVICES DIVISION - CLASS ""C"" OPERATOR"
956906,2/12/2019,CLT-TACTICAL AWARENESS AND OFFICER SAFETY
956906,2/4/2019,CPS FAIR AND IMPARTIAL POLICING - ALL POS AND DETS
956906,1/31/2019,CLT-DOCUMENTATION AND FORMS
956906,1/30/2019,CLT-OCCUPATIONAL-WORKPLACE SAFETY AND HEALTH
956906,1/28/2019,CLT-EQUAL EMPLOYMENT OPPORTUNITY
956906,1/28/2019,FTS - CEW X26P HOLSTER TRAINING AND DISTRIBUTION
956906,1/16/2019,FTS - CEW END USER CERTIFICATION
956906,1/15/2019,RESPONDING TO PEOPLE IN CRISIS - MODULE 1: SENDING THE RIGHT SIGNALS
956906,1/7/2019,CLT-OCCUPATIONAL-WORKPLACE SAFETY AND HEALTH
956906,12/28/2018,PATROL DOOR BAG - ROPE AND WEDGE INTRODUCTION
956906,12/24/2018,CLT-TACTICAL AWARENESS AND OFFICER SAFETY
956906,12/24/2018,EQUAL EMPLOYMENT OPPORTUNITYTRAINING - SEXUAL HARASSMENT AWARENESS AND PREVENTION
956906,12/24/2018,TEXT TO 911 - INTRODUCTION
956906,12/20/2018,CLT-PROCEDURAL OPERATIONS
956906,12/20/2018,MARIJUANA BURNING ENFORCEMENT POLICY
956906,12/17/2018,BTK (BELT TRAUMA KIT DISTRIBUTION AND FAMILIARIZATION)
956906,12/10/2018,CLT-PROCEDURAL OPERATIONS
956906,12/6/2018,CLT-ENFORCEMENT ACTIONS
956906,11/30/2018,CLT-OCCUPATIONAL-WORKPLACE SAFETY AND HEALTH
956906,11/28/2018,CLT-PROCEDURAL OPERATIONS
956906,11/23/2018,CLT-HUMAN RESOURCES AND PERSONNEL MATTERS
956906,11/20/2018,"CLT-UNIFORMS, PERSONAL APPEARANCE AND EQUIPMENT"
956906,11/14/2018,AMERICANS WITH DISABILITIES ACT (ADA)
956906,11/7/2018,CLT-OCCUPATIONAL-WORKPLACE SAFETY AND HEALTH
956906,10/24/2018,CLT-DOCUMENTATION AND FORMS
956906,10/18/2018,RESPONDING TO PEOPLE IN CRISIS-INTRODUCTION TO CIT VIDEO SERIES
956906,10/16/2018,CLT-PROCEDURAL OPERATIONS
956906,10/15/2018,2017-2019 IN-SERVICE CYCLE-INTEGRATED TACTICS
956906,10/10/2018,CLT-OCCUPATIONAL-WORKPLACE SAFETY AND HEALTH
956906,10/8/2018,CLT-INFORMATION TECHNOLOGY
956906,10/8/2018,NYC RIGHT TO KNOW ACT LEGISLATION - PART 2
956906,10/8/2018,NYC RIGHT TO KNOW ACT LEGISLATION – PART 1
956906,10/2/2018,CLT-PROCEDURAL OPERATIONS
956906,10/1/2018,"CLT-UNIFORMS, PERSONAL APPEARANCE AND EQUIPMENT"
956906,9/18/2018,RAISE THE AGE
956906,9/17/2018,CLT-LEGAL ISSUES
956906,9/3/2018,CLT-ENFORCEMENT ACTIONS
956906,9/3/2018,CLT-OCCUPATIONAL-WORKPLACE SAFETY AND HEALTH
956906,8/30/2018,CLT-DOCUMENTATION AND FORMS
956906,8/22/2018,CLT-DOCUMENTATION AND FORMS
956906,8/10/2018,CLT-PROCEDURAL OPERATIONS
956906,8/2/2018,CLT-OCCUPATIONAL-WORKPLACE SAFETY AND HEALTH
956906,7/24/2018,CLT-DOCUMENTATION AND FORMS
956906,7/20/2018,CLT-DOCUMENTATION AND FORMS
956906,7/18/2018,CLT-DOCUMENTATION AND FORMS
956906,7/12/2018,CLT-OCCUPATIONAL-WORKPLACE SAFETY AND HEALTH
956906,7/10/2018,CLT-INFORMATION TECHNOLOGY
956906,7/4/2018,CLT-DOCUMENTATION AND FORMS
956906,7/2/2018,CLT-DOCUMENTATION AND FORMS
956906,6/12/2018,CLT-PROCEDURAL OPERATIONS
956906,6/8/2018,CLT-DOCUMENTATION AND FORMS
956906,6/4/2018,CLT-DOCUMENTATION AND FORMS
956906,5/18/2018,CLT-DOCUMENTATION AND FORMS
956906,4/20/2018,CLT-DOCUMENTATION AND FORMS
956906,4/6/2018,CLT-PROPERTY
956906,4/4/2018,2017-2019 IN-SERVICE CYCLE-INVESTIGATIVE ENCOUNTERS- BASIC TRAINING WITH SCENARIOS
956906,4/2/2018,CLT-DOCUMENTATION AND FORMS
956906,3/28/2018,CLT-ENFORCEMENT ACTIONS
956906,3/26/2018,CLT-ENFORCEMENT ACTIONS
956906,2/16/2018,LEGAL BUREAU PERFORMANCE METRICS - PROHIBITED CONDUCT
956906,2/2/2018,COLLISION RETRAINING
956906,1/9/2018,CLT-EQUAL EMPLOYMENT OPPORTUNITY
956906,11/3/2017,NARCAN NASAL SPRAY TRAINING
956906,10/11/2017,INFORMATION SECURITY AWARENESS TRAINING
956906,9/22/2017,COLLABORATIVE POLICING- ACCESSING TELEPHONIC INTERPRETERS VIA LANGUAGE LINE
956906,9/22/2017,COLLABORATIVE POLICING- POLICING IN TODAY’S MULTI-FAITH NY
956906,9/6/2017,PERSONNEL BUREAU NYPD EMPLOYEE ASSISTANCE UNIT (EAU)
956906,8/31/2017,PATROL- POLYCARBONATE SHIELD
956906,7/19/2017,"CPS INTERIOR PATROL OF HOUSING AUTHORITY BUILDINGS, PG 212-60 ROLL CALL VIDEO 1"
956906,7/19/2017,"CPS INTERIOR PATROL OF HOUSING AUTHORITY BUILDINGS, PG 212-60 ROLL CALL VIDEO 2"
956906,7/19/2017,CPS INTERIOR PATROL TRESPASS AFFIDAVIT PROGRAM (TAP) VIDEO 2
956906,6/7/2017,CPS BODY-WORN CAMERA TRAINING WITH SCENARIOS
956906,5/31/2017,CPS INTERIOR PATROL TRESPASS AFFIDAVIT PROGRAM (TAP) VIDEO 1
956906,5/31/2017,CRIMINAL JUSTICE REFORM ACT ROLL CALL TRAINING PART 2
956906,5/11/2017,CRIMINAL JUSTICE REFORM ACT ROLL CALL TRAINING PART 1
956906,5/10/2017,EQUAL EMPLOYMENT OPPORTUNITY TRANSGENDER DIVERSITY AND INCLUSION:EXECUTIVE ORDER 16
956906,1/26/2017,HATE CRIMES AND BIAS-RELATED INCIDENTS
956906,11/15/2016,FORCE POLICY REVISION-VIDEO-PG 221-UNIT TRAINING MAY 2016
956906,10/7/2016,PUBLIC CONTACT AND CONSENT TO SEARCH (RIGHT TO KNOW) - UNIT TRAINING AUGUST 2016
956906,9/29/2016,2016-17 INSERVICE CYCLE-PHYSICAL TACTICS
956906,6/30/2016,INVESTIGATIVE ENCOUNTERS-VIDEO #4 DOCUMENTATION AND SUPERVISION-UNIT TRAINING JULY 2016
956906,6/15/2016,INVESTIGATIVE ENCOUNTERS-VIDEO #3 TERRY STOPS AND REASONABLE SUSPICION-UNIT TRAINING JUNE 2016
956906,5/9/2016,INVESTIGATIVE ENCOUNTERS-VIDEO #2 COMMON LAW RIGHT OF INQUIRY-UNIT TRAINING MAY 2016
956906,2/3/2016,INVESTIGATIVE ENCOUNTERS-VIDEO #1 REQUEST FOR INFO-UNIT TRAINING FEB 2016
956906,2/2/2016,INVESTIGATIVE ENCOUNTERS-VIDEO #1 REQUEST FOR INFO-UNIT TRAINING FEB 2016
956906,1/19/2016,WINDOWS PHONE TRAINING AND DISTRIBUTION
956906,12/1/2015,FORCE POLICY REVISION-PAMPHLET - PG 221 - UNIT TRAINING DECEMBER 2015
956906,11/9/2015,EMERGENCY VEHICLE OPERATION JULY 07 - PRESENT
956906,11/9/2015,FIELD TRAINING PROGRAM JULY 07 - PRESENT
956906,11/9/2015,PHYSICAL EDUCATION PART 1: FOUNDATIONS OF PHYSICAL FITNESS
956906,11/9/2015,PHYSICAL EDUCATION PART 2: DEFENSIVE TACTICS JULY 07 - PRESENT
956906,11/9/2015,PHYSICAL EDUCATION PART 3: AMERICAN HEART ASSOCIATION BASIC LIFE SUPPORT
956906,11/9/2015,POLICE CRISIS INTERVENTION JULY 07 - PRESENT
956906,11/9/2015,POLICE FIELD PROBLEMS JULY 07 - PRESENT
956906,11/9/2015,POLICE INVESTIGATION AND REPORTING JULY 07 - PRESENT
956906,11/9/2015,POLICING A DEMOCRACY JULY 07 - PRESENT
956906,11/9/2015,POLICING SPECIAL POPULATIONS JULY 07 - PRESENT
956906,11/9/2015,PROCEDURAL LAW JULY 07 - PRESENT
956906,11/9/2015,SUBSTANTIVE LAW JULY 07 - PRESENT
956906,11/9/2015,TERRORISM AWARENESS AND RESPONSE JULY 07 - PRESENT
956906,3/12/2015,20K TRAINING INITIATIVE - PHYSICAL TACTICS
956906,3/4/2015,20K TRAINING INITIATIVE - SMART POLICING
956906,2/26/2015,20K TRAINING INITIATIVE - FOUNDATIONS OF POLICING
956906,1/6/2015,POLICE ACADEMY RECRUIT JUSTIFICATION WRITTEN EXAM
956906,1/6/2015,POLICE ACADEMY RECRUIT NCIC WRITTEN EXAM
956906,1/6/2015,POLICE ACADEMY RECRUIT NIMS 700 WRITTEN EXAM
956906,1/6/2015,POLICE ACADEMY RECRUIT STOP QUESTION & FRISK WRITTEN EXAM
956906,1/1/2015,ATOMIZER DISTRIBUTION
956906,1/1/2015,OPIOID OVERDOSE AND INTRANASAL NALOXONE TRAINING: COMMAND LEVEL TRAINING BASIC COURSE
956906,12/26/2014,RECRUIT RAPID DEPLOYMENT-ACTIVE SHOOTER
956906,12/11/2014,POLICE ACADEMY RECRUIT CIMS WRITTEN EXAM
956906,12/8/2014,POLICE ACADEMY RECRUIT 3RD TRIMESTER EXAM
956906,12/1/2014,FIREARMS 5 DAY TACTICAL APPLICATION V1
956906,11/18/2014,PTTD WATER SAFETY
956906,11/14/2014,FIREARMS 5 DAY TACTICAL SKILLS V1
956906,11/13/2014,OFF DUTY PISTOL CERTIFIED
956906,11/13/2014,RECRUIT TACTICAL FIREARMS QUALIFICATION AND TRAINING OFF DUTY PISTOL CERTIFIED
956906,10/30/2014,"PTTD CARDIO ENDURANCE TEST, 2ND ATTEMPT"
956906,10/28/2014,COBRA - COHORT TRAINING
956906,10/24/2014,RECRUIT BASIC FIREARMS QUALIFICATION AND TRAINING
956906,10/18/2014,PORT AWARENESS COURSE
956906,10/15/2014,GROUND TACTICS
956906,10/15/2014,PTTD DEFENSIVE TACTICS PRACTICAL EXAM
956906,10/6/2014,POLICE ACADEMY RECRUIT 2ND TRIMESTER EXAM
956906,10/3/2014,PTTD EXPANDABLE BATON
956906,10/1/2014,PTTD WEAPONS DEFENSE
956906,9/23/2014,RECRUIT TRAINING COMPUTER COURSE
956906,9/19/2014,BATON
956906,9/4/2014,FRISKING AND HANDCUFFING
956906,8/27/2014,PTTD C.P.R. / A.E.D. WRITTEN EXAM
956906,8/25/2014,POLICE ACADEMY RECRUIT 1ST TRIMESTER EXAM
956906,8/22/2014,POLICE ACADEMY RECRUIT 1ST TRIMESTER PRACTICE WRITTEN EXAM
947239,11/3/2025,MICROSOFT 365 COLLABORATION ESSENTIALS-TRANSITIONING FROM OFFICE 2016
947239,11/3/2025,VEHICLE PURSUITS VIDEO
947239,10/8/2025,EXTREME RISK PROTECTION ORDER (ERPO)
947239,10/8/2025,SUPERVISOR RESPONSIBILITIES: SQF MODULE 11
947239,9/23/2025,BLASTT – BASIC LIFE SUPPORT AND TRAUMA TREATMENT
947239,9/17/2025,INTRODUCTION TO THE NEW 311 RADIO CODE
947239,9/1/2025,NYPD JOUVERT AND WEST INDIAN DAY-2025
947239,7/21/2025,PATROL TACTICS
947239,7/7/2025,SPECIAL VICTIMS UNIT - BEST PRACTICES GUIDE TRAINING
947239,6/16/2025,EAU 2025 POLICE COMMISSIONER JESSICA S. TISCH
947239,6/15/2025,2025 BWC PROFICIENCY TRAINING
947239,5/26/2025,SQF REVIEW AND DOCUMENTATION: SQF MODULE 10
947239,5/25/2025,2025 EQUAL EMPLOYMENT OPPORTUNITY TRAINING - SEXUAL HARASSMENT AWARENESS AND PREVENTION
947239,4/8/2025,FTS - TASER 7 ANNUAL RECERTIFICATION
947239,1/27/2025,RIGHT TO KNOW ACT SQF MODULE 9
947239,1/27/2025,VEHICLE PURSUITS
947239,1/20/2025,2025 IDENTIFYING THE IMPAIRED DRIVER REFRESHER
947239,1/19/2025,ACTIVE SHOOTER - SCHOOL RESPONSE PROTOCOL
947239,1/19/2025,KEVIN AND AVONTE SAFE HOME PROGRAM
947239,12/22/2024,CELL BLOCK FIRESHIELD EV BLANKETS
947239,12/22/2024,MULTI-FACTOR AUTHENTICATION MFA TRAINING
947239,12/17/2024,INFORMATION SECURITY AWARENESS TRAINING 2024
947239,12/16/2024,NOTIFICATION OF ALLEGATIONS AND EMPLOYEE RIGHTS
947239,11/28/2024,BEHAVIORAL HEALTH EMERGENCY ASSISTANCE RESPONSE DIVISION B-HEARD
947239,11/17/2024,DRIVING WHILE INTOXICATED AWARENESS VIDEO MODULE 1
947239,11/17/2024,LEAVING THE SCENE COLLISIONS INVESTIGATIVE BEST PRACTICES
947239,10/8/2024,FAMILY BUILDING
947239,10/8/2024,NORTHWELL DIRECT FINEST CARE PROGRAM FOR UMOS
947239,9/2/2024,RACIAL PROFILING AND BIASED BASED POLICING: SQF MODULE 8
947239,8/19/2024,RAPE IS RAPE
947239,8/13/2024,APX NEXT PORTABLE AND RADIO DISCIPLINE TRAINING VIDEO
947239,8/13/2024,UNMANNED AIRCRAFT SYSTEMS VISUAL OBSERVER
947239,7/17/2024,MENTAL HEALTH INVOLUNTARY REMOVALS MHL 9.41 AND MHL 9.58
947239,6/27/2024,FTS - CEW TASER 7 TRANSITION COURSE
947239,6/27/2024,FTS - TASER 7 HOLSTER DISTRIBUTION
947239,6/24/2024,LEVEL 1 AND LEVEL 2 INVESTIGATIVE ENCOUNTERS
947239,5/30/2024,TACTICS WHEN ENGAGING INDIVIDUALS IN A MENTAL HEALTH CRISIS
947239,5/20/2024,ACCURATE COMPLAINT REPORT CLASSIFICATION
947239,5/6/2024,ASSISTING SURVIVORS OF SEXUAL BASED VIOLENCE WITH ACCESS TO RESOURCES
947239,5/6/2024,DRIVE SMART 2024
947239,4/29/2024,2024 EQUAL EMPLOYMENT OPPORTUNITY TRAINING - SEXUAL HARASSMENT AWARENESS AND PREVENTION
947239,4/25/2024,HOUSING BUREAU INTERIOR PATROL TACTICS
947239,4/8/2024,POLICING THE SUBWAY 2024
947239,3/13/2024,2024 VEHICLE SEIZURE FORM REFRESHER
947239,3/13/2024,NYCHA INTERIOR PATROL: SQF MODULE 7
947239,3/5/2024,EMPLOYEE ASSISTANCE UNIT (E.A.U.) IS HERE FOR YOU- 2024
947239,1/22/2024,AUTISM SPECTRUM DISORDER
947239,12/31/2023,"POSSESSION OR INGESTION OF ANABOLIC STEROIDS, HUMAN GROWTH HORMONE, AND NUTRITIONAL SUPPLEMENTS"
947239,12/24/2023,LGBTQIA PLUS - DIVERSITY AND INCLUSION
947239,12/19/2023,OPIOID DANGERS- FENTANYL AND CARFENTANIL
947239,12/17/2023,INVESTIGATIVE ENCOUNTERS SUMMARY: SQF MODULE 6
947239,12/11/2023,FTS - ANNUAL CEW RECERTIFICATION
947239,11/19/2023,AUGMENTED REALITY FEATURE
947239,11/13/2023,ELDER ABUSE -2023 REFRESHER
947239,10/25/2023,INVESTIGATIVE ENCOUNTERS 2023: MODULE 5 SQF LEVELS 3 AND 4
947239,10/19/2023,NYPD RECRUITMENT TRAINING VIDEO
947239,10/8/2023,VEHICLE MOUNTED VIDEO SYSTEM
947239,10/2/2023,EFFECTIVE COMMUNICATION SKILLS - DEAF OR HARD OF HEARING
947239,10/2/2023,INFORMATION SECURITY AWARENESS TRAINING - 2023
947239,9/3/2023,NYPD JOUVERT AND WEST INDIAN DAY-2023
947239,8/14/2023,2023 SUMMER ALL-OUT BODY WORN CAMERA TRAINING
947239,8/3/2023,UNMANNED AIRCRAFT PERMIT: DRONES FOR PUBLIC USE
947239,7/12/2023,TRAFFIC COURT TESTIMONY VIDEO
947239,5/22/2023,"INVESTIGATIVE ENCOUNTERS 2023: MODULE 4 SQF LEVELS 2, 3 AND 4"
947239,5/7/2023,2023 EQUAL EMPLOYMENT OPPORTUNITY TRAINING-SEXUAL HARASSMENT AWARENESS AND PREVENTION
947239,5/7/2023,2023 LANGUAGE MATTERS - FOSTERING A POSITIVE WORK ENVIRONMENT
947239,4/12/2023,FTS - BI-WEEKLY FIREARMS PRACTICE SESSION
947239,3/23/2023,INVESTIGATIVE ENCOUNTERS 2023: MODULE 3 SQF LEVEL 2
947239,3/21/2023,ESPER POLICY LIBRARY
947239,2/22/2023,INFORMATION SECURITY CRIMINAL JUSTICE TRAINING 2023
947239,1/29/2023,NYPD-U VOLUNTARY - INVOLUNTARY TRANSPORTS
947239,1/11/2023,INVESTIGATIVE ENCOUNTERS 2023: MODULE 2 SQF LEVEL 1
947239,12/28/2022,INVESTIGATIVE ENCOUNTERS 2023 - MODULE 1 INTRODUCTION TO SQF
947239,12/28/2022,RAISING THE LOWER AGE OF JUVENILE DELINQUENCY
947239,11/30/2022,FTS - ANNUAL CEW RECERTIFICATION
947239,11/21/2022,LGBTQIA PLUS AWARENESS
947239,11/21/2022,VIDEO 1 - PATROLLING THE NYC SUBWAY SYSTEM 2022
947239,11/21/2022,VIDEO 2 -TACTICAL CONSIDERATIONS FOR TRANSIT PATROL 2022 (PART 1)
947239,11/21/2022,VIDEO 3 - TACTICAL CONSIDERATIONS FOR TRANSIT PATROL 2022 (PART 2)
947239,11/21/2022,VIDEO 4 - PLATFORM SAFETY 2022
947239,10/26/2022,FTS - BI-WEEKLY FIREARMS PRACTICE SESSION
947239,10/10/2022,PROCESSING CIVILIAN COMPLAINTS
947239,10/6/2022,BELT-WORN TRAUMA KIT REFRESHER TRAINING VIDEO-2022
947239,9/12/2022,THE EMPLOYEE ASSISTANCE UNIT (EAU) IS HERE FOR YOU
947239,8/29/2022,NYPD JOUVERT  WEST INDIAN DAY
947239,7/6/2022,CONVICTED OFFENDER DNA DATABANK SPECIMEN COLLECTION KIT
947239,7/6/2022,"INTEGRATING COMMUNICATION, ASSESSMENT, AND TACTICS (ICAT) MODULE 7"
947239,7/6/2022,VEHICLE SEIZURE FORM
947239,7/5/2022,2022 EQUAL EMPLOYMENT OPPORTUNITY TRAINING-SEXUAL HARASSMENT AWARENESS AND PREVENTION
947239,6/15/2022,CAR STOP TACTICS FOR PATROL OFFICERS - MODULE 1: CONTROLLING THE STOP
947239,6/15/2022,CAR STOP TACTICS FOR PATROL OFFICERS - MODULE 2: PROHIBITED MANEUVERS
947239,6/15/2022,CAR STOP TACTICS FOR PATROL OFFICERS - MODULE 3: THE UNKNOWN RISK STOP
947239,6/15/2022,CAR STOP TACTICS FOR PATROL OFFICERS - MODULE 4: THE HIGH-RISK STOP
947239,6/15/2022,"INTEGRATING COMMUNICATION, ASSESSMENT AND TACTICS (ICAT) MODULE 6"
947239,6/14/2022,ACTIVE BYSTANDERSHIP FOR LAW ENFORCEMENT (ABLE): ONE DAY COURSE
947239,6/7/2022,BEST PRACTICES IN STRUCTURED INTERVIEWING
947239,6/7/2022,NATIONAL INCIDENT-BASED REPORTING SYSTEM (NIBRS) UPDATES TO THE OMNIFORM COMPLAINT SYSTEMV
947239,5/26/2022,PROHIBITED METHODS OF RESTRAINT
947239,4/6/2022,"INTEGRATING COMMUNICATION, ASSESSMENT AND TACTICS (ICAT) MODULE 5"
947239,3/16/2022,"INTEGRATING COMMUNICATION, ASSESSMENT AND TACTICS (ICAT) MODULE 4"
947239,3/8/2022,"INTEGRATING COMMUNICATION, ASSESSMENT AND TACTICS (ICAT) MODULE 3"
947239,1/30/2022,ILLEGAL EVICTIONS
947239,12/31/2021,LOCAL LAW 45 OF 2021-TRAFFIC ENCOUNTERS
947239,12/9/2021,"INTEGRATING COMMUNICATION, ASSESSMENT AND TACTICS (ICAT) MODULE 2"
947239,12/8/2021,"INTEGRATING COMMUNICATION, ASSESSMENT AND TACTICS (ICAT) MODULE 1"
947239,11/28/2021,IDENTIFYING THE IMPAIRED DRIVER
947239,10/25/2021,BODY-WORN CAMERA REVIEW PART TWO
947239,10/24/2021,ARRESTS - RELIGIOUS HEAD COVERING GUIDELINES (PG 208-83)
947239,10/20/2021,SPRINTER VAN QUALIFICATION
947239,9/16/2021,BODY-WORN CAMERA REVIEW PART ONE
947239,9/14/2021,INFORMATION SECURITY AWARENESS TRAINING 2021
947239,9/14/2021,MAYOR EXECUTIVE ORDER 78 VACCINATION - TESTING COMPLIANCE POLICY
947239,9/14/2021,OPIOID OVERDOSE RECOGNITION AND NARCAN ADMINISTRATION -2021
947239,8/17/2021,BALLISTIC VEST DISTRIBUTION PROGRAM
947239,8/12/2021,CONSTITUTIONAL POLICING AT COMMUNITY EVENTS (CPACE)
947239,7/1/2021,EQUAL EMPLOYMENT OPPORTUNITY TRAINING - SEXUAL HARASSMENT AWARENESS AND PREVENTION 2021
947239,6/16/2021,FTS - ANNUAL CEW RECERTIFICATION
947239,5/23/2021,OVERVIEW OF THE NEW DISCOVERY LAWS 2021 REFRESHER
947239,5/23/2021,PATROL GUIDE 215-17 POLICE ACTIONS RELATED QUESTIONING ARRESTS AND INVESTIGATIONS AT A NYC DEPARTMEN
947239,4/25/2021,EMPLOYEE ASSISTANCE UNIT-2021
947239,4/15/2021,BALLISTIC VEST MEASUREMENT PROGRAM
947239,4/12/2021,EQUAL EMPLOYMENT OPPORTUNITY TRAINING - LGBTQIA+ DIVERSITY AND INCLUSION / EXECUTIVE ORDER 16 OF 201
947239,3/3/2021,DESK APPEARANCE TICKETS: THE NEW LAW AND THE NEW GUIDELINES FOR PROCESSING DAT'S - 2021 REFRESHER
947239,2/28/2021,"CPS INTERIOR PATROL OF HOUSING AUTHORITY BUILDINGS, PG 212-60 ROLL CALL VIDEO 1"
947239,2/28/2021,"CPS INTERIOR PATROL OF HOUSING AUTHORITY BUILDINGS, PG 212-60 ROLL CALL VIDEO 2"
947239,2/28/2021,CPS INTERIOR PATROL TRESPASS AFFIDAVIT PROGRAM (TAP) VIDEO 1
947239,2/28/2021,CPS INTERIOR PATROL TRESPASS AFFIDAVIT PROGRAM (TAP) VIDEO 2
947239,2/28/2021,CRIMINAL JUSTICE REFORM ACT ROLL CALL TRAINING PART 1
947239,2/28/2021,CRIMINAL JUSTICE REFORM ACT ROLL CALL TRAINING PART 2
947239,2/28/2021,CRITICAL DECISION MAKING MODEL
947239,2/28/2021,CROSSFIRE MITIGATION DURING CLOSE COMBAT INCIDENTS - PART 2
947239,2/28/2021,DOMESTIC VIOLENCE EDUCATION AND COUNSELING
947239,2/28/2021,MARIJUANA POLICY UPDATE
947239,2/28/2021,SAFETY CONSIDERATIONS FOR PATROLLING THE NYC SUBWAY SYSTEM -DANGERS OF THE PLATFORM EDGE
947239,2/28/2021,"SUPPORT SERVICES DIVISION - CLASS ""C"" OPERATOR"
947239,2/28/2021,TRANSIT BUREAU - SAFETY CONSIDERATIONS FOR PATROLLING THE NYC SUBWAY SYSTEM
947239,2/28/2021,TRANSIT BUREAU - SAFETY CONSIDERATIONS FOR PATROLLING THE NYC SUBWAY SYSTEM - PART 2
947239,2/28/2021,TRANSIT BUREAU - TIMELY RESUMPTION OF SERVICE IN NYC TRANSIT
947239,2/28/2021,UTILIZING BALLISTIC PROTECTION IN DEPARTMENT VEHICLES (4:09)
947239,2/28/2021,VICTIM BLAMING AND RELEASE OF INFORMATION TO THE MEDIA
947239,2/17/2021,"CUSTOMER SERVICE PROGRAM:  ROLL CALL MODULE 1, INTRODUCTION TO PRECINCT GREETER PROGRAM"
947239,2/17/2021,"CUSTOMER SERVICE PROGRAM:  ROLL CALL MODULE 2, COMMUNICATION SKILLS"
947239,1/26/2021,COVID VACCINE DISTRIBUTION AND EDUCATION
947239,12/5/2020,EQUAL EMPLOYMENT OPPORTUNITY TRAINING - LEAVE TO EXPRESS BREAST MILK
947239,12/5/2020,HEALTH AND WELLNESS SECTION - MODULE 1 - PSYCHOLOGICAL HEALTH AND WELLNESS
947239,12/5/2020,HEALTH AND WELLNESS SECTION - MODULE 10 - SEEKING AND RECEIVING MENTAL HEALTH SUPPORT
947239,12/5/2020,HEALTH AND WELLNESS SECTION - MODULE 11 - HEALTH AND RESILIENCY
947239,12/5/2020,HEALTH AND WELLNESS SECTION - MODULE 12 - IN THAT DARK PLACE - AN OFFICER'S JOURNEY
947239,12/5/2020,HEALTH AND WELLNESS SECTION - MODULE 2 - JOB COUNSELING AND STRESS
947239,12/5/2020,HEALTH AND WELLNESS SECTION - MODULE 3 - WARNING SIGNS
947239,12/5/2020,HEALTH AND WELLNESS SECTION - MODULE 4 - CUMULATIVE TRAUMA
947239,12/5/2020,HEALTH AND WELLNESS SECTION - MODULE 5 - GAINING PERSPECTIVE
947239,12/5/2020,HEALTH AND WELLNESS SECTION - MODULE 6 - COPING WITH SIGNS OF ANXIETY DEPRESSION
947239,12/5/2020,HEALTH AND WELLNESS SECTION - MODULE 7 - LEADING WITH COMPASSION
947239,12/5/2020,"HEALTH AND WELLNESS SECTION - MODULE 8 - WARNING SIGNS, SUPPORT AND OUTREACH"
947239,12/5/2020,HEALTH AND WELLNESS SECTION - MODULE 9 - MANAGING STRESS ON THE JOB
947239,9/30/2020,CRIMINAL JUSTICE BUREAU - GIGLIO MATERIAL DISCLOSURES UNDER THE NEW DISCOVERY LAWS
947239,9/26/2020,"EQUAL EMPLOYMENT OPPORTUNITY TRAINING - SEXUAL HARASSMENT, AWARENESS AND PREVENTION"
947239,9/17/2020,2020-2021 DETECTIVE BUREAU - TEAM TACTICS REFRESHER
947239,7/1/2020,NEW LAWS AFFECTING POLICE OFFICERS’ CRIMINAL AND CIVIL LIABILITY
947239,5/29/2020,COVID-19: PREPAREDNESS YOUR FAMILY AND HOME
947239,5/12/2020,COVID-19: PREPAREDENESS
947239,5/12/2020,COVID-19: PROTECTIVE MASKS
947239,1/25/2020,PROCESSING DISCOVERY MATERIAL IN THE FORMS ARREST FOLDER
947239,1/25/2020,RESPONDING TO COMMERCIAL ROBBERIES PART LL - MODULE 1 AND MODULE 2
947239,12/17/2019,DIGNITARY PROTECTION COURSE
947239,12/13/2019,ACTIVITY LOG FOR IPHONE
947239,12/13/2019,CROSSFIRE MITIGATION DURING CLOSE COMBAT INCIDENTS
947239,11/29/2019,CJB - DESK APPEARANCE TICKETS: THE NEW LAWS AND GUIDELINES FOR PROCESSING DATS
947239,11/29/2019,CJB - OVERVIEW OF THE NEW DISCOVERY LAWS
947239,11/29/2019,COLLABORATIVE POLICING - ELDER ABUSE
947239,11/29/2019,COLLABORATIVE POLICING - THE DEAF AND HARD OF HEARING COMMUNITY
947239,11/29/2019,COLLABORATIVE POLICING- FOREIGN LANGUAGE CERTIFICATION VIDEO
947239,11/29/2019,CRIMINAL JUSTICE BUREAU - DNA TRAINING VIDEO
947239,11/29/2019,DISCHARGING YOUR FIREARM AT A MOVING THREAT
947239,11/29/2019,FORCE POLICY UPDATE VIDEO
947239,11/5/2019,DETECTIVE BUREAU PROFESSIONAL DEVELOPMENT SEMINAR
947239,10/24/2019,2017-2019 IN-SERVICE CYCLE-INVESTIGATIVE ENCOUNTERS- BASIC TRAINING WITH SCENARIOS
947239,9/4/2019,SHIELD OF RESILIENCE TRAINING COURSE
947239,8/22/2019,FTS - ANNUAL CEW RECERTIFICATION
947239,8/16/2019,RESPONDING TO COMMERCIAL ROBBERIES
947239,8/16/2019,RESPONDING TO PEOPLE IN CRISIS - MODULE 1: SENDING THE RIGHT SIGNALS
947239,8/16/2019,RESPONDING TO PEOPLE IN CRISIS - MODULES 2 AND 3: ACTIVE LISTENING PARTS 1 AND 2
947239,8/16/2019,RESPONDING TO PEOPLE IN CRISIS – MODULE 4: USING DEPARTMENT MOBILE DIGITAL DEVICES
947239,8/16/2019,SAFEGUARDING PRISONERS - OFFICER SAFETY GUIDELINES
947239,8/16/2019,WORLDPRIDE NYC 2019
947239,5/28/2019,CPS FAIR AND IMPARTIAL POLICING - ALL POS AND DETS
947239,5/25/2019,COLLABORATIVE POLICING - MEDIATION REFERRAL PROGRAM FOR NON-CRIMINAL COMPLAINTS
947239,5/9/2019,2019 DETECTIVE BUREAU INTAC
