taxid,date,name
975915,3/3/2023,PTTD DEFENSIVE TACTICS PRACTICAL EXAM
975915,2/24/2023,CPS INTERIOR PATROL TRESPASS AFFIDAVIT PROGRAM (TAP) VIDEO 2
975915,2/24/2023,NARCAN NASAL SPRAY TRAINING
975915,2/24/2023,NEW PERFORMANCE EVALUATION PROCESS
975915,2/24/2023,NYPD-U VOLUNTARY - INVOLUNTARY TRANSPORTS
975915,2/24/2023,PATROL- POLYCARBONATE SHIELD
975915,2/24/2023,POLICE ACADEMY RECRUIT 2ND TRIMESTER EXAM (2023 AND AFTER)
975915,2/24/2023,TACTICAL AWARENESS-SMARTPHONE SAFETY
975915,2/23/2023,POLICE ACADEMY RECRUIT JUSTIFICATION WRITTEN EXAM
975915,2/22/2023,INFORMATION SECURITY CRIMINAL JUSTICE TRAINING 2023
975915,2/20/2023,RTS ACADEMIC - ARREST PROCESSING
975915,2/20/2023,RTS ACADEMIC - COLLECTING AND PROCESSING EVIDENCE
975915,2/20/2023,RTS ACADEMIC - COURT APPEARANCES
975915,2/20/2023,RTS ACADEMIC - POLICE FIELD COMMUNICATIONS
975915,2/13/2023,FIREARMS 5 DAY TACTICAL APPLICATION V2
975915,1/27/2023,MAYOR EXECUTIVE ORDER 78 VACCINATION - TESTING COMPLIANCE POLICY
975915,1/27/2023,NYPD JOUVERT  WEST INDIAN DAY
975915,1/27/2023,PROHIBITED METHODS OF RESTRAINT
975915,1/27/2023,RAISING THE LOWER AGE OF JUVENILE DELINQUENCY
975915,1/27/2023,VIDEO 1 - PATROLLING THE NYC SUBWAY SYSTEM 2022
975915,1/27/2023,VIDEO 4 - PLATFORM SAFETY 2022
975915,1/19/2023,FTS - CEW END USER CERTIFICATION
975915,1/17/2023,OFF DUTY PISTOL CERTIFIED
975915,1/17/2023,RECRUIT TACTICAL FIREARMS QUALIFICATION AND TRAINING OFF DUTY PISTOL CERTIFIED
975915,1/13/2023,FIRST AID WRITEN EXAM
975915,1/11/2023,CPS BODY-WORN CAMERA TRAINING WITH SCENARIOS
975915,1/11/2023,P.A. RECRUIT NCIC/III EXAM
975915,1/9/2023,VEHICLE STOP SOLUTIONS MODULE
975915,1/4/2023,PTTD C.P.R. / A.E.D. WRITTEN EXAM
975915,1/4/2023,PTTD WEAPONS DEFENSE
975915,12/30/2022,RECRUIT BASIC FIREARMS QUALIFICATION AND TRAINING
975915,12/21/2022,PTTD EXPANDABLE BATON
975915,12/20/2022,PTTD C.P.R. / A.E.D. WRITTEN EXAM
975915,12/20/2022,PTTD CPR PRACTICAL EXAM
975915,12/16/2022,"PTTD CARDIO ENDURANCE TEST, 1ST ATTEMPT"
975915,12/15/2022,ACTIVE BYSTANDERSHIP FOR LAW ENFORCEMENT (ABLE): ONE DAY COURSE
975915,12/14/2022,BATON
975915,12/12/2022,P.A. RECRUIT NYPD COMPUTER USE POLICY AND MONITORING NOTICE
975915,12/9/2022,RTS ACADEMIC - AUTHORITY TO ARREST
975915,12/9/2022,RTS ACADEMIC - INTRODUCTION TO LAW AND JUSTICE
975915,12/9/2022,RTS ACADEMIC - POLICING LEGALLY
975915,12/9/2022,RTS ACADEMIC - USE OF FORCE
975915,12/5/2022,POLICE ACADEMY RECRUIT 1ST TRIMESTER EXAM
975915,12/2/2022,POLICE ACADEMY RECRUIT STOP QUESTION & FRISK WRITTEN EXAM
975915,11/22/2022,JOB STANDARDS TEST ATTEMPT #1
975915,11/17/2022,PTTD DEFENSIVE TACTICS PRACTICAL EXAM
975915,11/16/2022,LGBTQIA PLUS AWARENESS
975915,10/21/2022,EQUAL EMPLOYMENT OPPORTUNITY FOR NEW HIRES
975915,11/9/2015,EMERGENCY VEHICLE OPERATION JULY 07 - PRESENT
975915,11/9/2015,FIELD TRAINING PROGRAM JULY 07 - PRESENT
975915,11/9/2015,PHYSICAL EDUCATION PART 1: FOUNDATIONS OF PHYSICAL FITNESS
975915,11/9/2015,PHYSICAL EDUCATION PART 2: DEFENSIVE TACTICS JULY 07 - PRESENT
975915,11/9/2015,PHYSICAL EDUCATION PART 3: AMERICAN HEART ASSOCIATION BASIC LIFE SUPPORT
975915,11/9/2015,POLICE CRISIS INTERVENTION JULY 07 - PRESENT
975915,11/9/2015,POLICE FIELD PROBLEMS JULY 07 - PRESENT
975915,11/9/2015,POLICE INVESTIGATION AND REPORTING JULY 07 - PRESENT
975915,11/9/2015,POLICING A DEMOCRACY JULY 07 - PRESENT
975915,11/9/2015,POLICING SPECIAL POPULATIONS JULY 07 - PRESENT
975915,11/9/2015,PROCEDURAL LAW JULY 07 - PRESENT
975915,11/9/2015,SUBSTANTIVE LAW JULY 07 - PRESENT
975915,11/9/2015,TERRORISM AWARENESS AND RESPONSE JULY 07 - PRESENT
965483,10/7/2025,SUPERVISOR RESPONSIBILITIES: SQF MODULE 11
965483,9/24/2025,MICROSOFT 365 COLLABORATION ESSENTIALS-TRANSITIONING FROM OFFICE 2016
965483,9/23/2025,EXTREME RISK PROTECTION ORDER (ERPO)
965483,9/13/2025,INTRODUCTION TO THE NEW 311 RADIO CODE
965483,8/23/2025,NYPD JOUVERT AND WEST INDIAN DAY-2025
965483,7/18/2025,PATROL TACTICS
965483,7/9/2025,SPECIAL VICTIMS UNIT - BEST PRACTICES GUIDE TRAINING
965483,6/24/2025,2025 BWC PROFICIENCY TRAINING
965483,6/7/2025,EAU 2025 POLICE COMMISSIONER JESSICA S. TISCH
965483,5/30/2025,SQF REVIEW AND DOCUMENTATION: SQF MODULE 10
965483,5/21/2025,2025 EQUAL EMPLOYMENT OPPORTUNITY TRAINING - SEXUAL HARASSMENT AWARENESS AND PREVENTION
965483,1/27/2025,RIGHT TO KNOW ACT SQF MODULE 9
965483,1/27/2025,VEHICLE PURSUITS
965483,1/8/2025,KEVIN AND AVONTE SAFE HOME PROGRAM
965483,1/3/2025,2025 IDENTIFYING THE IMPAIRED DRIVER REFRESHER
965483,1/3/2025,ACTIVE SHOOTER - SCHOOL RESPONSE PROTOCOL
965483,12/28/2024,CELL BLOCK FIRESHIELD EV BLANKETS
965483,12/28/2024,MULTI-FACTOR AUTHENTICATION MFA TRAINING
965483,12/17/2024,INFORMATION SECURITY AWARENESS TRAINING 2024
965483,12/11/2024,NOTIFICATION OF ALLEGATIONS AND EMPLOYEE RIGHTS
965483,11/30/2024,BEHAVIORAL HEALTH EMERGENCY ASSISTANCE RESPONSE DIVISION B-HEARD
965483,11/15/2024,DRIVING WHILE INTOXICATED AWARENESS VIDEO MODULE 1
965483,11/14/2024,LEAVING THE SCENE COLLISIONS INVESTIGATIVE BEST PRACTICES
965483,10/9/2024,FAMILY BUILDING
965483,9/24/2024,NORTHWELL DIRECT FINEST CARE PROGRAM FOR UMOS
965483,8/21/2024,RACIAL PROFILING AND BIASED BASED POLICING: SQF MODULE 8
965483,8/21/2024,RAPE IS RAPE
965483,8/21/2024,UNMANNED AIRCRAFT SYSTEMS VISUAL OBSERVER
965483,7/30/2024,APX NEXT PORTABLE AND RADIO DISCIPLINE TRAINING VIDEO
965483,7/26/2024,MENTAL HEALTH INVOLUNTARY REMOVALS MHL 9.41 AND MHL 9.58
965483,6/20/2024,LEVEL 1 AND LEVEL 2 INVESTIGATIVE ENCOUNTERS
965483,6/3/2024,TACTICS WHEN ENGAGING INDIVIDUALS IN A MENTAL HEALTH CRISIS
965483,6/1/2024,FTS - ANNUAL CEW RECERTIFICATION
965483,5/15/2024,ACCURATE COMPLAINT REPORT CLASSIFICATION
965483,5/1/2024,ASSISTING SURVIVORS OF SEXUAL BASED VIOLENCE WITH ACCESS TO RESOURCES
965483,5/1/2024,DRIVE SMART 2024
965483,4/30/2024,2024 EQUAL EMPLOYMENT OPPORTUNITY TRAINING - SEXUAL HARASSMENT AWARENESS AND PREVENTION
965483,4/30/2024,HOUSING BUREAU INTERIOR PATROL TACTICS
965483,4/18/2024,CLT-DOMESTIC VIOLENCE TRAINING
965483,4/18/2024,CLT-OCCUPATIONAL-WORKPLACE SAFETY AND HEALTH
965483,4/4/2024,CLT - OATH VS. CRIMINAL COURT SUMMONS ROLL CALL TRAINING
965483,4/4/2024,CLT-TACTICAL AWARENESS AND OFFICER SAFETY
965483,4/4/2024,POLICING THE SUBWAY 2024
965483,3/26/2024,CLT - OATH VS. CRIMINAL COURT SUMMONS ROLL CALL TRAINING
965483,3/20/2024,CLT - OATH VS. CRIMINAL COURT SUMMONS ROLL CALL TRAINING
965483,3/18/2024,2024 VEHICLE SEIZURE FORM REFRESHER
965483,3/18/2024,NYCHA INTERIOR PATROL: SQF MODULE 7
965483,3/7/2024,CLT-PROCEDURAL OPERATIONS
965483,3/6/2024,CLT-DOMESTIC VIOLENCE TRAINING
965483,3/4/2024,EMPLOYEE ASSISTANCE UNIT (E.A.U.) IS HERE FOR YOU- 2024
965483,2/27/2024,"CLT-UNIFORMS, PERSONAL APPEARANCE AND EQUIPMENT"
965483,2/21/2024,CLT-COUNTERTERRORISM AND INTELLIGENCE
965483,2/21/2024,"CLT-UNIFORMS, PERSONAL APPEARANCE AND EQUIPMENT"
965483,2/15/2024,"CLT-UNIFORMS, PERSONAL APPEARANCE AND EQUIPMENT"
965483,2/7/2024,CLT-DOMESTIC VIOLENCE TRAINING
965483,2/5/2024,CLT-DOCUMENTATION AND FORMS
965483,1/26/2024,CLT-DOCUMENTATION AND FORMS
965483,1/24/2024,CLT-DOCUMENTATION AND FORMS
965483,1/18/2024,AUTISM SPECTRUM DISORDER
965483,1/18/2024,CLT-ENFORCEMENT ACTIONS
965483,1/15/2024,CLT-PROCEDURAL OPERATIONS
965483,1/10/2024,CLT-PROCEDURAL OPERATIONS
965483,1/4/2024,CLT-PROCEDURAL OPERATIONS
965483,12/28/2023,LGBTQIA PLUS - DIVERSITY AND INCLUSION
965483,12/28/2023,OPIOID DANGERS- FENTANYL AND CARFENTANIL
965483,12/28/2023,"POSSESSION OR INGESTION OF ANABOLIC STEROIDS, HUMAN GROWTH HORMONE, AND NUTRITIONAL SUPPLEMENTS"
965483,12/22/2023,CLT-PROCEDURAL OPERATIONS
965483,12/17/2023,INVESTIGATIVE ENCOUNTERS SUMMARY: SQF MODULE 6
965483,12/7/2023,CLT-PROCEDURAL OPERATIONS
965483,11/28/2023,CLT-ENFORCEMENT ACTIONS
965483,11/16/2023,AUGMENTED REALITY FEATURE
965483,11/9/2023,DIGNITARY PROTECTION COURSE
965483,11/5/2023,ELDER ABUSE -2023 REFRESHER
965483,10/31/2023,CLT-PROCEDURAL OPERATIONS
965483,10/23/2023,INVESTIGATIVE ENCOUNTERS 2023: MODULE 5 SQF LEVELS 3 AND 4
965483,10/17/2023,CLT-PROCEDURAL OPERATIONS
965483,10/17/2023,NYPD RECRUITMENT TRAINING VIDEO
965483,10/7/2023,VEHICLE MOUNTED VIDEO SYSTEM
965483,10/3/2023,EFFECTIVE COMMUNICATION SKILLS - DEAF OR HARD OF HEARING
965483,10/3/2023,INFORMATION SECURITY AWARENESS TRAINING - 2023
965483,9/19/2023,CLT-CRIME CONTROL STRATEGIES AND PROBLEM SOLVING
965483,9/13/2023,CLT-LEGAL ISSUES
965483,9/7/2023,CLT-LEGAL ISSUES
965483,8/30/2023,MOBILE IDENTIFICATION DEVICE (MORPHO)
965483,8/30/2023,NYPD JOUVERT AND WEST INDIAN DAY-2023
965483,8/24/2023,CLT-PROCEDURAL OPERATIONS
965483,8/23/2023,CLT-PROCEDURAL OPERATIONS
965483,8/22/2023,CLT-PROCEDURAL OPERATIONS
965483,8/15/2023,CLT-PROCEDURAL OPERATIONS
965483,8/9/2023,CLT-LEGAL ISSUES
965483,8/4/2023,2023 SUMMER ALL-OUT BODY WORN CAMERA TRAINING
965483,8/4/2023,UNMANNED AIRCRAFT PERMIT: DRONES FOR PUBLIC USE
965483,8/3/2023,CLT-LEGAL ISSUES
965483,8/1/2023,CLT-DOCUMENTATION AND FORMS
965483,7/14/2023,CLT-DOCUMENTATION AND FORMS
965483,7/13/2023,CLT-DOCUMENTATION AND FORMS
965483,7/12/2023,TRAFFIC COURT TESTIMONY VIDEO
965483,6/29/2023,CLT-DOCUMENTATION AND FORMS
965483,6/27/2023,CLT-DOCUMENTATION AND FORMS
965483,6/15/2023,CLT-DOCUMENTATION AND FORMS
965483,6/12/2023,CLT-PROCEDURAL OPERATIONS
965483,6/11/2023,"INVESTIGATIVE ENCOUNTERS 2023: MODULE 4 SQF LEVELS 2, 3 AND 4"
965483,5/31/2023,CLT-PROCEDURAL OPERATIONS
965483,5/23/2023,CLT-PROCEDURAL OPERATIONS
965483,5/19/2023,CLT-PARK SMART ROLLCALL PRESENTATION
965483,5/9/2023,CLT-BWC POLICY UPDATES
965483,5/4/2023,CLT-PARK SMART ROLLCALL PRESENTATION
965483,5/1/2023,2023 EQUAL EMPLOYMENT OPPORTUNITY TRAINING-SEXUAL HARASSMENT AWARENESS AND PREVENTION
965483,4/18/2023,CLT-PROCEDURAL OPERATIONS
965483,4/10/2023,2023 LANGUAGE MATTERS - FOSTERING A POSITIVE WORK ENVIRONMENT
965483,3/28/2023,CLT-CRIME CONTROL STRATEGIES AND PROBLEM SOLVING
965483,3/28/2023,INVESTIGATIVE ENCOUNTERS 2023: MODULE 3 SQF LEVEL 2
965483,3/23/2023,CLT-COMMUNITY ENGAGEMENT
965483,3/23/2023,CLT-DOCUMENTATION AND FORMS
965483,3/21/2023,ESPER POLICY LIBRARY
965483,3/6/2023,CLT-PROCEDURAL OPERATIONS
965483,2/22/2023,INFORMATION SECURITY CRIMINAL JUSTICE TRAINING 2023
965483,1/29/2023,NYPD-U VOLUNTARY - INVOLUNTARY TRANSPORTS
965483,1/22/2023,RAISING THE LOWER AGE OF JUVENILE DELINQUENCY
965483,1/19/2023,CLT-VOLUNTARY - INVOLUNTARY TRANSPORTS
965483,1/16/2023,INVESTIGATIVE ENCOUNTERS 2023: MODULE 2 SQF LEVEL 1
965483,1/13/2023,1-DAY LAW ENFORCEMENT ACTIVE SHOOTER EMERGENCY RESPONSE (PER-375-C)
965483,1/13/2023,RECOGNIZING AND IDENTIFYING DOMESTIC AND HOMEGROWN VIOLENT EXTREMISM (AWR-409)
965483,1/10/2023,CLT-LEGAL ISSUES
965483,1/10/2023,CLT-TACTICAL AWARENESS AND OFFICER SAFETY
965483,1/3/2023,CLT-VOLUNTARY - INVOLUNTARY TRANSPORTS
965483,12/22/2022,CLT-VOLUNTARY - INVOLUNTARY TRANSPORTS
965483,12/15/2022,CLT-TACTICAL AWARENESS AND OFFICER SAFETY
965483,12/15/2022,INVESTIGATIVE ENCOUNTERS 2023 - MODULE 1 INTRODUCTION TO SQF
965483,12/5/2022,CLT-DOCUMENTATION AND FORMS
965483,12/2/2022,CLT-PROCEDURAL OPERATIONS
965483,11/24/2022,VIDEO 1 - PATROLLING THE NYC SUBWAY SYSTEM 2022
965483,11/24/2022,VIDEO 2 -TACTICAL CONSIDERATIONS FOR TRANSIT PATROL 2022 (PART 1)
965483,11/24/2022,VIDEO 3 - TACTICAL CONSIDERATIONS FOR TRANSIT PATROL 2022 (PART 2)
965483,11/24/2022,VIDEO 4 - PLATFORM SAFETY 2022
965483,11/22/2022,CLT-PROCEDURAL OPERATIONS
965483,11/17/2022,CLT-DOCUMENTATION AND FORMS
965483,11/3/2022,CLT-DOCUMENTATION AND FORMS
965483,11/3/2022,LGBTQIA PLUS AWARENESS
965483,11/2/2022,CLT-PROCEDURAL OPERATIONS
965483,10/27/2022,CLT-DOCUMENTATION AND FORMS
965483,10/27/2022,CLT-TACTICAL AWARENESS AND OFFICER SAFETY
965483,10/24/2022,CLT-DOCUMENTATION AND FORMS
965483,10/24/2022,CLT-TACTICAL AWARENESS AND OFFICER SAFETY
965483,10/24/2022,PROCESSING CIVILIAN COMPLAINTS
965483,10/20/2022,CLT-DOCUMENTATION AND FORMS
965483,10/6/2022,CLT-DOCUMENTATION AND FORMS
965483,10/5/2022,BELT-WORN TRAUMA KIT REFRESHER TRAINING VIDEO-2022
965483,9/29/2022,CLT-LEGAL ISSUES
965483,9/19/2022,CLT-LEGAL ISSUES
965483,9/16/2022,CLT-PROCEDURAL OPERATIONS
965483,9/12/2022,CLT-TACTICAL AWARENESS AND OFFICER SAFETY
965483,9/12/2022,THE EMPLOYEE ASSISTANCE UNIT (EAU) IS HERE FOR YOU
965483,9/8/2022,CLT-ENFORCEMENT ACTIONS
965483,8/30/2022,NYPD JOUVERT  WEST INDIAN DAY
965483,8/25/2022,CLT-PROCEDURAL OPERATIONS
965483,8/24/2022,CLT-COMMUNICATION STRATEGIES AND AIDS
965483,8/24/2022,CLT-NIBRS ROLL CALL TRAINING
965483,8/18/2022,FTS - ANNUAL CEW RECERTIFICATION
965483,8/11/2022,CLT-PROPERTY
965483,7/25/2022,CLT-NIBRS ROLL CALL TRAINING
965483,7/25/2022,CLT-PROFESSIONAL DEVELOPMENT
965483,7/20/2022,CLT-CRIME CONTROL STRATEGIES AND PROBLEM SOLVING
965483,7/20/2022,CLT-NIBRS ROLL CALL TRAINING
965483,7/20/2022,CLT-PROCEDURAL OPERATIONS
965483,7/7/2022,2022 EQUAL EMPLOYMENT OPPORTUNITY TRAINING-SEXUAL HARASSMENT AWARENESS AND PREVENTION
965483,7/7/2022,CLT-NIBRS ROLL CALL TRAINING
965483,7/7/2022,CLT-PROCEDURAL OPERATIONS
965483,7/7/2022,CONVICTED OFFENDER DNA DATABANK SPECIMEN COLLECTION KIT
965483,7/7/2022,"INTEGRATING COMMUNICATION, ASSESSMENT, AND TACTICS (ICAT) MODULE 7"
965483,7/7/2022,VEHICLE SEIZURE FORM
965483,7/3/2022,HIGHWAY 3-DAY STATIONARY STEP-OUT LIDAR COURSE
965483,6/30/2022,CLT-DOCUMENTATION AND FORMS
965483,6/30/2022,CLT-PROFESSIONAL DEVELOPMENT
965483,6/16/2022,CAR STOP TACTICS FOR PATROL OFFICERS - MODULE 1: CONTROLLING THE STOP
965483,6/16/2022,CAR STOP TACTICS FOR PATROL OFFICERS - MODULE 2: PROHIBITED MANEUVERS
965483,6/16/2022,CAR STOP TACTICS FOR PATROL OFFICERS - MODULE 3: THE UNKNOWN RISK STOP
965483,6/16/2022,CAR STOP TACTICS FOR PATROL OFFICERS - MODULE 4: THE HIGH-RISK STOP
965483,6/13/2022,"INTEGRATING COMMUNICATION, ASSESSMENT AND TACTICS (ICAT) MODULE 6"
965483,6/2/2022,BEST PRACTICES IN STRUCTURED INTERVIEWING
965483,6/2/2022,CLT-ENFORCEMENT ACTIONS
965483,6/2/2022,CLT-TACTICAL AWARENESS AND OFFICER SAFETY
965483,6/2/2022,NATIONAL INCIDENT-BASED REPORTING SYSTEM (NIBRS) UPDATES TO THE OMNIFORM COMPLAINT SYSTEMV
965483,5/31/2022,CLT-ENFORCEMENT ACTIONS
965483,5/31/2022,CLT-TACTICAL AWARENESS AND OFFICER SAFETY
965483,5/24/2022,PROHIBITED METHODS OF RESTRAINT
965483,5/19/2022,TINT-METER OPERATION TINTED WINDOW VIOLATIONS
965483,5/16/2022,CLT-COMMUNICATION STRATEGIES AND AIDS
965483,5/11/2022,CLT-DOCUMENTATION AND FORMS
965483,5/3/2022,CLT-PROCEDURAL OPERATIONS
965483,5/2/2022,CLT-ENFORCEMENT ACTIONS
965483,4/27/2022,CLT-ENFORCEMENT ACTIONS
965483,4/21/2022,CLT-TACTICAL AWARENESS AND OFFICER SAFETY
965483,4/21/2022,INVESTIGATIVE ENCOUNTERS - STOP REPORT REFRESHER TRAINING
965483,4/4/2022,CLT-SEARCHING PRISONERS MODULE 1
965483,4/4/2022,"INTEGRATING COMMUNICATION, ASSESSMENT AND TACTICS (ICAT) MODULE 5"
965483,3/31/2022,"CLT-UNIFORMS, PERSONAL APPEARANCE AND EQUIPMENT"
965483,3/30/2022,CLT-TACTICAL AWARENESS AND OFFICER SAFETY
965483,3/30/2022,"INTEGRATING COMMUNICATION, ASSESSMENT AND TACTICS (ICAT) MODULE 4"
965483,3/30/2022,INTRODUCTION TO COGNOS 11
965483,3/21/2022,CLT-PROCEDURAL OPERATIONS
965483,3/10/2022,CLT-DOCUMENTATION AND FORMS
965483,3/8/2022,CLT-TACTICAL AWARENESS AND OFFICER SAFETY
965483,3/2/2022,CLT-BWC POLICY UPDATES
965483,2/24/2022,CHILD SENSITIVE ARREST POLICY GUIDELINES AND PROCEDURES
965483,2/24/2022,CLT-DOCUMENTATION AND FORMS
965483,2/22/2022,CLT-LEGAL ISSUES
965483,2/22/2022,CLT-TACTICAL AWARENESS AND OFFICER SAFETY
965483,2/10/2022,CLT-LEGAL ISSUES
965483,2/10/2022,CLT-TACTICAL AWARENESS AND OFFICER SAFETY
965483,2/8/2022,CLT-DOCUMENTATION AND FORMS
965483,2/8/2022,FTS - CEW SAFE HANDLING REVIEW
965483,2/7/2022,CLT-DOCUMENTATION AND FORMS
965483,2/4/2022,DOCUMENT INSPECTION FOR LAW ENFORCEMENT (PER-383)
965483,2/4/2022,ILLEGAL EVICTIONS
965483,2/2/2022,CLT-BWC POLICY UPDATES
965483,2/2/2022,CLT-EJUSTICE ORDER OF PROTECTION SEARCH
965483,2/2/2022,CLT-EPERMIT SYSTEM
965483,1/27/2022,CLT-EJUSTICE ORDER OF PROTECTION SEARCH
965483,1/27/2022,CONTERTERRORISM BUREAU SITE PROTECTION THROUGH OBSERVATIONAL TECHNIQUES
965483,1/26/2022,CLT-EPERMIT SYSTEM
965483,1/24/2022,CLT-BWC POLICY UPDATES
965483,1/24/2022,CLT-PROCEDURAL OPERATIONS
965483,1/12/2022,"INTEGRATING COMMUNICATION, ASSESSMENT AND TACTICS (ICAT) MODULE 3"
965483,1/11/2022,CLT-EPERMIT SYSTEM
965483,1/7/2022,LOCAL LAW 45 OF 2021-TRAFFIC ENCOUNTERS
965483,1/5/2022,CLT-BWC POLICY UPDATES
965483,1/5/2022,CLT-EJUSTICE ORDER OF PROTECTION SEARCH
965483,1/4/2022,CLT-LEGAL ISSUES
965483,1/1/2022,CLT-PROCEDURAL OPERATIONS
965483,12/24/2021,CLT-BWC POLICY UPDATES
965483,12/24/2021,CLT-LEGAL ISSUES
965483,12/16/2021,THREE DAY BASIC SURVEILLANCE COURSE
965483,12/9/2021,CLT-PROCEDURAL OPERATIONS
965483,12/7/2021,HIGHWAY DRUG IMPAIRED DRIVING COURSE
965483,12/6/2021,DRONE ASSESSMENT AND RESPONSE TACTICS (AWR-404)
965483,12/3/2021,IDENTIFYING THE IMPAIRED DRIVER
965483,12/2/2021,CLT-PROCEDURAL OPERATIONS
965483,11/26/2021,CLT-PROCEDURAL OPERATIONS
965483,11/19/2021,CLT-PROCEDURAL OPERATIONS
965483,11/18/2021,"INTEGRATING COMMUNICATION, ASSESSMENT AND TACTICS (ICAT) MODULE 2"
965483,10/29/2021,ARRESTS - RELIGIOUS HEAD COVERING GUIDELINES (PG 208-83)
965483,10/28/2021,THREE DAY BASIC SURVEILLANCE COURSE
965483,10/22/2021,FTS - ANNUAL CEW RECERTIFICATION
965483,10/18/2021,BODY-WORN CAMERA REVIEW PART TWO
965483,10/18/2021,OPIOID OVERDOSE RECOGNITION AND NARCAN ADMINISTRATION -2021
965483,10/14/2021,"INTEGRATING COMMUNICATION, ASSESSMENT AND TACTICS (ICAT) MODULE 1"
965483,10/5/2021,BODY-WORN CAMERA REVIEW PART ONE
965483,9/30/2021,COUNTER TERRORISM LAW ENFORCEMENT PREVENTION AND DETERRENCE OF TERRORIST ATTACKS
965483,9/24/2021,CLT-PROCEDURAL OPERATIONS
965483,9/17/2021,ACTIVE SHOOTER POST-ENGAGEMENT STRATEGIES’ FOR LAW ENFORCEMENT
965483,9/15/2021,ILERSBA - INITIAL LAW ENFORCMENT RESPONSE TO SUICIDE BOMBING ATTACKS
965483,9/15/2021,INFORMATION SECURITY AWARENESS TRAINING 2021
965483,9/11/2021,MAYOR EXECUTIVE ORDER 78 VACCINATION - TESTING COMPLIANCE POLICY
965483,9/8/2021,FTS - BI-WEEKLY FIREARMS PRACTICE SESSION
965483,7/28/2021,EQUAL EMPLOYMENT OPPORTUNITY TRAINING - SEXUAL HARASSMENT AWARENESS AND PREVENTION 2021
965483,7/6/2021,HIGHWAY DRUG IMPAIRED DRIVING COURSE
965483,7/6/2021,HIGHWAY PRELIMINARY BREATH TEST INSTRUMENT TRAINING - PBT
965483,6/25/2021,CLT-PROCEDURAL OPERATIONS
965483,6/10/2021,CLT-DOCUMENTATION AND FORMS
965483,5/27/2021,CLT-DOCUMENTATION AND FORMS
965483,5/22/2021,OVERVIEW OF THE NEW DISCOVERY LAWS 2021 REFRESHER
965483,5/20/2021,CLT-TACTICAL AWARENESS AND OFFICER SAFETY
965483,5/19/2021,CLT-PROCEDURAL OPERATIONS
965483,5/18/2021,PATROL GUIDE 215-17 POLICE ACTIONS RELATED QUESTIONING ARRESTS AND INVESTIGATIONS AT A NYC DEPARTMEN
965483,5/12/2021,CLT-INFORMATION TECHNOLOGY
965483,5/11/2021,CHILD SENSITIVE ARREST POLICY GUIDELINES AND PROCEDURES
965483,5/7/2021,CHILD SENSITIVE ARREST POLICY GUIDELINES AND PROCEDURES
965483,5/6/2021,CHILD SENSITIVE ARREST POLICY GUIDELINES AND PROCEDURES
965483,5/4/2021,CHILD SENSITIVE ARREST POLICY GUIDELINES AND PROCEDURES
965483,5/4/2021,CLT-TACTICAL AWARENESS AND OFFICER SAFETY
965483,5/4/2021,EMPLOYEE ASSISTANCE UNIT-2021
965483,4/30/2021,CLT-TACTICAL AWARENESS AND OFFICER SAFETY
965483,4/27/2021,ACTIVE BYSTANDERSHIP FOR LAW ENFORCEMENT (ABLE): ONE DAY COURSE
965483,4/22/2021,CLT-TACTICAL AWARENESS AND OFFICER SAFETY
965483,4/20/2021,CLT-DOCUMENTATION AND FORMS
965483,4/14/2021,CLT-DOCUMENTATION AND FORMS
965483,4/13/2021,CLT-PROCEDURAL OPERATIONS
965483,4/7/2021,CLT-MEMBER-EMPLOYEE WELLNESS
965483,4/6/2021,EQUAL EMPLOYMENT OPPORTUNITY TRAINING - LGBTQIA+ DIVERSITY AND INCLUSION / EXECUTIVE ORDER 16 OF 201
965483,3/26/2021,CLT-INFORMATION TECHNOLOGY
965483,3/23/2021,CLT-INFORMATION TECHNOLOGY
965483,3/23/2021,EXECUTIVE HEALTH AND WELLNESS CONFERENCE - MODULE 1
965483,3/23/2021,HEALTH AND WELLNESS SECTION - CHILD MIND INSTITUTE VIDEO SERIES - MODULE 1 - BEHAVIOR MANAGEMENT STR
965483,3/23/2021,HEALTH AND WELLNESS SECTION - CHILD MIND INSTITUTE VIDEO SERIES - MODULE 2 - WHEN TO WORRY ABOUT YOU
965483,3/23/2021,HEALTH AND WELLNESS SECTION - CHILD MIND INSTITUTE VIDEO SERIES - MODULE 3 - CHILDREN'S MENTAL HEALT
965483,3/23/2021,HEALTH AND WELLNESS SECTION - CHILD MIND INSTITUTE VIDEO SERIES - MODULE 4 - RAISING SELF SUFFICIENT
965483,3/23/2021,HEALTH AND WELLNESS SECTION - MODULE 14 - FINANCIAL WELLNESS PART 1
965483,3/23/2021,HEALTH AND WELLNESS SECTION - MODULE 15 - FINANCIAL WELLNESS PART 2
965483,3/23/2021,HEALTH AND WELLNESS SECTION - MODULE 16 - GRIEF AND COPING
965483,3/23/2021,HEALTH AND WELLNESS SECTION - MODULE 17 - FINANCIAL WILLS AND TRUSTS
965483,3/23/2021,HEALTH AND WELLNESS SECTION - MODULE 18 - YOGA MYTH BUSTING
965483,3/23/2021,HEALTH AND WELLNESS SECTION - NUTRITIONAL SERIES: DIETING FOR WEIGHT LOSS - MODULE 1 - INTRODUCTION
965483,3/18/2021,DESK APPEARANCE TICKETS: THE NEW LAW AND THE NEW GUIDELINES FOR PROCESSING DAT'S - 2021 REFRESHER
965483,3/11/2021,CLT-PROCEDURAL OPERATIONS
965483,3/4/2021,CLT-COMMUNICATION STRATEGIES AND AIDS
965483,3/4/2021,CUSTOMER SERVICE PROGRAM:  PRECINCT GREETER TRAINING MODULE
965483,2/25/2021,CLT-DOCUMENTATION AND FORMS
965483,2/19/2021,CLT-CRIME CONTROL STRATEGIES AND PROBLEM SOLVING
965483,2/19/2021,CUSTOMER SERVICE PROGRAM: HOW DID WE DO
965483,2/18/2021,CLT-CRIME CONTROL STRATEGIES AND PROBLEM SOLVING
965483,2/18/2021,CLT-DOCUMENTATION AND FORMS
965483,2/12/2021,CLT-DOCUMENTATION AND FORMS
965483,2/11/2021,CLT-DOCUMENTATION AND FORMS
965483,2/5/2021,CLT-PROCEDURAL OPERATIONS
965483,2/5/2021,"CUSTOMER SERVICE PROGRAM:  ROLL CALL MODULE 1, INTRODUCTION TO PRECINCT GREETER PROGRAM"
965483,2/5/2021,"CUSTOMER SERVICE PROGRAM:  ROLL CALL MODULE 2, COMMUNICATION SKILLS"
965483,2/4/2021,CLT-DOCUMENTATION AND FORMS
965483,2/4/2021,"CUSTOMER SERVICE PROGRAM:  ROLL CALL MODULE 1, INTRODUCTION TO PRECINCT GREETER PROGRAM"
965483,2/3/2021,AIM COMPONENTS 2.0
965483,2/3/2021,AIM REGISTRATION AND SYNCHRONIZATION 2.0
965483,2/3/2021,CLT-DOCUMENTATION AND FORMS
965483,2/3/2021,COLLABORATIVE POLICING- HUMAN TRAFFICKING
965483,2/3/2021,CRIME CONTROL STRATEGIES- COMMUNITY SUPERVISION
965483,2/3/2021,DAS OVERLAPPING LAYERS TUTORIAL
965483,2/3/2021,DETECTIVE BUREAU RETRIEVING BODY WORN CAMERA DATA
965483,2/3/2021,LOCATING APPLE DEVICES USING YOUR DEPARTMENT SMARTPHONE
965483,2/3/2021,STOP REPORT
965483,2/3/2021,TACTICAL AWARENESS OF EXCITED DELIRIUM SYNDROME
965483,2/3/2021,TACTICAL AWARENESS- BALLISTIC VEST
965483,2/3/2021,TRAINING MATERIALS- CLOSING THE GAP ON VEHICLE INTELLIGENCE
965483,2/3/2021,TRAINING MATERIALS- PAWNSHOP AND 2ND HAND DEALER DATABASE
965483,2/3/2021,TRAINING MATERIALS- THE RECIDIVIST TRACKING AND REPORTING DATABASE (RTRD)
965483,2/3/2021,TRAINING MATERIALS- VIRTUAL CRIME INFORMATION CENTER
965483,2/2/2021,CLT-DOCUMENTATION AND FORMS
965483,1/29/2021,CLT-COMMUNITY ENGAGEMENT
965483,1/27/2021,CLT-COMMUNITY ENGAGEMENT
965483,1/26/2021,COVID VACCINE DISTRIBUTION AND EDUCATION
965483,1/25/2021,CLT-COMMUNITY ENGAGEMENT
965483,1/21/2021,CLT-COMMUNITY ENGAGEMENT
965483,1/20/2021,CLT-COMMUNITY ENGAGEMENT
965483,1/19/2021,CLT-COMMUNITY ENGAGEMENT
965483,1/19/2021,CLT-TACTICAL AWARENESS AND OFFICER SAFETY
965483,1/14/2021,CLT-TACTICAL AWARENESS AND OFFICER SAFETY
965483,1/13/2021,CLT-TACTICAL AWARENESS AND OFFICER SAFETY
965483,1/12/2021,CLT-TACTICAL AWARENESS AND OFFICER SAFETY
965483,1/11/2021,CLT-TACTICAL AWARENESS AND OFFICER SAFETY
965483,1/7/2021,CLT-DOCUMENTATION AND FORMS
965483,1/6/2021,CLT-DOCUMENTATION AND FORMS
965483,1/5/2021,CLT-COMMUNITY ENGAGEMENT
965483,1/4/2021,CLT-COMMUNITY ENGAGEMENT
965483,12/31/2020,CLT-COMMUNITY ENGAGEMENT
965483,12/30/2020,CLT-COMMUNITY ENGAGEMENT
965483,12/29/2020,CLT-COMMUNITY ENGAGEMENT
965483,12/28/2020,CLT-COMMUNITY ENGAGEMENT
965483,12/23/2020,CLT-COMMUNITY ENGAGEMENT
965483,12/23/2020,EQUAL EMPLOYMENT OPPORTUNITY TRAINING - LEAVE TO EXPRESS BREAST MILK
965483,12/23/2020,HEALTH AND WELLNESS SECTION - FINANCIAL LITERACY SERIES - MODULE 1 - YOUR MONEY VALUES AND INFLUENCE
965483,12/23/2020,HEALTH AND WELLNESS SECTION - FINANCIAL LITERACY SERIES - MODULE 2 - YOUR INCOME AND EXPENSES
965483,12/23/2020,HEALTH AND WELLNESS SECTION - FINANCIAL LITERACY SERIES - MODULE 3 - YOUR SPENDING AND SAVINGS PLAN
965483,12/23/2020,HEALTH AND WELLNESS SECTION - FINANCIAL LITERACY SERIES - MODULE 4 - MANAGING DEBT
965483,12/23/2020,HEALTH AND WELLNESS SECTION - MODULE 13 - MINDFULNESS
965483,12/23/2020,HEALTH AND WELLNESS SECTION - MODULE 19 - STOP SMOKING - NYC ESCAPE PROGRAM
965483,12/23/2020,HEALTH AND WELLNESS SECTION - MODULE 20 - POPPA TESTIMONIAL VIDEO
965483,12/23/2020,HEALTH AND WELLNESS SECTION - MYPLATE APP TUTORIAL
965483,12/22/2020,CLT-COMMUNITY ENGAGEMENT
965483,12/21/2020,CLT-COMMUNITY ENGAGEMENT
965483,12/15/2020,CLT-TACTICAL AWARENESS AND OFFICER SAFETY
965483,12/14/2020,CLT-DOCUMENTATION AND FORMS
965483,12/10/2020,CLT-LEGAL ISSUES
965483,12/8/2020,CLT-PROCEDURAL OPERATIONS
965483,12/7/2020,CLT-PROCEDURAL OPERATIONS
965483,12/1/2020,CLT-MEMBER-EMPLOYEE WELLNESS
965483,11/30/2020,CLT-MEMBER-EMPLOYEE WELLNESS
965483,11/27/2020,FTS - ANNUAL CEW RECERTIFICATION
965483,11/19/2020,CLT-DOCUMENTATION AND FORMS
965483,11/16/2020,CLT-COMMUNICATION STRATEGIES AND AIDS
965483,11/13/2020,CLT-DOCUMENTATION AND FORMS
965483,11/12/2020,CLT-PROCEDURAL OPERATIONS
965483,11/6/2020,CLT-DOCUMENTATION AND FORMS
965483,11/4/2020,CLT-DOCUMENTATION AND FORMS
965483,10/30/2020,CLT-DOCUMENTATION AND FORMS
965483,10/29/2020,CLT-DOCUMENTATION AND FORMS
965483,10/28/2020,CLT-DOCUMENTATION AND FORMS
965483,10/22/2020,CLT-TACTICAL AWARENESS AND OFFICER SAFETY
965483,10/21/2020,CLT-PROCEDURAL OPERATIONS
965483,10/20/2020,CLT-PROCEDURAL OPERATIONS
965483,10/16/2020,"AXON BODY-WORN CAMERA TRAINING - CAMERA OPERATION, AXON VIEW AND EVIDENCE.COM (REQUIRED FOR LE4 COMM"
965483,10/16/2020,CLT-PROCEDURAL OPERATIONS
965483,10/15/2020,CLT-PROCEDURAL OPERATIONS
965483,10/8/2020,CLT-OCCUPATIONAL-WORKPLACE SAFETY AND HEALTH
965483,10/7/2020,CLT-OCCUPATIONAL-WORKPLACE SAFETY AND HEALTH
965483,10/5/2020,CLT-OCCUPATIONAL-WORKPLACE SAFETY AND HEALTH
965483,10/2/2020,CLT-ENFORCEMENT ACTIONS
965483,10/1/2020,CLT-PROCEDURAL OPERATIONS
965483,9/30/2020,CLT-TACTICAL AWARENESS AND OFFICER SAFETY
965483,9/15/2020,CONSTITUTIONAL POLICING AT COMMUNITY EVENTS (CPACE)
965483,9/9/2020,CLT-MEMBER-EMPLOYEE WELLNESS
965483,9/8/2020,CLT-MEMBER-EMPLOYEE WELLNESS
965483,9/7/2020,CLT-MEMBER-EMPLOYEE WELLNESS
965483,8/18/2020,"CLT-UNIFORMS, PERSONAL APPEARANCE AND EQUIPMENT"
965483,8/17/2020,"CLT-UNIFORMS, PERSONAL APPEARANCE AND EQUIPMENT"
965483,8/14/2020,BELT TRAUMA KIT VIDEO
965483,8/14/2020,COUNTERTERRORISM ACTIVE SHOOTER TRAINING
965483,8/14/2020,COUNTERTERRORISM BUREAU FACILITY AWARENESS VIDEO- NAVY OPERATIONAL SUPPORT CENTER
965483,8/14/2020,COUNTERTERRORISM BUREAU FACILITY AWARENESS VIDEO- TIME WARNER BUILDING
965483,8/14/2020,COUNTERTERRORISM BUREAU FACILITY AWARENESS VIDEO-EMPIRE STATE BUILDING
965483,8/14/2020,"COUNTERTERRORISM BUREAU FACILITY AWARENESS- THE INTREPID SEA, AIR AND SPACE MUSEUM"
965483,8/14/2020,COUNTERTERRORISM U.A.S. (UNMANNED AIRCRAFT SYSTEMS) DRONE AWARENESS
965483,8/14/2020,SAFEGUARDING HOSPITALIZED PRISONERS
965483,8/10/2020,"CLT-UNIFORMS, PERSONAL APPEARANCE AND EQUIPMENT"
965483,8/6/2020,2019-2020 IN-SERVICE CYCLE - TEAM TACTICS REFRESHER
965483,7/31/2020,CLT-PROCEDURAL OPERATIONS
965483,7/30/2020,CLT-PROCEDURAL OPERATIONS
965483,7/22/2020,CLT-PROCEDURAL OPERATIONS
965483,7/15/2020,VICTIM BLAMING AND RELEASE OF INFORMATION TO THE MEDIA
965483,7/3/2020,CLT-LEGAL ISSUES
965483,7/3/2020,HEALTH AND WELLNESS SECTION - MODULE 3 - WARNING SIGNS
965483,7/3/2020,HEALTH AND WELLNESS SECTION - MODULE 4 - CUMULATIVE TRAUMA
965483,7/3/2020,HEALTH AND WELLNESS SECTION - MODULE 5 - GAINING PERSPECTIVE
965483,7/3/2020,HEALTH AND WELLNESS SECTION - MODULE 6 - COPING WITH SIGNS OF ANXIETY DEPRESSION
965483,7/3/2020,HEALTH AND WELLNESS SECTION - MODULE 7 - LEADING WITH COMPASSION
965483,7/3/2020,"HEALTH AND WELLNESS SECTION - MODULE 8 - WARNING SIGNS, SUPPORT AND OUTREACH"
965483,7/3/2020,HEALTH AND WELLNESS SECTION - MODULE 9 - MANAGING STRESS ON THE JOB
965483,7/2/2020,CLT-PROCEDURAL OPERATIONS
965483,7/2/2020,"EQUAL EMPLOYMENT OPPORTUNITY TRAINING - SEXUAL HARASSMENT, AWARENESS AND PREVENTION"
965483,7/2/2020,HEALTH AND WELLNESS SECTION - MODULE 1 - PSYCHOLOGICAL HEALTH AND WELLNESS
965483,7/2/2020,HEALTH AND WELLNESS SECTION - MODULE 10 - SEEKING AND RECEIVING MENTAL HEALTH SUPPORT
965483,7/2/2020,HEALTH AND WELLNESS SECTION - MODULE 11 - HEALTH AND RESILIENCY
965483,7/2/2020,HEALTH AND WELLNESS SECTION - MODULE 12 - IN THAT DARK PLACE - AN OFFICER'S JOURNEY
965483,7/2/2020,HEALTH AND WELLNESS SECTION - MODULE 2 - JOB COUNSELING AND STRESS
965483,7/2/2020,NEW LAWS AFFECTING POLICE OFFICERS’ CRIMINAL AND CIVIL LIABILITY
965483,6/30/2020,CLT-LEGAL ISSUES
965483,6/26/2020,CLT-LEGAL ISSUES
965483,6/25/2020,CLT-LEGAL ISSUES
965483,6/24/2020,CLT-LEGAL ISSUES
965483,6/17/2020,CLT-LEGAL ISSUES
965483,5/29/2020,COVID-19: PREPAREDNESS YOUR FAMILY AND HOME
965483,5/27/2020,CLT-PROCEDURAL OPERATIONS
965483,5/26/2020,CLT-PROCEDURAL OPERATIONS
965483,5/16/2020,COVID-19: PREPAREDENESS
965483,5/16/2020,COVID-19: PROTECTIVE MASKS
965483,5/16/2020,SAFETY CONSIDERATIONS FOR PATROLLING THE NYC SUBWAY SYSTEM -DANGERS OF THE PLATFORM EDGE
965483,4/2/2020,CLT-MEMBER-EMPLOYEE WELLNESS
965483,4/1/2020,CLT-MEMBER-EMPLOYEE WELLNESS
965483,3/27/2020,CLT-PROCEDURAL OPERATIONS
965483,3/24/2020,CLT-ENFORCEMENT ACTIONS
965483,3/20/2020,"CLT-UNIFORMS, PERSONAL APPEARANCE AND EQUIPMENT"
965483,3/17/2020,CLT-OCCUPATIONAL-WORKPLACE SAFETY AND HEALTH
965483,3/12/2020,CLT-PROPERTY
965483,3/12/2020,FTS - TACTICAL TRAINING CENTER 047 PCT - SESSION 2
965483,3/11/2020,CLT-DOCUMENTATION AND FORMS
965483,3/4/2020,CLT-PROCEDURAL OPERATIONS
965483,3/3/2020,CLT-PROCEDURAL OPERATIONS
965483,2/25/2020,CLT-PROCEDURAL OPERATIONS
965483,2/23/2020,UTILIZING BALLISTIC PROTECTION IN DEPARTMENT VEHICLES (4:09)
965483,2/19/2020,CLT-PROCEDURAL OPERATIONS
965483,2/12/2020,CRIMINAL JUSTICE BUREAU - GIGLIO MATERIAL DISCLOSURES UNDER THE NEW DISCOVERY LAWS
965483,2/12/2020,CROSSFIRE MITIGATION DURING CLOSE COMBAT INCIDENTS - PART 2
965483,2/12/2020,INVESTIGATIVE ENCOUNTERS-VIDEO #2 COMMON LAW RIGHT OF INQUIRY-UNIT TRAINING MAY 2016
965483,2/12/2020,PROCESSING DISCOVERY MATERIAL IN THE FORMS ARREST FOLDER
965483,2/6/2020,CLT-PROPERTY
965483,1/20/2020,2019-20 IN-SERVICE CYCLE - CRITICAL INCIDENT TACTICS AND DEVELOPING EFFECTIVE LEADERSHIP SKILLS
965483,12/27/2019,FTS - TACTICAL TRAINING CENTER 047 PCT - SESSION 2
965483,12/16/2019,ADVANCED EXPLOSIVE TRACE DETECTION COURSE
965483,12/11/2019,ACTIVITY LOG FOR IPHONE
965483,12/11/2019,CROSSFIRE MITIGATION DURING CLOSE COMBAT INCIDENTS
965483,12/6/2019,FTS - TACTICAL TRAINING CENTER 047 PCT - SESSION 1
965483,12/3/2019,CJB - DESK APPEARANCE TICKETS: THE NEW LAWS AND GUIDELINES FOR PROCESSING DATS
965483,12/3/2019,CJB - OVERVIEW OF THE NEW DISCOVERY LAWS
965483,12/3/2019,INCREASE OFFICER SAFETY DURING VEHICLE STOPS
965483,12/3/2019,RESPONDING TO COMMERCIAL ROBBERIES PART LL - MODULE 1 AND MODULE 2
965483,11/27/2019,CLT-INFORMATION TECHNOLOGY
965483,11/19/2019,DISCHARGING YOUR FIREARM AT A MOVING THREAT
965483,11/19/2019,NEW YEAR'S EVE TACTICAL AWARENESS
965483,11/7/2019,FTS - ANNUAL CEW RECERTIFICATION
965483,11/6/2019,CLT-INFORMATION TECHNOLOGY
965483,11/6/2019,SUCCESSFULLY DISARMING AN EMOTIONALLY DISTURBED PERSON
965483,10/19/2019,PRISONER ESCAPE WARNING SIGNS
965483,10/15/2019,CRIMINAL JUSTICE BUREAU - DNA TRAINING VIDEO
965483,10/15/2019,CRITICAL DECISION MAKING MODEL
965483,10/15/2019,FORCE POLICY UPDATE VIDEO
965483,10/15/2019,MARIJUANA POLICY UPDATE
965483,10/8/2019,CLT-DOCUMENTATION AND FORMS
965483,9/17/2019,CLT-DOCUMENTATION AND FORMS
965483,9/13/2019,"CPS INTERIOR PATROL OF HOUSING AUTHORITY BUILDINGS, PG 212-60 ROLL CALL VIDEO 1"
965483,9/13/2019,"CPS INTERIOR PATROL OF HOUSING AUTHORITY BUILDINGS, PG 212-60 ROLL CALL VIDEO 2"
965483,9/13/2019,CPS INTERIOR PATROL TRESPASS AFFIDAVIT PROGRAM (TAP) VIDEO 1
965483,9/13/2019,CPS INTERIOR PATROL TRESPASS AFFIDAVIT PROGRAM (TAP) VIDEO 2
965483,9/13/2019,DOMESTIC VIOLENCE EDUCATION AND COUNSELING
965483,9/13/2019,INVESTIGATIVE ENCOUNTERS-VIDEO #1 REQUEST FOR INFO-UNIT TRAINING FEB 2016
965483,9/13/2019,INVESTIGATIVE ENCOUNTERS-VIDEO #3 TERRY STOPS AND REASONABLE SUSPICION-UNIT TRAINING JUNE 2016
965483,9/13/2019,INVESTIGATIVE ENCOUNTERS-VIDEO #4 DOCUMENTATION AND SUPERVISION-UNIT TRAINING JULY 2016
965483,9/13/2019,SHIELD OF RESILIENCE TRAINING COURSE
965483,8/19/2019,COUNTERTERRORISM PERSONAL RADIATION DETECTION COURSE
965483,8/13/2019,CLT-ENFORCEMENT ACTIONS
965483,8/13/2019,CRITICAL INCIDENT TACTICS - RESPONDING TO COMMERCIAL ROBBERIES (EXTENDED VERSION)
965483,8/11/2019,RESPONDING TO COMMERCIAL ROBBERIES
965483,8/4/2019,CLT-DOCUMENTATION AND FORMS
965483,8/1/2019,CLT-INFORMATION TECHNOLOGY
965483,7/24/2019,DISCUSSION - BASED LEARNING MODULE # 1-3
965483,7/6/2019,RESPONDING TO PEOPLE IN CRISIS – MODULE 4: USING DEPARTMENT MOBILE DIGITAL DEVICES
965483,7/6/2019,TRANSIT BUREAU - SAFETY CONSIDERATIONS FOR PATROLLING THE NYC SUBWAY SYSTEM
965483,7/6/2019,TRANSIT BUREAU - SAFETY CONSIDERATIONS FOR PATROLLING THE NYC SUBWAY SYSTEM - PART 2
965483,7/6/2019,TRANSIT BUREAU - TIMELY RESUMPTION OF SERVICE IN NYC TRANSIT
965483,6/11/2019,SITE PROTECTION & DOCUMENT SCREENING TECHNIQUES
965483,6/8/2019,WORLDPRIDE NYC 2019
965483,6/6/2019,AWARENESS AND RESPONSE TO BIOLOGICAL INCIDENTS
965483,5/31/2019,COLLABORATIVE POLICING - MEDIATION REFERRAL PROGRAM FOR NON-CRIMINAL COMPLAINTS
965483,5/31/2019,COLLABORATIVE POLICING - THE DEAF AND HARD OF HEARING COMMUNITY
965483,5/16/2019,CLT-INFORMATION TECHNOLOGY
965483,5/16/2019,CLT-TACTICAL AWARENESS AND OFFICER SAFETY
965483,5/15/2019,COUNTERTERRORISM BUREAU ACTIVE SHOOTER SCHOOL INCIDENTS AWARENESS
965483,5/15/2019,COUNTERTERRORISM BUREAU NH15 TRAINING
965483,5/13/2019,CLT-PROCEDURAL OPERATIONS
965483,5/13/2019,CLT-TACTICAL AWARENESS AND OFFICER SAFETY
965483,5/2/2019,CLT-INFORMATION TECHNOLOGY
965483,5/2/2019,CLT-TACTICAL AWARENESS AND OFFICER SAFETY
965483,4/25/2019,FACILITIES MANAGEMENT DIVISION - MUNICIPAL SEPERATE STORM SEWER SYSTEM (MS4)
965483,4/24/2019,CLT-PROCEDURAL OPERATIONS
965483,4/24/2019,CLT-TACTICAL AWARENESS AND OFFICER SAFETY
965483,4/24/2019,CRIMINAL JUSTICE REFORM ACT ROLL CALL TRAINING PART 1
965483,4/24/2019,CRIMINAL JUSTICE REFORM ACT ROLL CALL TRAINING PART 2
965483,4/24/2019,LEGAL BUREAU - PERJURY TRAINING MODULE
965483,4/24/2019,PUBLIC CONTACT AND CONSENT TO SEARCH (RIGHT TO KNOW) - UNIT TRAINING AUGUST 2016
965483,4/24/2019,RESPONDING TO PEOPLE IN CRISIS - MODULES 2 AND 3: ACTIVE LISTENING PARTS 1 AND 2
965483,4/18/2019,"HME - HOMEMADE EXPLOSIVES: AWARENESS, RECOGNITION, AND RESPONSE"
965483,4/17/2019,CLT-DOCUMENTATION AND FORMS
965483,4/17/2019,CLT-ENFORCEMENT ACTIONS
965483,4/16/2019,CLT-ENFORCEMENT ACTIONS
965483,4/10/2019,CPS FAIR AND IMPARTIAL POLICING - ALL POS AND DETS
965483,4/9/2019,CLT-DOCUMENTATION AND FORMS
965483,4/9/2019,CLT-TACTICAL AWARENESS AND OFFICER SAFETY
965483,4/9/2019,SAFEGUARDING PRISONERS - OFFICER SAFETY GUIDELINES
965483,3/15/2019,FUNDAMENTALS OF AUTO THEFT INVESTIGATION
965483,2/22/2019,COLLABORATIVE POLICING - ELDER ABUSE
965483,2/22/2019,EQUAL EMPLOYMENT OPPORTUNITY TRANSGENDER DIVERSITY AND INCLUSION:EXECUTIVE ORDER 16
965483,2/22/2019,NEW PERFORMANCE EVALUATION PROCESS
965483,2/22/2019,PATROL- POLYCARBONATE SHIELD
965483,2/22/2019,POLICE COMMISSIONERS MESSAGE - VICTIMS OF SEXUAL ASSAULT VIDEO
965483,2/22/2019,TACTICAL AWARENESS-SMARTPHONE SAFETY
965483,2/12/2019,NARCAN NASAL SPRAY TRAINING
965483,2/12/2019,RESPONDING TO PEOPLE IN CRISIS - MODULE 1: SENDING THE RIGHT SIGNALS
965483,2/12/2019,"SUPPORT SERVICES DIVISION - CLASS ""C"" OPERATOR"
965483,1/24/2019,PATROL DOOR BAG - ROPE AND WEDGE INTRODUCTION
965483,1/24/2019,TEXT TO 911 - INTRODUCTION
965483,1/11/2019,EQUAL EMPLOYMENT OPPORTUNITYTRAINING - SEXUAL HARASSMENT AWARENESS AND PREVENTION
965483,1/10/2019,CLT-TACTICAL AWARENESS AND OFFICER SAFETY
965483,12/24/2018,CLT-PROCEDURAL OPERATIONS
965483,12/24/2018,CLT-TACTICAL AWARENESS AND OFFICER SAFETY
965483,12/23/2018,CLT-LEGAL ISSUES
965483,12/23/2018,CLT-PROCEDURAL OPERATIONS
965483,12/11/2018,CLT-DOCUMENTATION AND FORMS
965483,12/9/2018,MARIJUANA BURNING ENFORCEMENT POLICY
965483,12/8/2018,AMERICANS WITH DISABILITIES ACT (ADA)
965483,11/26/2018,CLT-ENFORCEMENT ACTIONS
965483,11/26/2018,"CLT-UNIFORMS, PERSONAL APPEARANCE AND EQUIPMENT"
965483,11/20/2018,"CLT-UNIFORMS, PERSONAL APPEARANCE AND EQUIPMENT"
965483,10/31/2018,RESPONDING TO PEOPLE IN CRISIS-INTRODUCTION TO CIT VIDEO SERIES
965483,10/17/2018,CLT-LEGAL ISSUES
965483,10/16/2018,CLT-DOCUMENTATION AND FORMS
965483,10/16/2018,CLT-LEGAL ISSUES
965483,10/3/2018,NYC RIGHT TO KNOW ACT LEGISLATION - PART 2
965483,10/3/2018,NYC RIGHT TO KNOW ACT LEGISLATION – PART 1
965483,9/20/2018,CLT-ENFORCEMENT ACTIONS
965483,9/20/2018,CLT-LEGAL ISSUES
965483,9/17/2018,BTK (BELT TRAUMA KIT DISTRIBUTION AND FAMILIARIZATION)
965483,9/11/2018,CLT-ENFORCEMENT ACTIONS
965483,9/11/2018,CLT-LEGAL ISSUES
965483,9/11/2018,RAISE THE AGE
965483,9/6/2018,CLT-ENFORCEMENT ACTIONS
965483,9/6/2018,CLT-LEGAL ISSUES
965483,9/2/2018,CLT-ENFORCEMENT ACTIONS
965483,8/28/2018,2017-2019 IN-SERVICE CYCLE-INTEGRATED TACTICS
965483,8/17/2018,CPS BODY-WORN CAMERA TRAINING WITH SCENARIOS
965483,8/11/2018,COLLABORATIVE POLICING- ACCESSING TELEPHONIC INTERPRETERS VIA LANGUAGE LINE
965483,8/11/2018,COLLABORATIVE POLICING- FOREIGN LANGUAGE CERTIFICATION VIDEO
965483,7/2/2018,BTK (BELT TRAUMA KIT DISTRIBUTION AND FAMILIARIZATION)
965483,6/25/2018,POLICE ACADEMY RECRUIT 3RD TRIMESTER EXAM
965483,6/22/2018,PTTD WATER SAFETY
965483,6/22/2018,RECRUIT RAPID DEPLOYMENT-ACTIVE SHOOTER
965483,6/19/2018,PTTD DEFENSIVE TACTICS REVIEW WRITTEN EXAM
965483,6/8/2018,RECRUIT 12 PASSENGER VAN / UTILITY VEHICLE QUALIFICATION
965483,6/8/2018,RECRUIT RMP QUALIFICATION / RMP OPERATOR QUALIFIED
965483,6/8/2018,WHEELCHAIR LIFT OPERATION ENDORSEMENT
965483,6/1/2018,CLT-SPECIAL POPULATIONS
965483,6/1/2018,HIGHWAY DRUG IMPAIRED DRIVING COURSE
965483,6/1/2018,HIGHWAY PRELIMINARY BREATH TEST INSTRUMENT TRAINING - PBT
965483,6/1/2018,PTTD C.P.R. / A.E.D. WRITTEN EXAM
965483,5/25/2018,COMMUNICATIONS- THE PROPER USAGE OF THE IDA RADIO CODES
965483,5/8/2018,GROUND TACTICS
965483,5/8/2018,PTTD DEFENSIVE TACTICS PRACTICAL EXAM
965483,5/3/2018,PERSONNEL BUREAU NYPD EMPLOYEE ASSISTANCE UNIT (EAU)
965483,5/1/2018,PTTD EXPANDABLE BATON
965483,4/30/2018,POLICE ACADEMY RECRUIT 2ND TRIMESTER EXAM
965483,4/27/2018,POLICE ACADEMY RECRUIT JUSTIFICATION WRITTEN EXAM
965483,4/18/2018,RECRUIT QUIZ L.W. COURT APPEARANCES
965483,4/18/2018,RECRUIT QUIZ P.S. POLICE FIELD COMMUNICATIONS
965483,4/16/2018,PTTD WEAPONS DEFENSE
965483,4/13/2018,FTS - CEW END USER CERTIFICATION
965483,4/5/2018,VEHICLE STOP SOLUTIONS MODULE
965483,4/4/2018,P.A. RECRUIT NCIC/III EXAM
965483,4/4/2018,P.A. RECRUIT NYPD COMPUTER USE POLICY AND MONITORING NOTICE
965483,4/4/2018,RECRUIT TRAINING COMPUTER COURSE
965483,4/3/2018,BATON
965483,4/3/2018,RECRUIT QUIZ- COLLECTING AND PROCESSING EVIDENCE
965483,3/29/2018,FIREARMS 5 DAY TACTICAL APPLICATION V2
965483,3/22/2018,RECRUIT QUIZ- INTERROGATION AND IDENTIFICATION
965483,3/19/2018,LAW- USE OF FORCE QUIZ
965483,3/19/2018,POLICE SCIENCE- POLICING WITH INTEGRITY QUIZ
965483,3/14/2018,OFF DUTY PISTOL CERTIFIED
965483,3/14/2018,RECRUIT TACTICAL FIREARMS QUALIFICATION AND TRAINING OFF DUTY PISTOL CERTIFIED
965483,3/8/2018,FRISKING AND HANDCUFFING
965483,3/7/2018,LEGAL BUREAU PERFORMANCE METRICS - PROHIBITED CONDUCT
965483,3/5/2018,POLICE ACADEMY RECRUIT 1ST TRIMESTER EXAM
965483,3/2/2018,POLICE ACADEMY RECRUIT STOP QUESTION & FRISK WRITTEN EXAM
965483,2/28/2018,FIRST AID WRITEN EXAM
965483,2/27/2018,PTTD DEFENSIVE TACTICS PRACTICAL EXAM
965483,2/26/2018,POLICE ACADEMY RECRUIT 1ST TRIMESTER PRACTICE WRITTEN EXAM
965483,2/23/2018,POLICE SCIENCE- INVESTIGATION AND REPORT WRITING QUIZ
965483,2/22/2018,LAW- SEARCH AND SEIZURE QUIZ
965483,2/21/2018,PTTD CPR PRACTICAL EXAM
965483,2/20/2018,JOB STANDARDS TEST ATTEMPT #1
965483,2/16/2018,RECRUIT BASIC FIREARMS QUALIFICATION AND TRAINING
965483,2/9/2018,LAW- AUTHORITY TO ARREST QUIZ
965483,2/9/2018,POLICE SCIENCE- GENERAL REGULATIONS QUIZ
965483,2/2/2018,LAW- POLICING LEGALLY QUIZ
965483,2/2/2018,SOCIAL SCIENCE- COMMUNITY INTERACTION QUIZ
965483,2/2/2018,SOCIAL SCIENCE- POLICING A MULTICULTURAL SOCIETY QUIZ
965483,2/2/2018,SOCIAL SCIENCE- POLICING IMPARTIALLY QUIZ
965483,2/1/2018,SOCIAL SCIENCE- DISCRETION QUIZ
965483,2/1/2018,SOCIAL SCIENCE- POLICING PROFESSIONALLY QUIZ
965483,1/22/2018,EQUAL EMPLOYMENT OPPORTUNITY FOR NEW HIRES
965483,1/16/2018,POLICE ACADEMY RECRUIT PREREADING EXAM
965483,11/9/2015,EMERGENCY VEHICLE OPERATION JULY 07 - PRESENT
965483,11/9/2015,FIELD TRAINING PROGRAM JULY 07 - PRESENT
965483,11/9/2015,PHYSICAL EDUCATION PART 1: FOUNDATIONS OF PHYSICAL FITNESS
965483,11/9/2015,PHYSICAL EDUCATION PART 2: DEFENSIVE TACTICS JULY 07 - PRESENT
965483,11/9/2015,PHYSICAL EDUCATION PART 3: AMERICAN HEART ASSOCIATION BASIC LIFE SUPPORT
965483,11/9/2015,POLICE CRISIS INTERVENTION JULY 07 - PRESENT
965483,11/9/2015,POLICE FIELD PROBLEMS JULY 07 - PRESENT
965483,11/9/2015,POLICE INVESTIGATION AND REPORTING JULY 07 - PRESENT
965483,11/9/2015,POLICING A DEMOCRACY JULY 07 - PRESENT
965483,11/9/2015,POLICING SPECIAL POPULATIONS JULY 07 - PRESENT
965483,11/9/2015,PROCEDURAL LAW JULY 07 - PRESENT
965483,11/9/2015,SUBSTANTIVE LAW JULY 07 - PRESENT
965483,11/9/2015,TERRORISM AWARENESS AND RESPONSE JULY 07 - PRESENT
966820,10/10/2025,DETECTIVE BUREAU SPECIAL VICTIMS INVESTIGATORS COURSE
966820,8/28/2025,NYPD JOUVERT AND WEST INDIAN DAY-2025
966820,8/7/2025,FTS - TASER 7 ANNUAL RECERTIFICATION
966820,7/29/2025,PATROL TACTICS
966820,7/6/2025,SPECIAL VICTIMS UNIT - BEST PRACTICES GUIDE TRAINING
966820,7/3/2025,CLT-INFORMATION TECHNOLOGY
966820,6/28/2025,CLT-PROCEDURAL OPERATIONS
966820,6/26/2025,CLT-DOCUMENTATION AND FORMS
966820,6/26/2025,CLT-PROCEDURAL OPERATIONS
966820,6/24/2025,COUNTERTERRORISM BUREAU INITIAL PATROL RESPONSE FOR ACTIVE SHOOTER
966820,6/24/2025,DOMAIN AWARENESS SYSTEM - SEARCH ACCURINT RESULTS
966820,6/24/2025,EAU 2025 POLICE COMMISSIONER JESSICA S. TISCH
966820,6/24/2025,SQF REVIEW AND DOCUMENTATION: SQF MODULE 10
966820,6/23/2025,2025 BWC PROFICIENCY TRAINING
966820,6/20/2025,CLT-ENFORCEMENT ACTIONS
966820,6/20/2025,CLT-TACTICAL AWARENESS AND OFFICER SAFETY
966820,6/19/2025,CLT-PROCEDURAL OPERATIONS
966820,6/19/2025,CLT-TACTICAL AWARENESS AND OFFICER SAFETY
966820,6/18/2025,CLT-COMMUNITY ENGAGEMENT
966820,6/18/2025,CLT-PROCEDURAL OPERATIONS
966820,6/6/2025,CLT-ENFORCEMENT ACTIONS
966820,6/2/2025,CLT-OCCUPATIONAL-WORKPLACE SAFETY AND HEALTH
966820,5/31/2025,CLT-COMMUNITY ENGAGEMENT
966820,5/31/2025,CLT-PROCEDURAL OPERATIONS
966820,5/28/2025,CLT-PROCEDURAL OPERATIONS
966820,5/24/2025,CLT-ENFORCEMENT ACTIONS
966820,5/23/2025,CLT-COMMUNICATION STRATEGIES AND AIDS
966820,5/23/2025,CLT-COMMUNITY ENGAGEMENT
966820,5/23/2025,CLT-ENFORCEMENT ACTIONS
966820,5/21/2025,2025 EQUAL EMPLOYMENT OPPORTUNITY TRAINING - SEXUAL HARASSMENT AWARENESS AND PREVENTION
966820,5/21/2025,CLT-ENFORCEMENT ACTIONS
966820,5/20/2025,CLT-ENFORCEMENT ACTIONS
966820,5/20/2025,CLT-LEGAL ISSUES
966820,5/20/2025,CLT-PROCEDURAL OPERATIONS
966820,5/14/2025,CLT-ENFORCEMENT ACTIONS
966820,5/14/2025,CLT-PROCEDURAL OPERATIONS
966820,5/14/2025,CLT-TACTICAL AWARENESS AND OFFICER SAFETY
966820,5/9/2025,CLT-OCCUPATIONAL-WORKPLACE SAFETY AND HEALTH
966820,5/9/2025,CLT-PROCEDURAL OPERATIONS
966820,5/2/2025,CLT-ENFORCEMENT ACTIONS
966820,5/2/2025,CLT-OCCUPATIONAL-WORKPLACE SAFETY AND HEALTH
966820,4/30/2025,CLT-ENFORCEMENT ACTIONS
966820,4/25/2025,CLT-ENFORCEMENT ACTIONS
966820,4/12/2025,CLT-DOCUMENTATION AND FORMS
966820,4/12/2025,CLT-ENFORCEMENT ACTIONS
966820,4/12/2025,CLT-PROCEDURAL OPERATIONS
966820,4/9/2025,CLT - OATH VS. CRIMINAL COURT SUMMONS ROLL CALL TRAINING
966820,4/5/2025,CLT-ENFORCEMENT ACTIONS
966820,4/4/2025,CLT-DOCUMENTATION AND FORMS
966820,4/3/2025,CLT-TACTICAL AWARENESS AND OFFICER SAFETY
966820,4/2/2025,CLT-PROCEDURAL OPERATIONS
966820,3/30/2025,CLT-ENFORCEMENT ACTIONS
966820,3/29/2025,CLT-DOCUMENTATION AND FORMS
966820,3/28/2025,CLT-PROCEDURAL OPERATIONS
966820,3/27/2025,CLT-DOCUMENTATION AND FORMS
966820,3/26/2025,CLT-DOCUMENTATION AND FORMS
966820,3/24/2025,CLT-ENFORCEMENT ACTIONS
966820,3/22/2025,CLT-ENFORCEMENT ACTIONS
966820,3/21/2025,CLT-ENFORCEMENT ACTIONS
966820,3/17/2025,CLT-DOCUMENTATION AND FORMS
966820,3/15/2025,CLT-ENFORCEMENT ACTIONS
966820,3/14/2025,CLT-TACTICAL AWARENESS AND OFFICER SAFETY
966820,3/13/2025,"CLT-UNIFORMS, PERSONAL APPEARANCE AND EQUIPMENT"
966820,3/12/2025,CLT-DOCUMENTATION AND FORMS
966820,3/10/2025,CLT-COMMUNITY ENGAGEMENT
966820,3/8/2025,CLT-ENFORCEMENT ACTIONS
966820,3/6/2025,CLT-TACTICAL AWARENESS AND OFFICER SAFETY
966820,3/5/2025,CLT-DOCUMENTATION AND FORMS
966820,3/4/2025,CLT-INVESTIGATIONS
966820,3/4/2025,CLT-PROCEDURAL OPERATIONS
966820,2/27/2025,"CLT-UNIFORMS, PERSONAL APPEARANCE AND EQUIPMENT"
966820,2/26/2025,CLT-DOCUMENTATION AND FORMS
966820,2/22/2025,CLT-ENFORCEMENT ACTIONS
966820,2/21/2025,CLT-ENFORCEMENT ACTIONS
966820,2/20/2025,CLT-PROCEDURAL OPERATIONS
966820,2/19/2025,CLT-PROCEDURAL OPERATIONS
966820,2/18/2025,CLT-PROCEDURAL OPERATIONS
966820,2/14/2025,"CLT-UNIFORMS, PERSONAL APPEARANCE AND EQUIPMENT"
966820,2/13/2025,CLT-DOCUMENTATION AND FORMS
966820,2/12/2025,CLT-DOMESTIC VIOLENCE TRAINING
966820,2/12/2025,CLT-PROCEDURAL OPERATIONS
966820,2/8/2025,CLT-COMMUNITY ENGAGEMENT
966820,2/8/2025,CLT-PROCEDURAL OPERATIONS
966820,2/5/2025,CLT-DOMESTIC VIOLENCE TRAINING
966820,2/5/2025,CLT-PROCEDURAL OPERATIONS
966820,1/31/2025,CLT-PROCEDURAL OPERATIONS
966820,1/30/2025,CLT-DOMESTIC VIOLENCE TRAINING
966820,1/29/2025,CLT-ENFORCEMENT ACTIONS
966820,1/29/2025,SELF-DEFENSE AND GRAPPLING TACTICS TRAINING COURSE
966820,1/25/2025,CLT-PROCEDURAL OPERATIONS
966820,1/22/2025,2025 IDENTIFYING THE IMPAIRED DRIVER REFRESHER
966820,1/22/2025,ACTIVE SHOOTER - SCHOOL RESPONSE PROTOCOL
966820,1/22/2025,CELL BLOCK FIRESHIELD EV BLANKETS
966820,1/22/2025,CLT-DOMESTIC VIOLENCE TRAINING
966820,1/22/2025,INFORMATION SECURITY AWARENESS TRAINING 2024
966820,1/22/2025,KEVIN AND AVONTE SAFE HOME PROGRAM
966820,1/22/2025,MULTI-FACTOR AUTHENTICATION MFA TRAINING
966820,1/22/2025,NOTIFICATION OF ALLEGATIONS AND EMPLOYEE RIGHTS
966820,1/22/2025,RIGHT TO KNOW ACT SQF MODULE 9
966820,1/22/2025,VEHICLE PURSUITS
966820,1/18/2025,CLT-DOMESTIC VIOLENCE TRAINING
966820,1/18/2025,CLT-ENFORCEMENT ACTIONS
966820,1/18/2025,CLT-OCCUPATIONAL-WORKPLACE SAFETY AND HEALTH
966820,1/18/2025,CLT-PROCEDURAL OPERATIONS
966820,1/15/2025,CLT-DOMESTIC VIOLENCE TRAINING
966820,1/7/2025,CLT-OCCUPATIONAL-WORKPLACE SAFETY AND HEALTH
966820,1/1/2025,CLT-DOCUMENTATION AND FORMS
966820,1/1/2025,CLT-OCCUPATIONAL-WORKPLACE SAFETY AND HEALTH
966820,12/20/2024,NEIGHBORHOOD SAFETY TEAM 2-DAY REFRESHER COURSE
966820,12/3/2024,BEHAVIORAL HEALTH EMERGENCY ASSISTANCE RESPONSE DIVISION B-HEARD
966820,12/3/2024,CLT-DOMESTIC VIOLENCE TRAINING
966820,12/3/2024,CLT-LEGAL ISSUES
966820,12/2/2024,CLT-DOMESTIC VIOLENCE TRAINING
966820,11/20/2024,DRIVING WHILE INTOXICATED AWARENESS VIDEO MODULE 1
966820,11/20/2024,LEAVING THE SCENE COLLISIONS INVESTIGATIVE BEST PRACTICES
966820,11/9/2024,NORTHWELL DIRECT FINEST CARE PROGRAM FOR UMOS
966820,10/31/2024,CLT-DOCUMENTATION AND FORMS
966820,10/25/2024,CLT-DOCUMENTATION AND FORMS
966820,10/25/2024,CLT-DOMESTIC VIOLENCE TRAINING
966820,10/17/2024,CLT-DOMESTIC VIOLENCE TRAINING
966820,10/10/2024,FAMILY BUILDING
966820,10/4/2024,ADVANCED TACTICAL FIREARMS TRAINING COURSE
966820,10/2/2024,CLT-DOMESTIC VIOLENCE TRAINING
966820,9/20/2024,CLT-DOMESTIC VIOLENCE TRAINING
966820,9/17/2024,CLT-CRIME CONTROL STRATEGIES AND PROBLEM SOLVING
966820,9/17/2024,CLT-DOMESTIC VIOLENCE TRAINING
966820,9/16/2024,CLT-PROCEDURAL OPERATIONS
966820,9/12/2024,CLT-DOMESTIC VIOLENCE TRAINING
966820,8/30/2024,RACIAL PROFILING AND BIASED BASED POLICING: SQF MODULE 8
966820,8/27/2024,CLT-DOMESTIC VIOLENCE TRAINING
966820,8/26/2024,CLT-PROCEDURAL OPERATIONS
966820,8/20/2024,RAPE IS RAPE
966820,8/15/2024,CLT-PROCEDURAL OPERATIONS
966820,8/9/2024,APX NEXT PORTABLE AND RADIO DISCIPLINE TRAINING VIDEO
966820,8/9/2024,MENTAL HEALTH INVOLUNTARY REMOVALS MHL 9.41 AND MHL 9.58
966820,8/9/2024,UNMANNED AIRCRAFT SYSTEMS VISUAL OBSERVER
966820,8/1/2024,CLT-ENFORCEMENT ACTIONS
966820,7/30/2024,CLT-DOMESTIC VIOLENCE TRAINING
966820,7/29/2024,CLT-DOMESTIC VIOLENCE TRAINING
966820,7/22/2024,CRIMINAL INVESTIGATORS COURSE
966820,6/27/2024,CLT-DOCUMENTATION AND FORMS
966820,6/27/2024,LEVEL 1 AND LEVEL 2 INVESTIGATIVE ENCOUNTERS
966820,6/26/2024,DEMO CERTIFICATION 3
966820,6/13/2024,ACCURATE COMPLAINT REPORT CLASSIFICATION
966820,6/13/2024,ASSISTING SURVIVORS OF SEXUAL BASED VIOLENCE WITH ACCESS TO RESOURCES
966820,6/13/2024,TACTICS WHEN ENGAGING INDIVIDUALS IN A MENTAL HEALTH CRISIS
966820,6/12/2024,CLT-DOMESTIC VIOLENCE TRAINING
966820,6/10/2024,DRIVE SMART 2024
966820,6/7/2024,CLT-DOMESTIC VIOLENCE TRAINING
966820,6/7/2024,CLT-NIBRS ROLL CALL TRAINING
966820,5/30/2024,CLT-DOCUMENTATION AND FORMS
966820,5/30/2024,CLT-NIBRS ROLL CALL TRAINING
966820,5/22/2024,CLT-CRIME CONTROL STRATEGIES AND PROBLEM SOLVING
966820,5/17/2024,DEMO CERTIFICATION 3
966820,5/15/2024,CLT-CRIME CONTROL STRATEGIES AND PROBLEM SOLVING
966820,5/14/2024,CLT-ENFORCEMENT ACTIONS
966820,5/14/2024,CLT-INVESTIGATIONS
966820,5/6/2024,CLT-DOMESTIC VIOLENCE TRAINING
966820,5/3/2024,DEMO CERTIFICATION 3
966820,5/2/2024,CLT-PROPERTY
966820,4/30/2024,2024 EQUAL EMPLOYMENT OPPORTUNITY TRAINING - SEXUAL HARASSMENT AWARENESS AND PREVENTION
966820,4/30/2024,HOUSING BUREAU INTERIOR PATROL TACTICS
966820,4/26/2024,CLT-DOMESTIC VIOLENCE TRAINING
966820,4/19/2024,CLT-DOMESTIC VIOLENCE TRAINING
966820,4/19/2024,CLT-SPECIAL POPULATIONS
966820,4/11/2024,CLT-SPECIAL POPULATIONS
966820,4/10/2024,POLICING THE SUBWAY 2024
966820,4/8/2024,CLT-DOMESTIC VIOLENCE TRAINING
966820,3/29/2024,CLT-DOMESTIC VIOLENCE TRAINING
966820,3/29/2024,CLT-PROCEDURAL OPERATIONS
966820,3/27/2024,CLT-PROCEDURAL OPERATIONS
966820,3/25/2024,2024 VEHICLE SEIZURE FORM REFRESHER
966820,3/25/2024,EMPLOYEE ASSISTANCE UNIT (E.A.U.) IS HERE FOR YOU- 2024
966820,3/25/2024,NYCHA INTERIOR PATROL: SQF MODULE 7
966820,3/22/2024,FTS - CEW TASER 7 TRANSITION COURSE
966820,3/22/2024,FTS - TASER 7 HOLSTER DISTRIBUTION
966820,3/19/2024,CLT - OATH VS. CRIMINAL COURT SUMMONS ROLL CALL TRAINING
966820,3/13/2024,CLT-INFORMATION TECHNOLOGY
966820,3/1/2024,CLT-DOMESTIC VIOLENCE TRAINING
966820,3/1/2024,CLT-INFORMATION TECHNOLOGY
966820,2/26/2024,AUTISM SPECTRUM DISORDER
966820,2/23/2024,DEMO CERTIFICATION 3
966820,2/21/2024,INVESTIGATIVE ENCOUNTERS - STOP REPORT REFRESHER TRAINING
966820,2/16/2024,DEMO CERTIFICATION 3
966820,2/15/2024,CLT-CRIME CONTROL STRATEGIES AND PROBLEM SOLVING
966820,2/12/2024,CLT-DOMESTIC VIOLENCE TRAINING
966820,2/6/2024,"CLT-UNIFORMS, PERSONAL APPEARANCE AND EQUIPMENT"
966820,2/1/2024,CLT-PROCEDURAL OPERATIONS
966820,1/30/2024,"CLT-UNIFORMS, PERSONAL APPEARANCE AND EQUIPMENT"
966820,1/25/2024,CLT-PROCEDURAL OPERATIONS
966820,1/17/2024,CLT-TACTICAL AWARENESS AND OFFICER SAFETY
966820,1/11/2024,CLT-LEGAL ISSUES
966820,1/10/2024,CLT-LEGAL ISSUES
966820,1/9/2024,CLT-DOCUMENTATION AND FORMS
966820,1/4/2024,CLT-TACTICAL AWARENESS AND OFFICER SAFETY
966820,12/29/2023,CLT-DOCUMENTATION AND FORMS
966820,12/27/2023,CLT-DOCUMENTATION AND FORMS
966820,12/27/2023,INVESTIGATIVE ENCOUNTERS SUMMARY: SQF MODULE 6
966820,12/27/2023,LGBTQIA PLUS - DIVERSITY AND INCLUSION
966820,12/27/2023,OPIOID DANGERS- FENTANYL AND CARFENTANIL
966820,12/27/2023,"POSSESSION OR INGESTION OF ANABOLIC STEROIDS, HUMAN GROWTH HORMONE, AND NUTRITIONAL SUPPLEMENTS"
966820,12/21/2023,CLT-ENFORCEMENT ACTIONS
966820,12/20/2023,CLT-PROCEDURAL OPERATIONS
966820,12/14/2023,CLT-TACTICAL AWARENESS AND OFFICER SAFETY
966820,12/7/2023,CLT-PROCEDURAL OPERATIONS
966820,12/4/2023,"HME - HOMEMADE EXPLOSIVES: AWARENESS, RECOGNITION, AND RESPONSE"
966820,11/30/2023,CLT-TACTICAL AWARENESS AND OFFICER SAFETY
966820,11/29/2023,AUGMENTED REALITY FEATURE
966820,11/29/2023,CLT-PROCEDURAL OPERATIONS
966820,11/29/2023,DEMO CERTIFICATION 3
966820,11/20/2023,CLT-ENFORCEMENT ACTIONS
966820,11/15/2023,CLT-PROCEDURAL OPERATIONS
966820,11/15/2023,ELDER ABUSE -2023 REFRESHER
966820,11/15/2023,INVESTIGATIVE ENCOUNTERS 2023: MODULE 5 SQF LEVELS 3 AND 4
966820,11/15/2023,NYPD RECRUITMENT TRAINING VIDEO
966820,11/10/2023,CLT-PROCEDURAL OPERATIONS
966820,11/8/2023,CLT-TACTICAL AWARENESS AND OFFICER SAFETY
966820,10/19/2023,DEMO CERTIFICATION 3
966820,10/5/2023,CLT-INFORMATION TECHNOLOGY
966820,10/4/2023,DEMO CERTIFICATION 3
966820,10/4/2023,EFFECTIVE COMMUNICATION SKILLS - DEAF OR HARD OF HEARING
966820,10/4/2023,INFORMATION SECURITY AWARENESS TRAINING - 2023
966820,10/4/2023,VEHICLE MOUNTED VIDEO SYSTEM
966820,9/27/2023,CLT-COMMUNITY ENGAGEMENT
966820,9/27/2023,CLT-CRIME CONTROL STRATEGIES AND PROBLEM SOLVING
966820,9/15/2023,CLT-CRIME CONTROL STRATEGIES AND PROBLEM SOLVING
966820,9/13/2023,DEMO CERTIFICATION 3
966820,9/11/2023,DEMO CERTIFICATION 3
966820,9/8/2023,CLT-DOCUMENTATION AND FORMS
966820,9/8/2023,DEMO CERTIFICATION 3
966820,9/5/2023,NYPD JOUVERT AND WEST INDIAN DAY-2023
966820,8/23/2023,DEMO CERTIFICATION 3
966820,8/21/2023,DEMO CERTIFICATION 3
966820,8/17/2023,CLT-PROCEDURAL OPERATIONS
966820,8/11/2023,CLT-VOLUNTARY - INVOLUNTARY TRANSPORTS
966820,8/8/2023,2023 SUMMER ALL-OUT BODY WORN CAMERA TRAINING
966820,8/8/2023,TRAFFIC COURT TESTIMONY VIDEO
966820,8/8/2023,UNMANNED AIRCRAFT PERMIT: DRONES FOR PUBLIC USE
966820,8/2/2023,DEMO CERTIFICATION 3
966820,6/29/2023,DEMO CERTIFICATION 3
966820,6/20/2023,DEMO CERTIFICATION 3
966820,6/15/2023,DEMO CERTIFICATION 3
966820,6/14/2023,DEMO CERTIFICATION 3
966820,6/7/2023,DEMO CERTIFICATION 3
966820,6/2/2023,CLT-ENFORCEMENT ACTIONS
966820,6/1/2023,"INVESTIGATIVE ENCOUNTERS 2023: MODULE 4 SQF LEVELS 2, 3 AND 4"
966820,5/31/2023,CLT-ENFORCEMENT ACTIONS
966820,5/26/2023,CLT-PROCEDURAL OPERATIONS
966820,5/19/2023,CLT-PROCEDURAL OPERATIONS
966820,5/12/2023,CLT-PROFESSIONAL DEVELOPMENT
966820,5/10/2023,CLT-PARK SMART ROLLCALL PRESENTATION
966820,5/10/2023,CLT-PROCEDURAL OPERATIONS
966820,5/9/2023,2023 EQUAL EMPLOYMENT OPPORTUNITY TRAINING-SEXUAL HARASSMENT AWARENESS AND PREVENTION
966820,5/9/2023,2023 LANGUAGE MATTERS - FOSTERING A POSITIVE WORK ENVIRONMENT
966820,5/9/2023,CLT-TACTICAL AWARENESS AND OFFICER SAFETY
966820,5/9/2023,ESPER POLICY LIBRARY
966820,5/9/2023,INVESTIGATIVE ENCOUNTERS 2023: MODULE 3 SQF LEVEL 2
966820,5/4/2023,CLT-TACTICAL AWARENESS AND OFFICER SAFETY
966820,4/21/2023,ADVANCED TACTICAL FIREARMS TRAINING COURSE
966820,4/21/2023,FTS - ANNUAL CEW RECERTIFICATION
966820,4/19/2023,CLT-PROCEDURAL OPERATIONS
966820,4/6/2023,CLT-DOCUMENTATION AND FORMS
966820,3/31/2023,CLT-PROCEDURAL OPERATIONS
966820,3/27/2023,CLT-DOCUMENTATION AND FORMS
966820,3/27/2023,CLT-ENFORCEMENT ACTIONS
966820,3/23/2023,CLT-PROCEDURAL OPERATIONS
966820,3/17/2023,CLT-DOCUMENTATION AND FORMS
966820,3/16/2023,CLT-DOCUMENTATION AND FORMS
966820,3/10/2023,CLT-LEGAL ISSUES
966820,3/3/2023,CLT-DOCUMENTATION AND FORMS
966820,2/24/2023,CLT-PROFESSIONAL DEVELOPMENT
966820,2/23/2023,CLT-TACTICAL AWARENESS AND OFFICER SAFETY
966820,2/22/2023,INFORMATION SECURITY CRIMINAL JUSTICE TRAINING 2023
966820,2/17/2023,CLT-SPECIAL POPULATIONS
966820,2/9/2023,CLT-PROFESSIONAL DEVELOPMENT
966820,2/9/2023,CLT-TACTICAL AWARENESS AND OFFICER SAFETY
966820,2/1/2023,CLT-PROFESSIONAL DEVELOPMENT
966820,2/1/2023,NYPD-U VOLUNTARY - INVOLUNTARY TRANSPORTS
966820,1/31/2023,CLT- RESPONDING TO COMMERCIAL ROBBERIES 2023
966820,1/20/2023,INVESTIGATIVE ENCOUNTERS 2023 - MODULE 1 INTRODUCTION TO SQF
966820,1/20/2023,INVESTIGATIVE ENCOUNTERS 2023: MODULE 2 SQF LEVEL 1
966820,1/20/2023,RAISING THE LOWER AGE OF JUVENILE DELINQUENCY
966820,1/19/2023,CLT-CRIME CONTROL STRATEGIES AND PROBLEM SOLVING
966820,1/10/2023,CLT-DOCUMENTATION AND FORMS
966820,1/10/2023,CLT-PROCEDURAL OPERATIONS
966820,1/10/2023,CLT-VOLUNTARY - INVOLUNTARY TRANSPORTS
966820,1/6/2023,CLT-PROCEDURAL OPERATIONS
966820,1/6/2023,CLT-TACTICAL AWARENESS AND OFFICER SAFETY
966820,1/5/2023,CLT-PROCEDURAL OPERATIONS
966820,1/5/2023,DEMO CERTIFICATION 3
966820,1/4/2023,DEMO CERTIFICATION 3
966820,1/2/2023,CLT-VOLUNTARY - INVOLUNTARY TRANSPORTS
966820,12/23/2022,CLT-VOLUNTARY - INVOLUNTARY TRANSPORTS
966820,12/8/2022,CLT-PROCEDURAL OPERATIONS
966820,12/5/2022,VIDEO 1 - PATROLLING THE NYC SUBWAY SYSTEM 2022
966820,12/5/2022,VIDEO 2 -TACTICAL CONSIDERATIONS FOR TRANSIT PATROL 2022 (PART 1)
966820,12/5/2022,VIDEO 3 - TACTICAL CONSIDERATIONS FOR TRANSIT PATROL 2022 (PART 2)
966820,12/5/2022,VIDEO 4 - PLATFORM SAFETY 2022
966820,12/2/2022,CLT-PROCEDURAL OPERATIONS
966820,11/17/2022,CLT-INFORMATION TECHNOLOGY
966820,11/11/2022,CLT-PROCEDURAL OPERATIONS
966820,11/8/2022,LGBTQIA PLUS AWARENESS
